42 43 44 47 49 44 43 45 44 43 45 42 47 53 45 44 48 43 43 43 43 43 44 42 45 47 44
43 45 42 44 46 45 44 44 44 46 46 43 51 47 46 47 44 43 44 44 43 44 48 43 44 44 42
43 42 44 43 44 44 44 44 42 44 51 50 53 54 51 57 48 44 43 47 45 42 44 41 43 48 44
48 43 44 44 43 44 46 44 45 43 49 66 64 69 64 58 50 44 46 44 45 44 44 44 44 41 43
48 43 44 44 43 44 46 45 46 47 54 66 78 179 84 59 49 46 46 42 45 44 44 45 43 43 47
46 52 48 50 51 52 62 68 69 70 72 94 439 2009 127 86 78 63 52 51 53 54 51 47 46 45 46
44 40 43 45 45 45 48 48 50 51 53 66 166 381 127 62 53 48 46 52 47 46 46 45 44 45 44
45 45 43 44 46 43 45 43 44 44 45 54 75 73 90 66 49 75 47 47 45 43 44 42 44 44 44
43 44 44 42 44 44 45 45 44 44 44 47 67 73 77 71 49 48 47 45 43 44 43 43 50 44 42
43 42 44 42 44 44 44 45 43 44 48 46 51 53 105 85 52 46 44 45 44 42 44 41 43 47 44
43 44 43 44 44 44 47 45 44 44 44 44 48 48 115 96 50 45 45 46 45 42 43 43 43 44 41
43 42 44 45 45 46 45 43 44 44 44 45 43 48 112 101 55 49 44 42 44 42 43 44 42 44 50
43 43 44 43 44 44 45 44 46 50 45 45 46 47 122 110 77 51 46 42 44 43 44 44 41 43 49
43 43 47 43 44 44 44 46 50 46 46 46 46 55 129 121 106 52 49 44 43 44 43 43 44 42 44
43 43 45 45 46 45 47 47 48 49 47 46 50 69 165 155 168 74 44 44 50 44 44 44 42 43 44
43 44 44 45 44 46 53 50 51 51 48 49 52 116 168 184 234 116 53 40 46 50 44 45 44 42 45
42 45 44 45 46 46 50 51 51 52 51 50 53 141 168 176 264 171 52 43 46 49 45 43 44 46 46
43 44 45 45 47 46 50 56 52 52 51 50 54 113 190 219 280 159 49 47 42 45 50 44 43 44 43
43 43 44 44 45 46 45 49 55 50 49 48 50 71 163 181 192 102 51 48 46 43 45 44 43 44 44
44 48 46 43 45 43 46 47 47 48 49 46 49 57 127 149 115 84 48 45 50 44 43 44 42 43 44
43 44 49 44 44 44 44 46 46 46 47 47 47 53 103 125 106 63 47 44 48 44 43 43 42 42 45
44 42 44 43 44 44 45 46 47 46 48 46 45 56 96 113 89 57 49 45 44 43 45 43 43 46 44
48 44 43 44 43 44 46 45 47 46 46 49 48 54 104 113 92 66 52 44 44 45 44 43 46 44 44
47 44 45 44 43 44 46 46 48 49 47 49 51 65 117 124 91 62 50 42 44 45 44 44 44 43 46
43 49 45 45 46 45 47 49 49 53 52 49 57 75 146 151 119 76 50 45 46 44 45 47 43 44 44
44 40 44 50 46 46 49 50 53 68 56 51 59 109 142 142 129 89 57 46 43 45 49 44 44 44 42
43 46 42 45 51 46 51 54 67 74 67 51 63 109 131 161 131 91 53 47 46 46 45 44 44 44 44
46 51 46 47 49 48 61 71 110 102 92 64 82 136 175 209 166 137 65 47 46 47 46 44 44 42 44
43 47 53 47 49 50 57 87 94 124 85 58 71 142 151 179 125 117 70 49 48 46 46 44 44 44 44
42 45 50 46 47 48 67 64 86 93 72 60 58 126 95 116 94 95 64 47 48 44 44 43 42 44 42
46 44 47 52 50 55 77 111 112 122 123 97 71 106 128 164 116 102 70 50 48 48 46 45 41 44 44
52 50 50 53 56 62 84 138 156 159 145 122 109 180 153 183 144 99 72 55 51 54 49 44 44 44 44
47 46 49 54 53 58 90 127 145 167 147 154 138 166 166 145 129 102 70 56 51 52 52 45 43 44 44
49 50 50 54 53 59 87 160 141 189 152 193 147 141 171 141 113 100 72 52 51 51 49 45 45 44 48
49 50 49 53 52 63 108 162 132 163 134 222 166 173 156 138 113 91 69 46 52 58 49 47 44 43 45
46 48 49 51 53 65 99 117 134 144 141 136 155 155 125 106 110 76 58 50 51 53 48 45 44 44 46
45 47 48 49 52 72 97 115 122 98 113 121 105 125 114 115 81 63 51 48 46 48 50 45 43 44 59
46 45 47 49 55 60 101 91 105 110 84 103 93 106 104 98 87 69 51 49 49 46 46 44 43 45 57
46 49 47 46 50 56 72 93 100 100 84 100 92 82 81 84 67 58 50 47 51 47 45 45 43 44 47
45 46 51 52 48 61 77 102 114 93 75 77 77 74 76 71 61 53 51 47 50 47 47 48 45 43 46
47 46 47 49 51 65 89 120 147 116 88 80 87 89 79 75 68 57 50 47 49 46 50 54 49 45 45
50 50 46 49 50 56 84 120 147 116 106 84 98 104 81 77 70 56 52 45 50 49 73 103 45 43 45
47 49 46 50 52 56 85 118 159 130 126 97 119 122 93 85 71 57 54 48 51 66 142 77 49 44 44
48 49 49 49 53 58 83 134 150 150 141 134 146 129 93 84 69 54 53 50 58 107 165 57 44 44 45
48 44 49 55 53 58 81 126 140 149 137 147 157 132 109 93 70 55 52 53 74 163 132 46 44 44 43
50 50 45 53 60 63 92 136 161 165 140 190 187 156 134 104 74 58 56 62 134 264 86 46 49 45 45
50 54 51 53 58 66 100 143 177 160 157 176 187 159 137 105 73 58 58 74 147 243 63 45 45 45 45
48 52 56 56 63 81 122 176 176 153 164 176 199 168 124 108 80 60 61 95 128 99 52 46 46 44 43
52 52 53 60 67 114 156 198 200 178 166 160 184 150 103 98 79 61 66 98 136 72 52 48 45 43 45
51 53 53 60 84 150 176 185 166 157 139 144 177 138 102 103 90 71 80 136 148 56 51 48 45 44 44
56 55 58 74 106 181 260 239 178 168 126 156 169 136 135 119 106 87 104 160 124 57 52 47 45 45 48
65 65 67 150 181 267 469 328 237 185 136 158 157 143 161 133 118 105 125 137 101 59 53 48 45 46 46
67 68 73 145 220 312 498 347 244 169 133 154 155 134 141 129 124 117 140 150 76 59 54 47 46 49 47
63 60 79 168 179 190 213 196 132 122 109 122 110 112 97 113 109 117 106 100 61 54 49 44 44 44 45
59 57 83 175 142 97 101 100 94 91 89 92 81 79 75 82 94 81 91 59 59 49 47 43 43 44 44
53 86 110 132 114 98 76 74 73 66 71 69 63 65 63 72 74 63 57 48 49 46 47 44 42 43 44
96 152 139 143 143 106 77 77 81 77 72 68 62 60 57 64 55 56 49 48 48 44 45 44 43 44 42
133 245 122 117 97 74 72 70 69 74 71 64 57 55 54 57 50 49 51 47 48 45 43 44 43 43 45
133 227 135 109 100 79 85 85 81 76 68 69 64 55 56 54 49 50 52 47 48 46 44 44 43 43 44
246 146 148 138 134 114 131 119 113 93 85 78 65 60 62 59 60 57 52 49 51 45 46 49 44 44 44
161 154 177 171 153 159 157 143 130 103 97 87 73 66 64 65 64 71 57 52 52 50 47 48 44 42 44
169 174 184 161 180 161 186 151 131 100 94 97 77 66 69 71 65 80 66 58 54 50 46 45 48 44 44
167 146 173 148 124 119 134 127 112 90 81 92 66 61 66 70 63 72 59 55 53 52 47 43 44 44 44
158 129 105 94 99 108 98 96 70 71 60 74 64 59 57 59 55 56 50 51 49 48 49 44 42 44 43
