41 42 44 45 42 44 48 44 44 43 42 43 44 43 45 45 40 43 48 43 44 44 42 43 44 43 44
43 42 46 45 44 44 44 47 46 43 44 45 44 43 46 46 43 45 44 42 44 44 43 44 42 43 50
43 42 46 45 47 53 55 75 57 43 44 45 46 52 67 60 49 46 40 44 50 45 45 44 43 44 45
44 46 47 49 46 55 80 211 308 55 54 54 56 204 111 95 59 51 48 50 51 47 45 45 44 44 46
43 45 49 50 47 52 87 137 246 66 50 50 62 139 103 104 64 51 47 42 47 53 46 44 44 42 44
45 44 45 44 48 52 67 115 100 52 55 46 47 72 95 74 59 49 50 46 45 45 44 44 45 44 44
48 45 43 44 44 48 56 55 52 43 46 50 45 46 55 63 50 44 47 50 45 44 44 43 43 44 44
44 46 44 49 45 47 51 49 46 44 47 46 46 47 51 78 64 47 47 46 45 44 44 43 42 44 45
43 44 47 44 45 47 64 62 46 46 46 48 47 47 60 108 67 50 57 44 44 45 44 44 50 44 43
42 46 50 43 52 65 119 66 46 47 51 46 46 48 56 88 85 52 56 45 45 48 45 44 42 44 47
43 44 46 52 47 83 146 108 54 49 50 47 48 48 54 92 101 74 49 55 48 44 45 45 44 46 44
48 45 51 46 52 80 134 100 58 51 50 51 50 51 57 103 232 89 68 46 47 46 45 44 46 44 42
43 46 51 45 56 124 142 105 56 49 50 49 50 61 71 108 106 98 56 43 47 53 45 44 44 42 43
43 47 46 51 57 136 156 100 60 53 50 50 52 58 110 92 108 143 58 49 44 47 47 44 44 44 45
48 51 46 49 65 167 174 110 75 54 51 56 53 60 68 98 138 177 93 44 46 46 46 45 42 44 48
44 51 51 47 81 173 191 140 89 60 52 54 57 58 72 105 169 180 99 57 46 47 46 46 44 45 46
46 43 54 54 74 190 167 106 76 57 52 52 50 55 64 96 147 166 99 56 45 47 47 44 46 43 45
42 49 52 46 63 112 117 76 58 51 50 47 49 55 54 70 112 127 85 48 48 43 45 43 43 50 42
42 47 45 46 53 78 72 58 52 47 46 46 46 44 48 57 67 77 70 44 47 45 46 42 43 52 47
42 47 52 45 52 61 59 65 54 47 46 44 45 46 44 51 59 81 76 44 44 48 44 44 41 45 50
46 44 51 47 47 91 90 69 53 55 48 46 47 46 49 59 76 100 98 45 45 47 44 46 44 44 49
45 47 46 60 47 90 85 104 72 68 50 49 49 51 59 87 103 106 98 48 51 46 46 44 44 45 46
44 52 47 57 54 116 127 108 96 69 61 55 53 58 72 122 114 176 124 55 49 47 46 46 43 48 51
48 48 55 49 59 139 164 138 142 99 75 66 63 71 126 158 128 144 118 68 50 51 51 46 46 44 45
44 52 61 55 83 180 226 196 194 163 126 81 75 100 170 167 171 152 140 78 51 53 50 57 46 44 46
45 50 58 52 75 175 175 178 189 128 139 79 87 119 172 193 187 151 159 89 54 52 51 45 46 46 44
46 49 56 50 72 170 160 153 157 119 106 72 89 139 141 174 186 129 142 87 56 53 54 45 44 46 43
50 61 62 67 89 171 217 229 204 236 171 135 142 216 218 244 230 209 160 101 89 88 97 47 46 50 45
46 80 124 94 94 157 245 233 232 211 166 128 142 192 231 241 180 172 121 81 58 61 71 54 46 46 46
56 97 90 58 75 136 219 197 177 172 137 117 132 189 156 186 161 158 101 74 58 54 54 51 45 46 46
60 74 66 77 70 145 161 248 160 181 193 169 166 216 165 215 168 160 110 71 58 61 71 52 45 46 45
50 138 94 78 68 96 156 244 214 199 214 191 182 256 210 224 156 136 111 63 64 75 92 48 45 46 46
57 128 73 62 61 78 153 222 185 216 186 200 193 253 197 180 137 124 97 58 65 85 110 53 46 49 47
58 51 70 62 58 71 129 181 208 176 174 197 211 204 196 158 124 109 81 58 52 74 69 48 47 46 45
50 66 59 56 60 76 117 181 134 171 173 169 192 199 171 149 113 99 84 62 53 63 69 54 45 50 46
46 53 61 51 63 87 133 152 129 168 143 124 148 170 138 115 101 98 66 58 59 62 74 51 46 49 56
44 50 55 51 51 73 85 130 117 100 101 99 88 128 98 101 86 74 63 49 49 53 51 45 44 45 47
47 99 122 52 55 98 137 101 98 85 82 81 66 93 81 82 74 72 57 48 49 49 64 46 44 47 61
44 60 63 51 58 58 74 106 100 93 81 70 61 71 64 67 65 52 53 48 48 53 90 53 45 47 46
53 52 64 55 55 56 84 152 106 104 75 83 97 93 90 80 94 60 53 50 50 55 68 58 49 50 50
49 50 63 52 52 59 96 175 121 106 77 74 75 78 86 80 76 59 48 50 57 75 77 60 48 52 58
46 68 71 63 52 67 95 139 120 99 87 73 76 83 73 75 67 62 54 48 50 57 60 48 45 50 47
45 125 114 66 62 70 116 159 158 136 124 94 101 108 93 89 77 69 55 51 53 59 56 47 46 45 46
47 75 89 59 51 61 89 122 111 116 100 93 93 94 79 83 85 64 53 48 53 82 79 51 45 42 45
55 64 168 93 56 65 76 103 100 116 108 100 103 100 93 85 79 69 52 50 61 145 124 47 46 46 42
47 67 218 140 66 76 93 163 183 187 177 212 188 166 151 144 128 80 60 57 76 221 173 55 47 49 46
44 62 154 132 59 61 79 125 126 126 127 142 144 125 124 115 102 66 56 52 83 213 133 48 45 46 45
47 50 94 120 71 62 79 147 136 122 148 145 164 155 145 149 121 76 55 56 111 171 90 47 45 46 45
50 54 85 142 94 63 94 143 164 143 172 151 179 158 121 133 113 84 57 73 163 145 57 51 45 46 46
47 60 70 100 105 65 109 139 153 150 165 160 195 163 129 138 126 97 62 106 180 136 56 50 46 45 46
48 52 61 103 132 75 128 159 167 160 155 177 204 156 148 147 140 108 72 138 142 88 55 45 45 47 46
48 49 61 131 147 100 174 189 189 168 153 182 193 160 150 163 132 120 84 134 118 65 55 50 45 46 46
47 53 62 102 134 119 206 249 236 180 156 181 204 162 159 187 148 133 108 130 106 63 59 47 45 47 47
47 57 60 71 114 152 186 232 223 184 157 168 162 163 144 178 136 121 98 103 84 59 55 46 44 47 50
46 55 56 56 79 143 163 192 198 179 157 149 130 135 121 141 125 111 83 80 57 56 53 45 46 49 46
44 58 56 52 64 90 127 140 148 140 123 127 104 106 109 126 106 85 65 57 52 53 49 45 46 44 46
45 51 52 50 56 71 79 100 109 104 92 103 85 86 86 89 77 66 52 50 50 48 48 47 44 45 46
45 48 52 54 53 61 71 99 109 115 103 124 92 94 86 86 72 60 52 48 50 51 48 45 44 47 47
49 45 51 52 53 59 63 76 88 98 93 105 90 91 88 78 65 57 52 49 52 53 46 44 49 45 46
62 44 53 61 58 52 63 66 74 85 79 95 82 77 71 66 61 60 58 49 53 54 47 45 44 44 46
53 46 56 67 59 52 63 61 72 74 76 86 76 68 64 66 61 68 63 51 54 61 49 45 44 44 47
45 54 61 67 66 54 65 62 71 71 77 84 75 64 65 76 62 80 69 59 59 65 57 43 45 44 55
43 51 63 65 55 53 63 58 66 63 68 88 67 59 64 68 63 66 58 55 58 68 57 44 44 44 55
44 49 56 53 52 51 54 51 57 62 60 75 59 53 56 58 54 57 52 49 56 64 53 45 43 46 54
