44 42 46 50 50 46 44 43 43 43 44 47 42 43 48 43 43 44 44 43 44 42 43 44 42 44 48
43 42 53 54 57 46 44 44 48 44 44 46 43 43 44 43 43 43 44 46 42 44 43 43 44 42 44
43 45 50 86 92 54 46 46 44 44 46 44 44 48 44 43 43 43 44 49 46 43 44 42 43 44 42
45 46 66 153 221 72 56 55 51 47 48 46 45 46 48 44 44 44 42 44 46 45 44 43 43 43 44
44 45 65 110 94 83 76 76 59 52 47 46 45 45 49 44 43 44 44 44 48 45 43 44 43 43 45
46 51 62 78 108 127 133 254 138 57 52 52 49 44 46 51 46 44 47 45 44 44 49 45 44 44 41
52 58 64 67 161 270 243 255 194 65 58 53 50 48 47 47 49 46 47 46 45 44 44 45 45 42 44
46 51 48 52 71 82 151 135 91 51 48 46 46 43 44 50 47 44 44 45 43 43 42 43 43 45 44
44 48 50 51 78 121 132 106 51 48 51 46 49 45 44 46 43 46 50 48 49 46 44 44 44 43 44
43 47 48 53 67 114 111 60 46 46 46 45 46 42 45 49 42 43 44 42 45 47 44 42 43 44 43
46 51 51 56 113 190 131 59 51 53 50 47 47 45 45 46 44 43 42 44 46 45 49 45 43 45 43
47 50 56 60 141 252 132 61 58 51 51 49 46 46 46 44 44 45 43 44 50 44 43 44 42 43 44
47 50 55 63 152 196 105 54 51 50 50 48 49 46 46 45 44 45 45 44 49 44 43 44 44 45 44
46 51 64 78 163 179 111 55 53 49 51 51 47 47 46 44 44 44 46 43 44 50 44 43 44 42 43
53 53 65 114 184 189 110 60 56 51 58 49 47 47 45 46 44 48 46 45 46 41 45 49 44 44 44
50 55 72 154 202 192 110 61 57 57 54 50 49 46 46 47 46 44 50 44 44 45 43 44 49 44 44
50 61 119 183 234 207 127 67 60 56 58 54 50 49 47 46 46 46 50 44 45 45 42 43 49 44 44
50 59 118 173 200 221 120 65 58 55 62 52 50 48 47 46 46 45 46 48 44 44 45 42 44 50 44
50 57 115 154 158 178 82 60 57 53 54 50 49 47 48 46 44 45 45 46 42 44 49 44 44 44 42
45 53 74 104 119 104 56 52 48 49 50 46 47 45 45 47 42 44 44 43 45 42 45 47 45 44 45
44 47 85 95 66 62 49 49 48 45 49 45 46 44 44 44 41 44 44 44 45 41 44 48 43 44 44
42 50 144 77 68 56 49 48 48 47 49 44 45 48 46 43 43 45 45 45 46 42 43 44 43 44 42
44 51 92 87 64 52 50 46 48 49 47 46 43 44 48 44 43 45 47 43 48 46 45 42 43 43 43
45 47 95 89 63 57 51 53 54 63 51 46 46 45 48 45 43 44 45 43 47 44 42 44 44 43 45
49 71 163 115 97 107 69 99 101 87 88 61 53 47 47 50 45 45 47 45 45 42 44 45 44 44 46
55 84 160 136 112 141 85 83 121 95 116 89 74 60 56 46 49 46 45 45 44 44 45 44 44 46 45
55 117 162 135 118 157 98 79 138 96 108 89 81 72 70 61 46 51 46 46 46 44 45 44 44 43 45
64 109 180 192 148 161 134 104 195 149 102 120 100 88 80 89 59 46 47 46 46 47 46 44 44 44 44
104 121 184 232 153 161 127 112 137 130 101 99 85 92 74 69 62 48 44 47 47 44 45 44 45 44 45
79 115 194 172 127 139 109 111 104 106 117 81 75 77 62 64 56 49 44 46 48 44 48 45 43 44 44
108 194 264 241 226 220 203 231 215 175 3923 140 120 116 87 87 72 68 61 59 56 48 49 48 48 48 48
86 114 180 151 121 108 142 157 140 151 149 95 85 96 71 74 63 60 51 46 48 44 45 44 44 44 45
72 105 113 110 93 83 131 134 152 153 109 111 91 85 69 74 58 57 49 46 46 47 44 43 44 44 44
67 149 123 116 92 90 150 172 146 114 106 118 95 87 70 71 56 55 52 48 46 46 45 44 44 44 44
70 74 83 98 94 109 144 183 202 114 115 106 85 77 66 68 58 56 56 46 46 45 44 44 47 44 45
61 72 91 107 149 132 145 213 172 121 116 115 90 89 73 70 56 51 50 46 46 45 42 44 48 44 45
59 71 97 111 143 138 122 165 135 104 102 82 76 79 61 59 56 49 47 49 45 43 45 41 44 49 44
63 91 132 167 183 141 135 163 159 107 91 81 76 71 58 59 53 52 49 47 44 44 49 44 44 44 43
58 78 87 133 155 130 142 174 145 118 88 84 73 68 58 56 51 50 50 46 46 41 45 50 44 44 44
55 71 84 125 142 128 140 161 147 115 86 90 76 67 59 59 51 51 50 45 46 42 45 50 44 43 44
57 85 111 128 159 158 146 177 152 113 90 87 81 69 58 56 53 50 51 47 47 43 45 51 44 45 45
58 78 89 123 140 167 127 170 153 111 99 77 79 70 57 56 51 51 52 46 46 44 46 46 42 45 49
57 78 80 105 138 167 125 138 159 112 109 89 93 75 59 57 49 54 53 50 45 44 44 44 45 42 44
60 88 78 106 128 152 143 167 142 120 110 103 85 75 57 57 55 52 56 48 46 45 43 44 50 45 44
58 70 73 95 121 137 138 160 131 130 107 102 89 74 64 63 63 60 59 53 46 44 45 43 45 48 45
62 75 77 90 133 146 160 173 134 149 112 135 106 82 70 72 69 66 68 62 47 44 44 44 45 43 44
69 83 86 104 162 176 172 228 123 142 127 130 110 88 80 76 66 63 65 68 51 46 46 43 45 45 44
94 93 98 111 165 199 157 230 124 128 139 118 120 92 74 75 68 67 67 67 55 44 46 46 47 44 44
213 163 106 117 183 221 164 207 149 142 165 123 125 97 74 77 70 65 67 78 73 45 47 46 46 46 45
269 268 151 140 177 201 189 169 145 147 151 130 130 99 79 76 78 68 74 85 90 46 46 45 50 46 43
274 329 201 198 212 232 221 174 171 140 136 143 133 99 89 88 76 78 84 91 80 48 44 45 46 46 46
324 495 354 391 335 302 303 227 185 153 158 164 131 107 97 94 77 78 79 76 61 49 47 47 47 51 46
218 373 307 331 333 333 371 269 192 142 139 148 127 99 96 85 73 67 59 58 53 47 47 45 49 50 46
124 308 287 315 337 368 350 277 182 144 126 117 103 84 69 65 59 56 57 52 51 47 45 46 50 46 46
105 213 271 302 349 424 336 253 154 120 122 102 81 68 62 60 57 56 55 52 50 47 47 46 48 46 45
82 127 196 287 318 415 319 218 170 119 109 84 72 65 58 59 57 56 53 54 49 46 47 43 46 49 45
64 88 107 172 188 217 187 154 121 98 85 86 69 58 50 51 48 50 51 50 48 46 48 45 44 44 44
62 66 95 99 111 122 125 124 101 93 75 65 55 56 49 49 46 46 47 45 46 46 45 49 45 44 44
62 80 95 98 105 104 126 110 92 84 69 61 56 49 50 53 46 50 47 45 47 45 45 51 45 44 44
113 95 96 117 128 125 135 129 107 89 75 68 58 55 52 50 52 51 50 47 49 44 44 46 48 44 47
95 88 118 149 152 142 145 142 108 85 76 68 61 59 54 56 58 66 56 48 50 49 47 44 43 45 49
70 111 147 167 163 157 168 137 119 84 74 70 67 56 56 64 56 82 66 57 52 53 49 44 46 42 46
65 120 152 157 148 139 137 124 103 77 74 69 58 54 61 63 57 66 59 52 53 55 49 45 51 45 45
67 111 122 123 119 124 121 101 78 68 64 64 56 51 53 56 55 53 49 51 52 56 52 42 44 49 46
