44 44 44 44 44 42 44 48 44 43 44 42 44 44 42 44 42 46 44 42 44 42 44 44 44 44 47
44 44 48 42 43 45 43 44 46 44 45 44 43 43 44 44 42 43 48 45 44 43 43 43 44 44 44
44 42 45 45 44 44 44 44 44 46 44 42 45 44 43 44 42 44 39 44 50 43 44 45 42 44 44
44 44 44 44 42 44 49 44 44 44 42 43 46 43 44 46 42 43 43 39 45 49 46 45 44 43 44
42 44 44 43 45 42 44 44 44 44 44 44 44 44 44 44 42 42 44 38 44 49 47 46 45 43 44
42 44 44 43 45 41 44 49 44 44 44 43 45 44 43 44 43 40 43 49 45 43 50 44 44 45 44
43 50 44 48 45 42 44 42 44 45 44 44 46 44 44 43 43 41 44 50 45 43 46 44 44 44 44
43 44 43 43 45 43 44 42 44 44 43 44 45 44 42 43 42 46 44 48 45 43 45 43 43 43 43
40 43 44 43 50 44 46 44 44 46 42 43 44 43 44 43 43 43 46 46 44 44 44 45 47 44 42
42 42 44 42 44 44 43 45 46 49 48 44 43 44 43 43 46 44 43 45 44 42 45 42 43 48 44
47 44 43 43 43 43 45 48 52 63 44 49 45 43 45 43 42 43 47 43 44 47 46 46 44 41 43
48 46 43 43 43 43 46 57 97 87 46 51 47 44 46 44 42 44 45 43 45 42 44 49 43 45 44
43 40 44 42 44 52 47 57 259 90 46 53 50 49 50 46 45 45 46 45 45 44 45 45 44 46 44
44 40 44 47 45 46 54 70 430 102 48 60 54 53 54 48 46 46 46 47 47 45 47 45 45 44 42
42 45 44 45 44 42 47 54 71 84 44 48 52 47 44 45 43 44 48 45 45 44 45 47 44 43 40
42 46 44 44 47 42 46 56 59 78 46 53 53 49 44 45 40 46 45 46 44 43 44 44 44 40 43
42 44 46 43 47 45 48 59 64 94 60 70 54 62 49 48 46 46 46 50 46 43 44 44 43 43 44
41 44 47 43 45 45 45 53 79 105 52 57 54 66 52 50 47 49 46 49 46 43 44 44 43 44 41
43 45 44 44 44 46 46 47 52 68 46 61 64 75 72 60 51 49 47 45 45 44 45 45 42 43 44
44 44 45 46 43 43 46 47 52 61 46 57 70 102 113 103 79 64 53 49 47 46 46 45 41 44 50
43 43 49 42 44 45 44 49 56 54 46 56 56 72 105 152 144 165 108 77 53 54 51 45 45 43 44
44 44 45 45 44 42 46 56 53 53 46 58 57 62 74 186 147 195 258 133 107 74 62 50 44 46 45
43 44 44 46 43 46 51 51 54 55 46 62 59 62 64 96 117 198 233 234 191 187 105 58 47 50 45
42 44 45 45 45 45 45 51 63 54 46 63 59 58 68 62 66 138 186 215 256 222 172 101 55 55 45
42 44 45 44 45 43 46 55 63 59 48 65 62 60 62 63 70 84 129 263 236 273 315 195 72 76 45
43 49 45 44 45 46 49 52 65 65 50 69 63 69 73 81 115 116 145 176 202 236 248 208 72 52 46
44 46 46 45 46 46 54 57 67 72 55 76 83 107 92 124 142 160 151 206 285 280 181 113 70 50 55
45 45 46 47 46 49 58 78 83 125 58 145 162 190 198 247 289 224 223 238 289 263 178 106 55 50 49
45 45 45 45 46 51 51 72 92 138 59 149 199 223 204 278 180 179 161 148 126 116 78 63 46 48 49
43 45 43 45 50 46 55 74 114 132 59 185 140 194 139 181 166 141 110 115 84 66 59 57 46 48 45
51 52 54 55 56 67 116 281 364 432 135 4095 373 329 270 260 202 185 159 146 126 97 81 64 52 50 51
47 42 48 50 46 49 66 191 202 226 76 250 204 252 195 206 128 110 87 69 65 57 55 52 45 47 47
43 40 46 50 46 49 82 184 200 221 81 207 220 210 209 131 90 74 69 63 58 56 56 47 46 45 44
44 44 41 45 50 49 93 214 223 218 81 239 188 153 118 101 74 63 62 58 58 54 47 48 49 45 45
44 49 45 44 46 51 123 168 243 176 72 148 143 141 75 67 56 56 57 58 53 49 49 45 45 42 44
41 44 48 44 46 66 121 170 183 152 69 124 98 97 65 59 54 54 53 53 52 49 46 45 44 43 46
41 44 49 44 46 79 127 131 130 111 59 85 83 82 66 57 51 49 48 50 50 45 46 44 43 44 42
44 42 44 48 50 74 121 127 110 107 55 84 76 74 69 63 55 50 49 46 48 46 45 44 44 41 44
43 44 44 43 47 73 107 145 109 122 58 93 91 75 63 62 56 49 50 47 49 46 45 45 45 44 46
44 43 45 44 44 62 103 149 135 124 62 104 110 79 68 60 59 52 51 50 48 46 47 44 44 44 44
44 44 45 46 45 68 97 160 166 144 72 125 124 88 71 65 55 54 54 53 54 48 49 46 43 44 45
43 45 45 45 45 49 77 162 210 165 81 145 159 94 70 70 56 55 56 53 54 53 48 46 44 44 44
44 44 45 45 46 49 71 176 224 192 92 177 161 107 72 64 58 60 60 57 57 53 49 45 44 44 44
42 45 46 45 46 48 70 193 193 212 87 190 171 102 66 65 60 62 60 61 57 50 48 45 44 45 43
44 45 46 44 44 48 74 188 174 190 85 188 151 90 67 66 59 61 61 58 56 48 48 51 44 43 44
44 42 45 43 45 52 67 171 183 203 77 218 149 86 70 66 67 76 67 61 57 53 46 46 49 44 44
44 42 46 45 46 47 63 148 196 203 76 188 126 88 83 99 131 183 124 67 60 54 55 47 44 45 44
44 44 46 46 46 48 57 154 188 160 72 147 152 176 145 145 184 176 193 89 66 54 52 52 45 44 45
44 45 44 46 45 48 62 150 196 172 76 174 199 189 128 156 127 130 175 128 69 58 53 52 46 44 45
44 45 45 46 46 48 62 140 174 177 74 208 226 204 152 138 88 95 145 175 108 59 51 50 52 45 45
44 46 47 45 46 48 66 170 207 221 85 231 265 212 162 128 74 75 97 174 134 63 54 49 46 44 47
45 41 46 50 46 49 68 168 223 255 92 265 279 202 144 89 70 71 72 101 116 57 58 48 45 46 46
44 46 44 47 52 51 73 209 290 304 103 310 313 206 111 85 73 73 72 80 118 59 58 49 45 46 46
46 52 47 46 47 50 67 138 241 320 124 307 257 150 90 82 71 72 70 70 70 59 54 47 46 45 46
41 45 50 45 46 50 58 92 118 192 104 217 136 92 74 68 59 62 59 59 61 55 50 46 45 44 45
40 43 50 44 46 58 47 52 55 58 50 82 62 55 53 52 48 49 48 47 54 53 57 44 43 44 44
43 42 46 50 52 56 47 50 51 57 47 68 61 56 55 52 50 49 50 51 79 104 122 44 44 47 44
42 44 57 46 47 53 54 58 57 64 48 74 68 60 55 53 50 52 52 55 107 116 66 46 47 44 44
46 49 48 52 49 48 58 64 69 77 50 77 79 68 60 58 59 56 58 56 71 68 56 46 42 44 48
56 46 54 61 54 53 67 80 92 98 56 97 94 77 69 64 62 64 64 62 64 65 51 47 44 43 44
51 50 59 59 62 55 78 81 101 103 58 113 105 77 72 80 74 85 66 62 64 68 53 51 44 44 43
45 54 54 64 65 57 83 82 92 95 56 109 98 78 79 94 76 109 81 67 64 68 56 47 44 44 44
44 47 56 63 60 60 68 77 80 81 52 103 80 72 74 78 69 93 66 62 61 62 56 47 44 44 44
43 46 49 53 57 59 59 62 61 70 47 76 63 59 59 63 62 66 53 55 56 60 55 46 43 45 41
