43 43 44 48 44 43 44 43 45 42 43 44 43 44 47 43 42 49 45 44 45 42 44 44 44 44 44
42 47 43 44 45 41 43 48 44 42 44 42 43 44 43 44 42 47 46 46 44 42 46 44 41 44 49
42 43 44 42 44 47 43 44 44 42 44 44 43 44 43 43 42 48 43 48 50 43 45 44 42 43 44
42 45 43 43 45 42 43 46 44 44 44 42 43 44 43 44 44 49 51 50 50 44 44 45 43 44 44
43 44 44 44 43 44 47 43 44 44 42 43 44 43 44 44 46 66 92 56 47 50 45 51 46 43 44
43 44 44 43 44 45 43 45 48 45 45 45 43 44 45 46 61 106 282 78 56 49 57 67 55 46 45
43 44 45 45 43 44 46 44 46 44 43 44 45 44 45 46 74 108 175 79 55 57 63 95 76 53 45
44 46 44 44 45 43 43 44 43 43 45 44 46 46 46 52 61 109 76 60 52 51 60 179 140 58 45
43 48 44 47 44 41 44 43 45 44 44 44 45 45 45 49 52 52 42 45 49 45 52 116 174 89 46
42 44 43 44 44 43 44 44 44 41 43 46 44 42 46 63 44 46 45 44 43 45 52 73 182 83 50
43 42 44 42 44 44 43 44 44 43 46 44 43 46 67 91 47 45 50 56 46 47 55 73 72 119 56
47 43 43 44 42 43 44 44 44 44 44 44 49 53 100 98 44 44 41 45 47 44 49 72 57 60 76
42 43 43 44 47 44 43 44 44 44 45 43 46 81 135 91 44 43 45 44 46 51 68 125 50 52 62
43 40 44 44 44 47 45 44 45 44 45 49 57 118 146 92 43 44 45 43 46 64 110 167 49 46 45
46 44 46 45 44 44 45 46 46 44 46 57 95 166 163 76 44 46 46 43 46 75 118 122 46 51 50
44 45 44 48 46 44 46 46 46 46 48 66 115 175 154 67 46 45 48 43 47 118 155 134 44 46 51
44 47 45 46 46 44 46 46 46 48 49 89 124 177 123 66 41 44 47 47 61 169 153 116 46 44 44
44 45 45 45 49 47 45 47 46 47 51 92 108 144 111 58 45 45 42 51 91 195 185 129 46 44 45
43 44 46 44 47 46 44 45 44 46 51 67 74 88 73 46 46 44 44 60 113 219 190 125 50 49 44
43 47 43 43 45 43 45 47 44 47 48 52 65 62 53 46 43 44 46 69 124 190 155 96 52 42 45
42 47 43 43 45 42 44 49 44 46 49 50 61 54 48 46 43 46 45 59 105 172 132 74 46 44 49
43 43 45 42 45 46 44 46 46 45 56 63 56 47 46 44 43 44 40 59 83 166 112 66 45 43 44
44 44 45 43 45 49 46 44 47 53 83 75 52 51 51 45 44 44 41 57 97 170 100 53 43 44 44
44 46 46 46 44 46 52 47 54 78 102 107 57 48 47 49 44 46 48 51 98 119 93 46 44 44 45
46 47 46 47 45 49 55 50 61 105 122 133 70 47 48 51 45 49 69 101 82 69 58 46 46 46 45
47 47 47 47 46 48 50 52 78 102 110 122 72 47 48 51 66 69 85 105 78 54 47 45 43 44 44
44 49 46 46 48 48 48 59 79 89 98 91 62 51 48 57 65 78 90 101 117 59 46 45 43 44 43
50 54 49 50 51 51 60 88 108 131 109 106 74 52 57 71 108 119 120 123 83 58 44 46 48 44 43
52 69 57 50 50 52 66 96 109 115 95 89 59 54 64 84 87 106 92 88 56 56 50 45 45 44 42
96 66 51 55 52 54 68 76 82 92 92 81 54 57 67 81 82 82 78 69 52 46 46 47 44 45 44
63 57 50 51 56 58 78 88 92 104 107 103 61 72 80 116 94 86 73 72 52 47 49 46 43 44 43
58 66 49 53 59 65 78 116 130 129 129 110 75 128 100 132 101 89 75 75 50 46 47 50 44 44 44
54 54 52 51 56 59 93 110 134 132 131 114 121 138 134 113 85 86 67 65 49 52 48 47 45 43 44
57 54 53 59 58 62 80 127 109 181 132 159 136 147 145 112 89 81 76 52 47 48 51 47 46 46 43
63 63 54 59 62 64 103 125 152 149 133 145 149 219 131 107 87 76 73 47 47 49 47 48 46 45 46
61 63 55 57 66 81 104 136 151 137 126 142 134 168 110 98 76 70 53 51 45 48 47 47 46 51 44
56 60 58 56 61 95 105 147 109 114 90 101 119 152 82 82 70 60 50 50 45 46 47 46 45 54 44
64 72 58 56 63 84 115 120 98 99 74 105 106 115 83 75 66 56 47 46 46 50 46 44 44 53 46
73 76 53 55 72 77 82 110 88 102 75 93 110 94 81 73 68 51 47 47 44 45 46 44 49 44 46
87 100 59 62 80 96 94 112 82 80 73 85 86 87 76 65 54 47 48 44 45 46 45 46 53 44 47
114 153 73 71 87 119 110 124 98 76 76 85 87 75 68 59 48 48 48 42 46 45 45 45 46 43 44
213 130 67 68 87 128 117 149 127 88 103 92 98 91 73 57 50 49 47 47 51 46 45 48 43 44 45
100 103 63 65 94 148 150 182 141 117 127 104 103 94 69 61 49 50 51 46 48 51 53 46 41 44 49
107 105 67 72 105 164 178 223 164 148 135 136 118 89 62 54 50 51 53 52 63 56 53 46 45 46 43
127 108 64 92 132 165 184 196 157 149 141 133 108 81 58 55 49 52 56 66 76 49 47 46 44 45 45
182 106 79 127 163 179 200 203 187 165 133 161 122 78 55 54 53 61 74 98 72 47 47 45 44 45 42
153 131 110 154 200 201 218 216 190 163 146 142 111 68 55 55 53 68 106 99 52 48 51 46 45 45 45
157 141 165 191 208 237 209 240 183 153 163 133 110 69 55 56 58 114 145 89 51 48 51 46 46 45 44
189 207 191 213 243 254 201 239 219 196 170 129 106 65 58 57 75 133 158 57 54 48 48 51 46 46 45
200 240 230 251 227 218 191 195 191 166 161 121 102 63 56 65 84 85 71 54 53 46 47 51 46 45 45
204 249 200 234 219 206 204 190 198 170 150 136 106 63 63 82 89 68 63 54 51 54 47 47 46 44 44
215 314 276 274 251 210 240 203 194 185 176 161 108 76 73 80 67 62 62 54 51 54 48 47 46 44 45
124 175 191 200 188 183 239 219 197 182 156 163 95 83 81 76 56 55 57 54 47 49 52 46 46 46 43
86 150 147 176 160 164 191 186 153 143 124 125 94 81 72 63 51 51 57 50 48 47 45 46 49 45 45
84 92 91 135 138 161 148 126 110 104 105 97 81 72 57 51 48 51 50 51 45 45 46 44 44 47 44
71 100 110 127 142 204 152 114 100 89 85 87 74 61 51 49 50 50 48 50 45 44 46 42 44 48 44
103 156 129 140 171 174 130 103 94 88 82 80 67 56 52 48 46 49 49 48 48 44 46 46 44 46 44
168 234 140 142 134 122 107 93 81 79 73 71 61 53 50 48 46 49 49 47 47 44 45 48 44 45 44
228 227 166 154 134 109 95 84 74 68 66 63 56 52 48 50 48 49 50 46 47 46 44 50 46 44 45
269 258 198 198 155 113 106 87 78 70 68 66 58 52 51 52 51 55 51 50 48 46 45 51 45 44 46
230 243 212 207 135 105 95 80 75 68 63 62 58 52 52 52 49 58 58 50 48 48 45 47 47 44 44
236 234 197 177 124 96 90 76 67 64 62 61 56 51 52 51 51 56 58 49 50 49 50 45 47 44 44
185 177 156 129 97 76 74 67 60 59 57 56 52 47 52 56 54 55 53 48 46 49 46 44 45 42 44
153 149 104 84 71 69 65 57 56 59 54 54 51 47 47 49 49 49 49 48 51 58 50 44 44 43 44
