43 45 43 45 45 42 44 46 43 46 44 42 44 44 44 45 47 42 46 52 93 66 48 42 45 44 43
44 45 46 46 45 42 44 43 43 45 42 44 49 46 46 48 47 51 53 67 316 108 57 47 48 47 44
43 43 44 44 44 44 43 43 47 44 43 44 44 45 47 46 47 50 58 97 211 80 50 50 46 44 44
42 43 42 43 45 43 44 41 44 48 45 42 45 44 45 47 44 49 67 111 89 53 44 44 50 44 44
44 43 43 44 43 43 44 43 44 41 46 48 44 43 46 44 45 53 62 79 57 48 46 45 48 44 43
43 43 44 42 45 44 43 44 42 43 49 44 43 44 46 45 47 57 58 96 51 49 55 45 43 44 43
43 43 44 41 45 44 43 43 44 42 44 43 44 45 44 44 45 51 58 72 48 46 50 45 44 44 43
42 43 39 43 44 44 45 44 48 44 44 44 42 45 44 43 43 48 51 62 45 46 44 44 48 44 47
42 43 45 43 45 43 44 44 43 44 44 44 44 46 45 46 46 59 77 77 49 46 45 45 47 44 46
45 48 45 43 45 42 44 44 43 44 45 44 46 46 46 47 46 67 148 94 51 48 47 44 46 45 44
40 43 49 45 44 44 46 44 44 44 45 42 45 52 48 48 49 86 143 104 59 56 50 48 42 45 49
43 46 44 45 45 42 45 43 43 44 42 44 51 48 49 52 53 106 172 149 63 56 46 46 51 49 45
44 42 43 44 44 44 47 43 43 44 44 45 47 49 51 55 58 123 188 170 70 65 50 49 53 47 44
44 45 42 44 42 44 48 43 44 44 43 44 47 50 53 58 61 152 177 194 82 62 60 48 51 53 44
43 45 43 44 48 44 45 44 43 44 45 46 49 54 56 62 72 191 237 229 116 78 67 51 52 50 45
43 45 44 44 48 44 43 44 43 44 45 44 50 60 60 66 95 200 255 272 177 79 63 50 51 54 43
44 46 46 42 45 48 45 44 45 43 45 47 51 60 64 72 103 250 284 350 205 106 59 54 55 53 45
43 44 46 42 46 49 44 44 46 43 45 47 51 59 65 77 85 217 284 366 212 116 59 52 53 54 46
43 43 44 44 44 44 48 44 46 45 43 46 50 54 59 68 72 125 202 325 223 111 57 48 52 53 44
44 43 44 43 44 44 44 44 45 44 46 46 46 53 56 62 63 106 166 235 176 140 54 50 51 50 47
44 44 45 44 43 43 45 44 44 44 44 47 48 51 55 61 63 101 170 197 159 126 56 49 48 50 50
44 43 46 44 44 44 42 44 49 44 44 46 47 53 60 62 73 131 201 166 165 123 62 54 51 50 47
43 44 43 44 45 44 46 42 44 49 46 46 51 57 67 78 96 162 260 206 188 141 73 51 54 58 45
43 44 44 44 45 44 45 45 44 46 46 46 51 59 66 99 112 178 196 180 159 145 79 51 56 55 44
44 45 46 43 45 45 44 44 44 46 48 51 55 64 86 135 168 203 190 215 190 170 89 56 57 58 46
45 46 45 46 46 44 45 44 44 46 44 52 65 78 125 176 183 208 221 239 194 151 84 56 57 57 46
44 45 45 45 48 45 46 44 44 46 53 48 63 84 117 181 187 183 235 225 271 183 84 61 61 57 47
46 46 47 47 46 44 46 46 45 46 60 63 87 138 181 277 249 286 309 268 284 200 87 65 67 68 47
49 46 46 46 44 44 45 44 45 44 49 59 90 172 204 236 185 204 192 183 149 118 67 56 57 57 50
43 44 46 44 48 44 43 44 44 44 50 57 87 134 178 197 152 164 136 128 103 76 60 55 52 52 51
44 49 45 44 45 43 45 44 44 46 48 90 116 161 201 232 209 185 136 138 104 78 60 55 61 55 46
45 45 45 44 46 44 46 48 45 45 56 92 122 194 257 266 181 198 146 136 95 74 60 55 63 57 44
44 45 44 45 43 44 49 45 48 44 51 78 128 198 236 230 180 165 135 102 79 70 61 51 55 59 45
44 47 44 44 46 44 45 46 44 44 58 93 137 204 191 185 159 144 108 83 71 65 61 49 55 56 45
44 44 42 44 49 44 44 44 43 44 59 87 119 207 170 165 138 100 82 76 65 58 59 50 54 50 44
43 43 45 42 44 48 45 46 45 44 49 93 123 161 155 150 100 72 66 64 60 53 55 49 49 49 44
44 43 44 45 44 46 44 42 44 43 46 81 116 108 141 92 69 62 59 54 57 52 46 48 46 46 46
43 44 44 44 44 44 48 44 42 43 46 67 97 98 116 73 69 69 64 55 54 49 48 47 45 46 51
44 43 47 42 44 44 42 44 48 44 49 70 92 101 84 73 66 63 66 62 57 49 48 45 48 46 46
44 44 43 44 43 43 44 43 44 46 46 71 100 103 82 79 70 70 68 67 70 50 47 46 46 46 45
43 43 44 44 43 44 48 44 44 44 44 65 98 99 87 85 76 72 67 65 64 56 49 48 48 45 43
42 44 44 43 46 42 44 46 43 45 45 60 91 105 94 85 82 74 73 69 62 51 50 48 47 48 44
42 43 44 44 45 43 44 47 44 44 44 52 81 112 112 93 98 79 92 72 59 54 54 47 49 49 42
43 42 44 43 44 44 44 44 46 44 45 49 80 105 102 102 108 96 100 73 63 58 54 52 50 52 44
44 49 45 43 45 43 44 44 43 44 47 48 78 97 107 138 134 128 101 85 74 68 66 58 53 55 47
44 44 49 44 44 44 43 44 44 44 46 50 78 109 129 163 163 158 110 98 82 85 93 87 81 56 44
44 44 45 44 45 45 45 45 45 45 47 49 76 115 134 162 163 152 121 112 95 118 225 230 133 68 46
49 46 46 46 46 45 46 45 45 45 46 53 84 134 149 181 171 146 150 152 172 261 303 258 270 88 46
49 46 46 46 46 46 47 45 46 47 47 52 75 130 138 163 145 145 191 201 238 330 296 214 398 302 51
45 50 47 46 46 45 46 46 45 46 47 51 76 124 139 156 146 198 218 261 302 288 236 137 305 429 48
45 44 48 51 47 46 46 44 45 46 47 58 81 127 162 206 205 232 238 327 334 260 184 89 232 239 50
47 45 44 46 46 46 49 46 45 46 47 54 89 140 180 246 213 270 273 348 299 192 98 91 133 124 54
46 47 47 46 47 46 46 45 46 46 46 56 92 149 200 256 259 312 329 344 253 115 87 74 85 92 54
46 46 47 47 46 46 44 46 50 45 47 56 67 138 177 239 308 347 273 248 158 98 76 69 71 68 48
47 45 44 45 46 46 46 45 44 45 47 52 65 92 112 194 287 315 202 143 109 84 69 60 63 63 47
43 42 45 48 46 49 48 43 43 44 46 47 49 58 69 111 125 138 93 87 83 69 55 51 59 56 45
43 43 45 43 46 46 46 46 44 45 46 43 46 51 52 63 68 72 82 74 71 67 56 52 60 67 49
45 44 51 45 46 48 45 46 50 45 46 46 49 56 63 71 86 85 92 100 78 81 73 76 142 175 46
47 46 47 52 49 46 50 43 46 46 49 48 51 58 71 76 84 94 106 94 78 92 84 75 88 83 46
46 46 56 54 50 47 56 49 51 47 51 49 52 61 78 82 98 116 107 97 92 90 91 74 72 62 45
46 50 52 52 56 47 56 50 51 51 51 51 57 69 91 113 138 173 138 109 103 110 88 79 63 56 45
44 51 52 56 57 48 55 56 51 47 51 56 62 79 97 155 162 257 196 131 115 109 94 76 68 59 46
44 46 53 56 52 51 50 50 53 48 48 62 56 73 88 130 129 189 128 107 102 104 81 69 61 54 45
43 49 48 47 51 50 48 50 45 47 52 53 52 62 65 81 91 97 77 73 79 82 72 60 50 49 46
