44 43 43 43 44 43 44 43 44 48 43 42 44 42 44 44 43 43 45 41 44 48 43 43 44 42 44
44 38 43 49 46 47 46 47 46 44 43 44 44 45 51 47 45 45 45 46 44 45 45 44 45 44 43
44 42 46 46 48 49 62 93 61 47 49 46 45 59 93 70 56 47 45 47 45 44 45 42 44 48 44
51 47 48 50 49 59 85 265 512 64 63 71 64 361 154 119 65 57 57 50 49 49 46 45 45 42 46
49 45 49 50 47 52 79 142 208 80 55 64 72 235 116 100 62 52 50 46 48 49 45 46 42 44 49
46 49 46 46 47 60 64 109 98 56 55 50 53 86 103 73 59 47 47 46 46 45 42 44 44 44 44
49 43 45 45 43 51 54 52 51 45 46 50 46 48 59 68 50 46 48 51 44 44 44 42 43 43 44
44 45 43 43 44 47 50 49 46 46 49 45 49 53 53 77 63 49 45 47 43 43 44 43 44 44 47
43 44 48 42 47 48 71 73 47 48 47 47 46 46 55 101 66 50 58 43 44 45 45 45 47 44 45
42 49 53 43 51 61 123 64 49 47 50 48 47 48 54 91 84 51 51 47 43 52 46 43 44 46 44
43 46 46 48 44 73 153 116 51 50 48 49 50 47 54 95 96 71 48 56 50 43 44 43 45 45 42
44 44 49 47 50 85 133 103 58 51 51 54 47 57 63 105 225 84 68 45 49 44 44 44 41 44 48
45 43 46 46 56 124 135 105 59 55 50 53 51 58 66 99 104 95 52 44 46 48 44 44 41 44 49
44 52 49 45 54 130 153 103 67 53 51 54 52 57 94 87 107 139 59 48 44 47 45 43 44 42 46
43 50 46 48 60 164 177 111 76 55 53 57 53 60 67 97 131 178 80 46 50 46 44 44 42 44 46
43 46 50 46 67 166 186 139 92 59 55 58 55 57 72 97 164 158 79 49 46 51 45 47 44 42 45
45 45 55 47 71 165 143 103 70 55 52 55 52 54 60 83 138 148 80 45 46 51 45 43 46 43 44
42 46 45 44 53 78 86 74 55 49 48 48 47 50 48 60 95 99 64 46 41 44 50 43 43 46 43
43 45 44 44 48 64 62 56 56 47 45 46 46 46 46 52 60 71 62 48 46 43 45 42 43 46 46
43 49 51 45 58 61 59 66 53 49 48 47 47 47 45 50 61 85 75 46 50 48 43 44 42 43 47
46 45 52 45 46 71 84 71 54 51 49 50 48 50 49 59 85 98 86 47 44 47 50 47 44 45 44
46 46 45 60 47 101 100 111 80 69 54 55 50 54 58 96 106 125 120 50 47 45 47 44 46 50 45
48 52 46 58 54 132 136 119 110 86 69 68 59 62 91 132 126 180 158 57 50 46 46 42 45 49 47
53 48 54 49 63 167 188 155 172 123 91 85 71 87 147 179 142 159 127 81 52 50 49 46 45 45 48
46 57 57 54 89 227 250 219 230 197 150 102 93 119 195 192 177 167 160 97 57 56 49 51 46 46 46
47 44 58 57 94 214 203 208 218 151 163 104 107 157 200 217 215 159 181 110 54 54 53 46 46 46 45
45 49 59 53 90 217 201 186 180 144 130 99 113 166 163 204 202 141 168 116 62 52 49 46 45 45 48
53 67 68 63 108 209 267 281 250 279 228 183 194 266 261 283 291 245 208 138 79 59 57 47 47 48 48
63 142 104 62 93 199 303 295 277 258 202 163 182 257 287 278 225 217 143 109 67 71 64 47 46 47 50
53 128 104 63 105 181 259 234 211 201 169 172 157 221 198 232 198 197 117 87 63 59 109 51 46 46 46
63 122 100 131 122 227 297 427 329 332 332 4095 316 367 301 355 290 264 181 117 98 98 95 59 49 54 60
53 71 61 72 77 123 196 305 255 231 246 242 221 293 240 264 191 169 126 75 61 92 87 47 44 50 50
56 57 58 57 67 95 162 249 220 251 216 228 225 299 222 202 168 150 118 68 60 72 56 47 46 48 48
47 52 53 64 62 81 142 207 232 202 203 223 238 240 225 179 147 125 94 64 56 57 55 46 47 44 46
49 51 58 59 62 86 135 199 153 187 192 192 219 228 193 170 124 110 95 65 54 62 54 54 45 51 46
45 49 54 54 68 99 142 168 147 179 162 150 178 189 154 119 110 111 84 64 56 56 54 47 45 49 51
43 46 49 49 53 78 88 139 122 105 115 115 110 147 103 108 95 81 67 57 46 48 51 45 43 44 45
45 54 57 56 55 125 152 115 108 98 101 88 87 106 87 93 88 78 66 55 49 47 50 43 43 45 46
44 53 51 49 60 67 82 111 105 102 87 80 74 79 68 73 74 56 54 51 55 50 63 46 43 46 46
47 47 59 52 56 61 89 149 115 110 82 91 102 103 96 84 100 65 59 57 52 49 49 51 47 50 50
49 48 53 50 54 65 97 202 148 115 86 83 79 91 92 86 91 64 54 51 53 50 49 55 47 53 53
54 52 52 65 65 74 103 147 129 105 84 71 73 87 80 81 75 63 54 49 50 49 46 50 45 48 48
47 53 54 56 67 85 140 151 156 134 105 84 85 97 96 89 82 72 62 51 50 51 50 51 49 45 45
45 46 54 48 50 64 109 134 112 115 96 79 83 92 74 78 74 65 52 48 52 60 47 50 44 44 46
44 46 91 67 51 62 89 106 102 106 97 84 91 92 89 79 75 72 52 49 48 62 59 45 43 45 44
47 49 100 79 63 72 109 176 188 184 171 177 218 176 147 134 129 84 68 57 67 132 76 55 53 49 46
45 51 103 108 55 60 75 127 127 116 121 122 121 120 119 112 100 65 56 54 96 227 70 48 47 45 46
43 48 80 108 60 65 81 144 130 117 141 130 162 146 128 128 111 70 58 62 99 133 50 45 44 44 46
46 50 77 143 91 69 99 156 160 149 172 150 183 154 120 128 118 79 63 70 140 127 48 46 44 46 47
46 46 58 105 106 68 113 143 156 157 172 154 205 162 133 135 132 95 62 108 165 106 49 46 46 49 48
46 47 54 107 136 78 128 170 182 183 167 179 214 157 149 148 148 99 76 136 126 62 49 46 45 47 50
49 49 60 124 157 105 176 200 208 191 177 193 209 170 166 168 142 104 100 137 112 56 50 46 46 47 56
49 50 55 99 136 120 195 245 257 198 179 193 215 182 179 191 151 122 111 136 103 57 51 46 46 48 56
48 50 54 71 125 150 192 244 248 211 171 169 180 174 167 200 148 123 100 111 76 60 50 46 46 46 46
52 50 53 55 74 173 180 206 204 188 163 146 147 156 142 157 136 110 92 85 58 54 49 45 46 46 46
45 47 50 50 58 102 148 156 145 140 132 121 108 126 130 141 123 92 77 55 52 50 49 45 43 45 48
45 47 48 49 52 65 85 118 122 108 91 88 79 93 106 106 89 76 55 51 50 46 46 44 43 45 44
51 50 49 48 50 56 70 105 110 115 104 104 83 85 78 85 65 58 56 50 50 48 44 46 43 44 52
59 47 52 52 51 55 66 83 92 103 92 95 96 90 84 84 64 58 58 50 50 48 46 46 43 44 47
64 46 52 53 52 53 62 70 83 87 83 87 84 81 73 68 63 59 52 48 48 47 48 52 44 44 46
58 49 54 57 54 52 64 64 72 72 78 77 74 66 63 65 66 63 57 46 48 51 48 50 45 42 48
47 54 55 63 59 52 64 61 68 70 76 76 71 61 63 69 61 72 66 55 49 52 47 44 44 44 50
45 65 58 61 55 55 59 58 64 62 66 80 66 57 63 63 57 62 56 55 48 59 51 43 44 44 53
44 62 51 56 51 50 55 54 56 58 56 74 66 56 57 60 52 53 51 51 47 59 52 45 42 45 56
