46 44 47 49 44 46 47 78 159 169 58 59 61 56 54 46 46 44 44 44 42 43 49 43 43 44 43
43 44 40 44 51 45 46 51 59 111 99 79 86 71 63 48 42 44 44 43 45 41 44 47 43 43 44
42 46 51 46 48 47 47 50 54 80 108 118 458 107 59 47 43 45 45 45 47 45 42 43 44 43 44
42 46 50 45 46 46 45 47 48 57 102 114 240 165 55 44 44 44 43 44 46 42 44 44 43 44 42
43 42 45 48 45 45 46 45 46 50 64 118 172 98 54 44 44 43 44 41 46 44 47 43 43 44 43
43 43 45 49 45 45 46 45 46 49 99 122 103 56 49 45 43 43 44 42 44 44 50 45 41 43 47
43 44 48 44 46 47 47 47 45 56 135 102 63 47 44 43 42 43 45 46 45 45 45 43 42 44 46
43 44 44 44 45 45 45 48 44 68 132 63 49 45 44 44 43 42 43 43 44 43 43 44 42 44 44
42 45 44 45 45 46 48 55 58 97 188 68 48 50 45 46 43 43 44 39 44 44 44 43 44 43 42
43 46 44 45 49 46 50 56 78 96 183 70 49 43 45 49 43 43 44 45 45 46 44 42 43 43 43
42 46 46 46 47 48 51 73 138 131 149 68 47 47 44 45 44 44 41 44 46 43 47 44 43 44 44
43 47 48 46 49 53 60 101 181 164 140 70 50 49 44 46 44 47 45 46 45 42 44 43 42 44 41
45 51 48 46 49 51 57 100 189 160 131 61 49 51 45 46 44 45 46 44 47 44 43 44 42 43 45
45 45 50 49 50 53 64 156 215 146 92 71 59 49 46 46 43 46 49 44 47 45 43 43 43 43 45
45 47 49 48 50 58 85 150 200 141 101 59 51 50 48 47 55 46 46 45 45 42 44 47 44 45 44
45 52 51 51 57 60 111 188 230 173 106 68 55 52 48 48 65 55 47 42 46 44 44 48 44 43 44
44 50 48 50 54 59 96 180 212 134 86 63 52 51 48 56 50 52 48 45 45 45 42 44 48 44 43
44 49 49 48 53 63 84 159 138 99 64 64 52 49 52 57 48 46 49 46 44 46 42 44 48 44 42
44 47 48 46 50 62 107 117 98 75 60 57 49 51 58 55 45 45 45 46 43 44 49 43 46 44 43
44 47 44 48 56 63 98 121 99 68 55 57 52 57 59 49 44 45 45 45 44 44 49 44 43 44 42
44 47 44 48 65 72 92 123 101 79 62 62 57 58 53 48 44 45 45 44 46 42 45 49 44 43 44
43 51 56 53 60 105 110 142 156 102 76 69 63 54 54 51 46 48 45 45 46 44 46 44 44 49 44
48 53 55 55 64 126 130 145 173 107 93 84 66 62 59 55 49 47 49 45 47 46 46 45 43 46 50
47 57 58 60 85 136 150 191 188 156 93 91 76 75 72 64 55 51 50 47 50 46 45 46 44 45 47
50 60 63 68 107 169 176 190 252 255 138 125 97 83 84 69 63 57 60 52 49 49 48 46 45 46 47
48 58 63 62 96 168 170 176 164 169 107 118 107 92 94 78 64 63 64 53 50 47 45 45 43 45 49
48 59 56 64 88 131 170 145 127 143 92 100 111 91 87 79 64 60 58 61 61 50 46 43 44 49 45
50 64 63 71 121 151 192 189 184 186 158 141 134 120 116 113 79 74 72 73 68 54 50 48 43 44 46
49 65 73 72 108 169 170 175 172 157 116 117 107 126 108 108 72 69 64 66 63 54 47 45 45 45 44
46 59 64 62 80 125 123 142 152 132 94 93 87 98 76 82 65 65 58 57 56 52 46 48 44 42 44
46 61 63 63 76 103 131 171 169 117 111 106 102 111 79 93 75 72 63 63 58 54 46 45 44 46 43
48 60 64 62 65 81 115 174 169 128 116 114 106 126 88 102 71 71 66 65 62 63 46 47 45 49 45
48 57 59 58 59 65 108 145 163 134 98 120 112 111 92 90 66 70 67 61 58 66 44 45 45 44 45
47 57 62 59 61 69 129 143 164 115 96 129 119 116 99 86 65 64 60 61 60 62 46 44 44 46 44
47 56 58 57 61 76 128 164 168 104 103 120 109 107 81 70 61 60 57 50 56 63 46 49 46 43 45
45 54 53 54 61 78 102 123 122 112 86 89 89 97 76 76 62 59 60 59 53 60 49 46 49 44 45
45 54 54 55 59 76 111 112 111 79 87 83 80 79 63 62 58 53 56 53 52 47 46 44 47 44 45
46 56 55 56 73 86 115 122 90 81 85 87 74 79 63 62 58 55 55 54 56 47 49 44 43 44 44
47 57 55 57 73 103 117 129 94 96 81 91 74 72 68 60 56 56 56 56 57 48 49 44 43 43 44
49 58 55 58 77 100 106 131 102 100 80 88 76 76 65 60 54 54 57 58 59 49 49 48 44 43 46
51 63 64 59 79 101 111 138 106 93 75 89 85 72 61 58 55 56 55 61 57 47 47 42 44 48 44
54 73 63 60 66 105 100 127 102 87 88 88 87 76 60 56 53 53 60 60 56 47 45 45 42 44 49
56 140 74 67 69 110 110 143 114 97 100 89 90 86 62 59 55 55 63 61 52 50 47 46 42 44 48
121 407 128 85 84 128 153 179 130 121 113 125 107 83 62 62 61 56 66 62 55 49 44 46 51 45 44
203 392 167 98 87 128 164 176 143 134 114 131 111 81 69 68 67 61 66 65 55 50 44 46 50 45 44
209 403 209 148 97 126 187 191 162 151 117 146 119 86 82 79 71 70 68 74 64 56 47 44 55 53 46
177 318 238 205 138 130 194 185 152 137 133 122 111 91 80 75 71 67 76 72 61 56 45 45 48 45 46
90 279 324 284 258 170 175 200 131 109 143 124 118 100 79 77 74 71 72 82 69 58 51 46 45 49 46
87 266 313 275 354 254 199 193 130 110 143 120 118 98 76 78 71 72 76 78 72 63 50 46 46 46 46
71 253 337 332 360 317 231 172 124 109 132 123 118 93 79 78 76 71 76 89 79 54 47 47 47 48 46
69 204 319 361 370 337 300 186 147 122 127 143 122 95 84 86 84 74 82 86 67 53 50 47 47 49 49
71 144 409 498 426 332 336 204 144 124 126 130 111 90 80 77 74 78 83 81 58 52 48 47 48 45 47
61 117 251 380 347 348 316 211 140 121 115 120 102 83 78 74 72 80 76 69 55 51 50 48 45 46 46
55 99 110 204 261 220 206 174 102 103 95 92 78 74 69 70 70 67 65 52 52 55 48 49 46 44 45
46 63 64 108 104 105 103 103 72 85 78 73 62 65 57 63 65 56 53 49 46 47 51 44 45 44 44
44 59 54 66 70 79 75 76 67 68 77 64 59 58 56 61 58 51 46 47 44 48 48 43 45 44 42
44 54 55 56 60 69 70 69 67 77 64 60 61 52 54 57 50 50 46 46 49 44 47 44 42 44 44
46 62 51 56 58 62 71 72 66 71 60 57 57 48 47 51 46 48 45 46 50 44 47 45 44 44 48
50 62 57 60 67 72 89 93 83 80 63 59 52 57 48 47 45 47 57 51 47 47 45 47 46 43 45
85 61 65 78 85 94 119 125 115 97 72 69 59 52 50 50 48 51 47 49 54 47 45 44 44 46 45
59 64 77 93 100 110 128 126 122 97 77 76 69 52 52 54 54 56 53 46 48 58 45 47 43 44 47
50 73 92 102 107 125 146 140 123 95 79 74 64 59 56 59 55 70 61 49 51 53 46 46 46 44 47
48 78 89 93 92 100 124 118 102 83 73 74 60 55 53 57 53 58 53 50 50 52 43 44 48 44 44
47 63 68 72 75 84 89 86 71 68 59 60 52 51 51 51 49 46 48 49 47 53 46 43 47 46 46
