43 44 44 45 44 43 45 44 49 46 42 44 48 44 42 43 43 50 43 44 43 43 49 45 46 44 42
43 43 38 44 50 44 44 46 49 46 46 45 45 46 44 44 44 47 44 44 46 41 45 49 45 43 44
43 43 44 44 45 44 44 51 54 48 46 44 44 44 41 44 45 46 45 45 49 44 43 44 43 43 44
44 44 43 44 45 44 48 52 67 64 47 45 46 41 44 50 45 48 46 42 45 48 45 43 44 43 43
43 44 46 45 48 48 47 60 184 164 54 47 47 46 46 44 58 63 55 47 46 48 50 45 44 44 43
43 44 46 44 46 48 61 88 142 157 55 46 47 47 45 49 100 129 82 57 46 55 54 44 43 45 42
46 51 45 46 45 46 52 65 96 64 49 50 46 45 46 46 73 113 103 82 48 47 45 44 43 45 41
46 43 44 42 45 44 46 53 52 47 45 44 44 44 46 44 53 85 69 72 47 44 44 42 43 43 43
47 45 49 43 45 47 46 63 52 46 44 44 45 43 44 44 46 62 80 66 45 46 42 44 47 43 44
43 47 44 42 46 45 48 65 46 44 48 44 46 44 43 44 46 62 71 56 42 43 44 42 43 46 43
41 43 50 44 45 50 56 105 55 45 45 46 46 45 45 46 50 86 77 48 44 43 44 47 45 43 44
42 44 44 44 47 51 81 156 67 52 47 45 46 45 46 47 58 133 102 49 45 49 44 43 45 43 44
43 40 45 51 47 53 107 149 74 48 47 47 49 47 46 48 71 147 97 46 46 41 44 48 44 44 44
45 40 45 50 48 59 158 157 95 51 48 51 52 49 49 50 89 153 126 47 43 45 49 44 43 45 43
44 50 47 46 49 94 197 168 105 56 50 51 53 51 49 56 135 189 168 54 45 43 46 44 43 44 45
44 50 48 48 51 130 237 201 134 62 55 54 56 54 53 70 176 210 201 59 46 44 48 44 44 46 46
43 47 54 50 55 151 262 210 155 68 56 57 56 60 57 86 204 245 215 75 47 45 42 44 46 46 44
44 47 48 50 50 140 251 180 139 68 53 54 56 57 59 102 214 250 202 58 46 49 45 46 45 43 44
43 46 46 46 50 106 175 140 101 60 51 50 51 51 56 85 163 168 142 54 46 44 44 44 44 44 46
43 44 46 44 48 84 116 114 82 50 48 48 48 48 51 66 111 152 103 46 45 44 42 44 48 44 44
43 43 44 45 44 66 84 91 59 49 44 45 46 45 47 52 85 103 64 49 43 43 44 43 43 44 44
44 43 45 45 45 58 68 86 62 47 46 46 43 45 53 53 71 77 50 50 48 44 42 44 42 43 44
42 44 44 45 44 52 92 80 57 48 46 46 47 44 47 71 71 64 48 42 45 49 44 42 43 42 43
43 44 45 49 46 58 96 104 80 50 46 47 47 47 50 70 70 68 51 43 48 48 44 43 44 42 43
42 46 48 48 52 71 125 136 109 53 50 50 51 53 65 91 135 103 64 51 47 43 44 42 44 45 43
45 46 48 48 54 92 136 135 114 69 52 58 54 61 108 119 103 106 56 47 46 43 44 44 43 44 42
43 47 50 47 58 107 129 119 99 71 58 53 55 87 96 96 93 78 63 49 47 44 42 43 43 44 44
48 46 50 55 68 116 164 146 130 104 57 58 70 102 117 147 106 108 61 50 45 44 49 44 44 44 43
44 46 50 59 72 123 138 123 125 90 56 58 67 103 108 108 101 93 59 48 47 44 46 48 44 44 44
45 46 54 58 67 101 108 97 84 77 60 53 63 93 82 84 76 75 54 43 46 46 45 46 44 42 44
43 50 59 65 92 87 103 109 97 89 70 58 78 106 85 103 86 74 54 48 46 55 48 42 44 42 43
47 50 68 71 63 85 101 133 123 122 103 85 104 121 107 111 93 74 54 51 47 47 49 42 43 43 44
48 59 63 63 60 65 107 127 132 153 114 115 124 144 111 101 79 72 56 51 46 45 51 44 43 44 43
72 65 59 60 67 66 114 145 133 195 104 177 138 156 123 98 76 67 54 52 46 45 62 44 43 45 43
53 58 57 58 64 68 136 153 145 181 106 181 139 179 133 102 77 70 55 54 46 49 81 44 44 43 44
44 51 62 62 70 88 109 135 137 149 117 153 134 141 112 90 72 62 54 51 47 51 49 43 44 43 44
46 51 58 61 81 96 111 121 117 128 84 106 115 121 93 82 68 58 52 49 48 44 46 45 42 44 47
45 61 55 66 94 107 129 121 119 101 88 95 101 122 96 82 73 56 52 49 46 46 46 42 44 49 44
45 51 53 56 72 99 110 114 96 125 90 93 96 104 96 70 60 51 50 49 53 51 42 44 48 44 43
54 69 54 63 62 75 103 108 92 115 75 84 96 86 76 64 53 51 50 50 67 51 45 44 40 44 48
92 126 88 72 71 106 107 131 114 97 73 82 98 100 84 68 58 54 57 58 74 49 44 44 44 43 44
103 143 78 63 70 90 96 131 128 94 84 84 110 111 80 71 56 52 53 73 83 48 45 44 44 44 43
56 182 79 62 65 98 98 125 134 102 99 98 120 119 81 70 56 54 55 89 85 46 45 42 43 44 44
46 206 126 83 59 90 111 155 128 124 119 131 133 111 80 68 57 61 65 95 107 45 45 44 44 44 44
49 113 326 98 62 69 103 135 130 142 138 144 134 107 89 73 56 62 71 159 127 46 46 45 44 44 44
56 69 159 108 61 68 97 137 136 150 142 166 153 126 108 82 54 59 77 112 70 54 45 44 44 43 45
46 64 118 109 68 68 101 137 149 151 158 155 165 137 113 85 61 60 72 100 65 47 47 45 43 44 44
46 58 99 118 82 80 116 159 159 144 163 161 189 147 116 93 76 62 100 99 56 49 46 46 44 43 44
46 56 85 107 109 97 116 159 172 159 177 163 179 127 100 96 76 68 92 115 56 51 45 45 45 43 44
46 54 86 131 128 111 126 151 148 141 158 149 170 127 100 98 92 76 102 121 60 46 48 44 46 45 43
54 54 80 145 151 128 153 165 149 140 135 150 158 116 112 112 99 94 114 132 51 47 46 43 44 44 44
49 56 72 192 191 159 210 191 156 140 123 148 145 121 116 108 95 110 108 103 53 46 48 46 43 44 44
48 53 67 125 162 186 218 197 160 136 114 137 129 118 110 103 99 102 107 76 54 46 47 45 43 44 44
50 51 57 74 123 167 165 157 126 121 105 112 100 96 82 87 91 82 72 59 47 44 46 42 44 49 44
48 48 54 55 72 121 120 106 100 95 93 91 79 73 66 67 63 59 53 56 46 44 45 41 43 49 44
50 48 54 55 69 124 120 102 97 93 96 96 78 73 69 68 61 57 55 49 46 44 44 44 41 43 49
45 48 52 58 72 90 99 91 90 95 85 87 75 71 73 74 61 56 51 49 47 42 44 49 44 43 44
46 44 51 54 61 71 76 80 83 84 87 90 71 71 72 63 60 54 51 52 47 45 42 43 48 43 44
51 46 53 63 64 64 84 86 89 95 87 93 80 75 71 65 59 61 55 56 53 45 44 44 41 43 47
50 48 61 76 76 71 93 99 109 113 101 112 99 84 70 70 61 71 64 63 52 48 49 44 44 44 42
46 49 67 72 71 70 84 92 118 113 102 117 100 83 76 73 65 83 64 62 55 52 45 47 42 43 45
46 54 65 75 79 70 84 92 105 110 109 134 103 85 82 84 76 88 75 69 57 50 45 43 44 45 43
49 49 59 62 72 71 76 83 94 93 101 126 94 85 84 75 66 72 59 55 53 53 46 44 46 41 44
54 51 52 57 62 62 70 80 72 80 87 111 91 77 69 64 61 60 56 53 55 56 49 44 42 44 49
