43 43 46 49 44 42 43 43 43 45 41 44 49 44 44 47 46 43 43 44 41 43 48 43 44 44 42
43 43 40 44 50 43 43 45 42 43 44 43 44 45 46 56 49 44 44 43 45 41 43 48 44 43 44
41 43 46 45 44 44 44 43 44 45 43 46 50 45 55 93 69 45 43 44 46 43 45 42 44 48 44
45 44 47 45 44 45 45 45 46 46 51 63 62 61 146 349 62 50 47 46 47 45 46 46 42 44 48
43 42 44 49 45 44 45 45 44 52 61 89 117 101 87 80 46 46 45 45 47 43 44 44 43 44 45
43 44 46 52 48 46 48 49 50 57 127 605 181 105 84 61 51 49 50 47 50 51 50 48 43 44 47
44 48 46 44 46 46 45 50 49 64 348 242 165 103 136 56 50 48 49 47 48 49 48 47 45 44 46
43 44 46 44 44 46 45 46 43 47 68 192 142 102 60 48 46 45 50 49 46 46 45 45 41 44 45
41 43 42 44 44 44 45 44 46 49 51 65 121 95 64 46 45 46 45 51 50 44 45 44 42 43 44
42 43 43 44 42 44 49 44 44 47 45 49 75 85 67 48 45 44 46 39 44 51 44 44 44 41 43
41 48 44 43 46 44 45 48 46 46 48 49 63 203 127 51 50 48 46 40 45 48 45 46 46 42 43
42 43 47 43 46 48 45 47 45 45 47 51 67 221 118 57 57 56 46 46 46 43 45 44 43 44 41
42 46 45 42 44 45 45 46 43 46 51 49 63 115 106 67 113 52 46 48 45 45 46 43 43 44 43
43 44 45 43 45 45 45 46 45 45 49 50 58 106 133 139 76 59 53 46 45 46 44 44 44 43 44
43 42 44 45 45 47 44 47 52 47 47 51 56 95 270 163 126 56 50 47 47 47 44 46 50 44 43
43 43 44 44 45 46 44 47 52 47 49 54 54 127 169 179 149 60 50 47 48 44 47 52 44 44 44
44 44 43 45 46 45 46 46 47 52 49 51 54 122 156 176 199 96 58 47 48 49 49 47 44 48 44
42 44 44 45 46 46 48 47 48 51 50 53 53 107 150 188 231 125 57 51 48 50 50 47 48 44 43
43 44 45 44 45 46 46 48 46 48 52 53 49 68 131 173 226 127 61 53 47 48 54 47 44 44 44
43 42 44 47 45 44 45 46 46 47 48 50 53 52 77 135 172 147 56 49 47 47 52 46 43 44 45
41 44 41 44 49 44 44 46 44 45 50 46 47 52 54 81 113 132 59 45 47 44 46 50 44 43 44
43 42 44 49 45 43 45 44 44 46 45 49 50 47 53 71 99 144 69 49 51 47 47 46 42 43 46
42 43 46 46 44 45 49 46 46 46 48 47 49 48 56 74 125 132 81 49 47 53 49 47 45 42 44
44 43 45 44 52 47 44 46 45 49 50 45 52 54 56 85 101 118 84 53 47 46 46 47 43 44 48
43 46 48 46 46 44 46 46 48 63 52 51 57 56 89 97 110 102 91 69 47 48 46 52 49 44 43
45 43 44 45 47 46 47 51 54 73 70 59 58 76 100 135 140 113 101 81 51 50 50 46 44 44 42
43 44 46 45 47 46 51 58 62 76 74 66 68 87 100 142 120 101 99 89 59 51 50 48 43 43 44
45 44 47 50 59 75 76 96 146 95 97 117 96 106 142 187 163 156 137 110 68 62 59 52 46 43 44
43 46 50 71 83 83 81 92 103 94 95 97 88 120 152 129 123 117 100 92 62 54 55 50 44 45 41
43 44 66 68 63 72 64 94 74 83 74 116 78 98 86 128 100 89 84 81 54 52 51 47 44 44 42
48 56 76 90 82 97 106 151 130 148 175 4095 204 213 168 219 172 152 132 124 97 106 115 94 56 49 50
47 44 65 77 55 54 75 101 98 105 98 161 109 144 108 127 134 101 80 75 53 53 54 51 43 44 48
44 46 59 57 52 53 77 97 96 113 109 133 126 142 118 124 109 109 84 69 52 53 53 50 46 44 45
46 44 63 64 53 53 80 123 72 111 109 142 143 143 118 123 94 91 72 61 56 52 53 51 44 43 44
46 43 48 53 57 64 71 146 67 107 118 142 149 166 107 117 94 82 72 55 53 55 55 53 46 42 44
42 44 46 50 66 71 74 134 76 101 122 145 150 163 104 104 91 73 64 54 50 52 54 49 45 46 46
42 43 46 51 72 66 74 123 79 88 100 104 117 152 98 97 83 74 63 51 48 51 54 50 47 44 42
43 43 50 76 100 90 71 79 78 81 81 94 124 131 97 92 102 78 56 51 50 50 52 52 45 42 44
44 49 47 67 73 73 76 87 82 89 91 99 129 126 89 80 73 61 50 50 55 50 51 49 43 43 44
43 45 51 68 67 74 72 95 92 91 85 100 127 123 93 76 85 62 57 48 51 50 52 50 45 44 42
43 46 56 63 71 77 76 99 95 88 90 97 111 128 97 85 84 69 58 55 50 53 54 48 45 47 44
48 44 48 55 64 76 75 94 95 78 96 97 106 129 92 85 75 66 63 51 51 54 56 54 47 44 44
48 44 46 52 61 85 80 97 95 84 106 106 113 131 89 87 78 70 68 54 53 59 79 71 46 44 49
46 45 47 56 62 82 89 106 98 100 101 108 118 107 85 85 82 70 65 59 56 75 114 123 57 44 45
44 44 45 54 69 78 84 101 91 94 95 104 114 103 98 108 110 93 82 69 65 89 254 275 62 45 44
44 45 46 58 72 85 90 96 93 100 94 115 120 113 116 139 141 118 95 81 71 117 288 265 109 49 45
44 44 51 63 80 88 86 93 99 91 100 115 118 118 135 143 149 125 118 86 84 175 302 239 103 42 45
43 46 51 63 81 84 81 102 93 86 111 113 133 125 128 163 168 144 136 110 115 234 226 206 121 46 42
46 46 52 66 85 92 93 104 104 103 124 115 134 105 111 157 158 136 149 133 191 288 228 202 89 51 44
44 45 54 73 85 95 91 98 103 102 114 122 142 106 112 154 163 160 180 186 262 256 220 169 60 46 45
44 51 55 78 85 94 101 103 105 109 105 138 147 99 114 157 180 194 214 262 259 280 298 179 51 50 50
46 45 56 84 94 96 117 113 120 114 113 146 141 94 118 147 163 193 225 282 256 357 300 152 53 49 46
45 45 49 61 82 105 135 129 124 115 116 145 140 91 108 143 157 183 214 294 264 270 287 125 52 46 46
45 44 47 52 59 86 101 127 121 108 105 126 101 76 93 116 135 149 166 232 279 219 187 80 50 47 45
46 45 45 47 54 65 120 97 92 95 98 99 78 69 85 100 98 118 128 174 183 145 105 61 48 43 44
42 46 46 47 61 52 64 72 73 70 78 77 77 71 69 99 88 87 93 127 97 76 68 52 47 44 42
43 42 44 45 50 50 53 63 68 69 77 67 60 66 74 131 74 84 87 88 68 64 55 49 46 42 43
51 53 56 67 76 80 88 102 97 103 112 160 130 158 204 2921 255 223 163 139 119 123 127 101 59 48 47
45 46 50 48 47 48 47 51 51 52 53 60 60 63 81 159 96 98 78 70 62 58 61 51 44 44 42
46 43 45 48 50 48 53 58 57 54 57 61 59 62 83 121 117 126 97 77 69 64 58 58 45 46 44
50 44 45 53 55 51 58 60 58 56 57 67 66 63 98 134 156 195 132 80 80 79 66 63 47 46 44
48 45 49 59 59 56 61 60 60 60 62 70 70 69 110 179 188 283 206 95 93 91 76 62 55 45 46
45 50 49 56 57 52 56 56 59 56 58 69 67 68 100 159 169 225 138 93 89 88 75 62 50 45 45
45 40 48 56 51 53 52 49 52 51 51 60 57 60 81 98 126 113 83 74 74 81 72 55 45 46 44
