42 43 45 49 46 48 44 44 47 45 48 49 44 45 50 46 43 46 44 43 44 42 42 44 44 43 44
42 44 40 46 53 46 44 46 54 51 56 56 52 54 48 47 41 43 44 43 44 42 43 48 44 43 43
41 44 49 45 45 46 46 50 60 62 62 70 61 65 54 46 44 43 44 44 45 42 43 43 44 44 44
43 44 49 44 44 44 45 50 59 71 71 98 71 65 52 46 44 43 45 43 45 42 43 44 43 44 46
53 59 56 56 54 54 63 72 90 106 337 1582 557 95 75 69 57 55 50 47 48 46 45 45 46 45 46
49 55 52 46 50 56 55 62 71 93 226 1088 328 74 68 60 53 50 48 44 45 46 45 45 46 45 46
45 43 44 48 44 44 45 43 51 62 76 96 72 50 51 47 43 43 43 46 42 45 50 44 44 44 42
43 43 42 43 46 43 44 44 45 54 62 70 62 49 49 46 42 42 43 44 43 44 43 43 41 43 47
42 43 43 43 44 43 44 44 46 49 71 59 55 58 49 43 42 43 46 44 44 47 43 42 46 42 43
41 43 44 43 44 44 44 44 49 52 88 56 49 49 47 44 43 42 44 49 44 43 44 41 43 43 43
42 43 46 42 44 48 44 45 46 64 87 49 48 47 44 44 43 44 40 43 49 44 45 44 41 43 44
43 43 44 44 43 44 45 45 48 90 88 46 46 47 44 45 44 49 44 43 44 42 43 43 43 46 46
44 45 45 42 44 44 44 47 54 109 108 52 46 46 45 46 41 44 48 43 45 44 42 43 43 43 46
44 45 47 45 43 44 45 52 111 127 85 59 52 48 47 47 42 44 49 43 45 44 42 43 44 43 44
44 44 45 44 44 46 44 59 129 114 99 66 55 52 49 46 46 44 46 42 46 42 44 48 44 43 45
45 47 44 45 45 45 48 69 141 144 116 85 59 54 50 49 47 46 45 40 44 46 44 46 44 42 45
43 47 44 44 46 46 48 92 149 133 110 78 55 59 50 50 46 44 46 43 43 44 44 43 46 45 43
44 45 45 43 45 45 45 64 110 118 108 62 49 52 48 49 46 49 45 42 49 42 42 44 40 43 49
43 45 45 43 45 44 46 52 99 111 86 56 47 49 46 47 44 45 44 44 41 43 49 45 43 45 42
43 45 40 43 50 44 45 48 71 87 76 53 47 47 46 48 44 44 44 43 44 43 42 43 47 44 42
43 44 43 44 47 45 44 48 75 96 74 53 47 52 46 45 43 43 44 43 45 43 43 47 43 42 44
43 45 48 44 43 44 44 48 65 104 93 58 47 47 47 47 46 45 44 43 45 44 44 43 46 44 42
43 46 45 44 43 45 52 55 95 105 106 62 50 49 50 55 48 46 44 39 44 49 44 43 45 42 43
43 47 46 44 46 44 49 74 114 129 121 61 51 54 59 68 56 48 43 45 42 44 44 44 44 44 44
46 51 47 50 48 46 52 110 144 143 125 70 61 65 118 105 71 51 46 43 44 45 43 44 47 44 44
47 50 48 47 47 49 60 100 186 143 123 82 61 92 113 101 92 55 47 45 44 44 45 43 44 44 44
46 50 46 47 46 49 63 98 157 138 115 73 60 96 104 126 91 58 49 46 44 44 44 42 44 48 44
48 54 50 50 53 51 95 136 177 165 143 82 75 122 147 171 131 91 55 47 46 48 45 44 44 44 44
47 53 51 49 47 50 91 136 137 145 116 70 69 127 137 157 109 87 62 51 46 45 46 42 43 44 43
46 50 49 44 50 55 86 96 108 127 106 71 63 130 108 122 97 87 55 47 49 44 44 44 42 44 44
48 54 52 50 51 65 97 135 127 139 140 107 91 146 138 164 126 110 70 47 46 43 44 45 44 44 46
52 60 56 50 53 64 96 142 169 175 165 129 131 196 170 193 158 104 78 49 46 46 44 44 44 44 45
52 60 56 53 54 60 95 136 159 183 169 163 156 179 185 169 145 109 74 51 46 46 43 44 45 44 45
53 60 55 53 54 59 91 166 152 195 160 196 159 152 188 159 111 113 71 52 47 46 46 43 44 45 44
53 61 55 53 55 62 103 163 140 170 146 233 179 187 165 142 119 100 71 43 46 50 45 45 45 43 44
49 57 53 51 55 61 108 124 135 150 152 145 167 170 127 115 126 78 58 46 45 45 47 44 46 44 43
48 53 52 48 52 68 102 118 124 106 116 126 112 137 126 119 84 68 52 46 43 45 48 44 44 44 42
47 51 53 47 56 57 97 95 113 105 86 105 92 111 111 101 97 71 52 45 48 44 46 44 42 43 44
45 48 48 47 51 53 65 84 95 99 79 90 90 80 80 81 68 61 46 45 49 44 45 44 42 43 44
45 49 51 50 49 56 72 98 103 88 74 70 71 75 74 68 65 55 48 43 46 46 44 45 44 42 44
50 52 57 48 47 59 87 115 128 104 85 83 86 85 78 73 66 57 49 44 44 46 43 43 44 41 44
53 60 51 49 48 52 79 124 130 108 104 87 91 98 78 74 65 53 49 43 45 43 43 44 41 44 50
69 71 51 51 51 52 84 124 149 124 119 100 117 122 92 83 67 53 47 45 45 48 44 42 42 44 43
123 122 56 53 53 54 84 141 158 155 140 131 149 129 93 81 69 51 48 45 45 45 43 45 48 44 44
242 257 75 53 54 61 97 142 157 168 149 150 161 138 113 95 70 54 47 46 46 45 45 44 42 45 49
254 290 112 57 57 68 112 159 185 188 157 199 197 162 137 109 71 57 49 46 46 45 48 43 44 50 45
160 246 134 60 68 87 115 168 200 180 175 184 190 162 139 109 68 56 50 49 46 46 45 44 44 45 45
86 238 192 79 85 104 123 191 192 169 181 181 202 181 129 112 76 58 50 50 47 45 45 43 44 45 43
79 222 164 87 136 154 147 203 212 191 192 178 206 176 124 113 76 60 46 47 51 48 45 45 44 45 45
59 191 174 108 163 171 164 193 168 165 170 174 225 189 140 135 81 60 50 47 51 47 45 46 44 45 45
58 158 170 140 173 171 193 182 165 152 143 189 228 189 183 171 87 62 55 47 47 46 44 44 45 45 46
57 106 172 290 231 178 215 184 170 150 142 178 201 203 201 172 95 61 55 47 46 46 45 45 46 44 46
57 73 170 181 155 185 248 206 180 145 130 170 196 235 225 175 110 64 55 51 48 46 46 44 44 45 46
53 63 74 103 137 151 173 165 133 113 107 128 140 235 184 157 114 66 51 42 46 51 45 45 45 43 45
48 51 51 54 58 79 88 94 93 84 86 89 86 103 100 120 103 65 49 46 44 44 48 44 44 44 42
45 46 47 46 47 52 59 68 71 68 69 66 61 59 61 89 98 71 52 48 43 45 49 44 43 44 42
45 45 46 46 47 49 54 64 76 70 70 65 57 56 59 73 81 82 59 60 52 46 44 44 42 43 44
45 47 50 46 48 48 53 60 67 74 68 68 57 59 67 80 84 89 66 71 59 50 44 44 42 43 44
47 49 53 50 52 50 58 67 78 81 72 74 68 65 74 79 90 97 82 77 62 66 46 48 44 42 43
68 51 52 58 60 55 78 83 96 92 93 90 78 69 78 85 99 110 92 74 67 63 54 52 44 44 44
56 54 57 64 67 61 81 86 106 105 101 104 96 81 90 104 114 148 110 74 70 69 54 48 47 44 45
49 64 62 71 71 65 81 86 97 94 106 118 106 88 104 136 124 199 139 77 74 72 57 46 47 44 47
47 63 63 66 64 62 74 76 82 82 90 111 92 79 94 127 114 138 88 70 70 76 58 46 51 45 43
46 51 52 55 57 65 66 68 62 63 64 87 71 68 74 81 86 77 61 55 61 69 58 47 45 45 46
