44 44 43 45 47 44 42 44 43 44 45 43 44 48 44 42 44 43 42 43 43 42 45 42 46 48 43
43 48 44 46 45 44 43 44 44 43 44 46 42 43 48 44 42 43 42 43 45 43 49 43 42 43 43
44 51 53 49 45 43 44 46 46 45 49 48 44 44 43 43 43 43 43 47 43 42 44 42 44 46 43
45 51 70 59 46 45 45 47 48 47 47 60 48 44 43 43 46 43 42 47 44 42 44 41 44 48 44
53 59 152 98 57 51 50 69 72 65 58 56 46 42 44 43 42 44 45 42 44 43 45 45 42 44 48
58 82 289 441 93 70 74 173 108 124 68 56 47 51 46 43 42 44 44 43 45 43 48 49 44 43 44
53 95 192 140 72 69 72 112 136 132 71 52 45 45 43 44 43 42 44 44 44 44 42 46 47 44 45
46 62 81 57 49 56 47 65 87 75 63 50 45 44 44 44 43 43 44 42 44 42 43 42 43 44 43
50 63 53 53 46 46 45 51 75 85 48 46 46 44 44 41 39 42 43 46 45 44 42 43 44 43 44
44 60 46 50 51 45 47 48 60 80 54 44 45 44 44 43 42 42 42 43 50 44 44 43 42 44 44
46 67 47 48 51 47 46 46 69 112 52 46 47 49 44 44 43 43 44 48 45 44 44 42 46 45 43
51 118 58 46 48 52 47 49 82 126 59 47 45 45 44 44 42 43 44 43 44 43 42 42 44 43 44
59 160 76 51 51 46 49 53 80 113 70 46 45 45 44 44 42 46 44 42 44 42 43 44 42 44 48
80 154 103 51 51 50 49 51 99 116 88 52 44 44 45 43 42 43 44 45 44 43 44 42 43 44 42
105 146 108 52 53 55 51 53 101 131 118 55 45 45 44 44 42 43 40 43 49 44 45 45 42 44 44
124 168 145 61 55 54 57 58 128 157 132 84 47 46 46 42 43 45 44 40 44 44 43 44 43 46 45
133 188 200 80 60 58 62 69 136 170 146 91 49 46 46 44 43 44 44 38 44 48 44 45 44 42 44
158 187 156 80 62 58 58 63 140 163 132 89 48 46 45 45 44 43 45 44 43 44 45 44 43 44 44
136 168 164 72 58 56 56 64 95 127 117 80 48 46 44 44 44 42 44 48 44 46 44 43 43 44 44
94 110 106 65 51 50 50 51 65 91 98 70 54 44 44 44 42 44 43 44 46 43 46 44 42 43 43
56 80 82 51 47 50 48 46 50 67 85 74 47 44 48 44 42 44 42 43 47 43 45 43 42 43 43
53 84 68 47 48 46 46 47 46 74 94 62 48 45 43 43 44 43 42 45 42 45 44 41 43 48 43
49 74 88 50 49 46 47 48 48 73 98 65 51 45 43 43 46 44 43 45 44 43 44 42 43 46 44
58 83 79 53 48 48 49 48 53 94 107 67 47 44 45 43 43 42 46 42 44 43 43 44 42 43 47
76 214 150 77 63 60 58 61 82 121 131 94 50 48 48 43 42 43 45 43 44 44 44 47 44 42 44
75 115 134 85 58 60 55 59 96 108 108 95 47 46 50 44 43 42 43 44 44 45 42 43 48 44 42
65 128 122 96 58 58 58 74 94 112 95 87 56 46 43 44 43 42 43 44 43 44 43 43 47 44 42
101 139 170 137 70 67 70 103 127 140 129 112 75 47 47 45 43 43 48 44 44 44 43 47 46 43 44
109 137 159 134 78 76 85 110 115 123 116 102 64 49 52 44 44 44 46 44 42 44 45 44 44 42 44
95 119 143 123 79 70 71 91 94 102 97 108 60 52 47 44 45 44 43 47 45 42 44 43 43 44 41
143 231 259 189 132 117 129 171 164 182 159 4095 79 62 55 54 49 48 46 47 48 47 48 46 48 50 47
95 163 191 135 96 91 110 173 150 140 120 135 63 57 51 46 49 46 45 43 44 43 44 44 42 44 49
104 174 141 118 91 80 113 164 142 131 118 111 59 51 50 45 44 48 44 45 44 43 44 43 43 44 42
127 266 208 158 106 95 139 201 172 159 125 109 58 50 50 44 49 47 46 44 43 44 44 44 45 42 44
104 118 122 139 111 93 190 194 163 127 102 108 63 58 50 46 45 46 44 44 43 45 43 44 46 45 42
98 119 157 149 164 129 181 188 151 125 110 92 62 49 49 49 55 46 44 41 45 49 44 44 44 42 44
92 127 174 160 159 133 178 161 124 113 95 74 56 50 48 45 46 44 43 44 45 44 44 44 44 44 44
114 175 230 233 233 147 177 175 147 113 95 82 54 52 51 46 46 42 45 49 45 45 45 43 44 44 44
101 159 157 183 198 127 147 133 124 111 95 71 54 50 48 46 44 45 42 44 48 44 44 44 44 44 44
87 138 148 165 155 129 120 111 108 103 89 64 51 48 47 48 43 44 44 44 48 44 44 43 43 44 44
91 170 182 160 138 110 101 140 128 117 92 76 50 48 51 52 47 43 44 45 44 43 45 44 44 44 44
77 169 164 144 132 123 104 146 150 121 103 71 51 51 58 52 47 45 44 44 45 44 44 45 44 45 44
85 172 162 149 156 150 126 163 157 111 108 74 53 52 66 51 44 44 48 42 44 45 44 44 45 44 47
96 165 164 163 166 189 164 212 153 122 96 79 55 62 66 51 43 44 45 44 45 46 46 46 44 42 44
81 124 152 178 185 190 168 190 141 119 87 69 52 71 94 62 45 43 44 45 44 44 45 44 46 44 43
92 129 171 205 211 186 183 190 170 115 83 74 57 91 178 53 45 49 44 44 45 43 44 44 44 44 43
84 150 174 198 206 192 188 193 154 119 87 68 58 80 88 47 45 46 42 44 43 44 49 44 44 44 43
112 194 198 212 208 218 186 216 152 116 96 73 60 78 73 47 46 45 45 46 44 44 45 44 45 44 44
142 224 189 202 224 235 192 216 167 136 113 75 63 81 64 46 45 45 45 46 46 44 44 44 44 45 43
185 220 209 213 216 211 185 192 162 132 121 79 76 79 63 48 45 45 44 46 46 43 45 45 44 45 45
236 277 218 228 216 204 204 198 180 144 124 95 88 80 65 47 45 46 46 44 45 45 45 46 42 45 48
317 412 349 319 262 233 252 232 230 197 147 127 86 90 63 49 46 47 46 45 46 46 46 46 44 45 47
266 293 258 253 221 205 235 234 224 187 136 113 95 75 58 45 50 46 46 45 44 45 45 45 45 43 45
243 233 187 198 172 167 180 184 160 136 113 115 76 60 52 46 44 45 42 45 49 45 44 44 43 44 45
154 196 148 158 157 183 166 148 128 109 96 89 61 50 51 50 44 44 45 39 45 49 44 44 44 43 44
154 213 180 184 196 254 195 156 138 118 102 88 65 54 51 47 45 45 44 45 45 40 45 50 44 44 44
157 216 181 181 220 233 166 140 126 114 92 86 62 54 52 48 46 44 45 49 45 45 45 44 44 45 44
156 224 165 165 165 159 140 119 106 98 85 79 58 51 50 46 45 45 45 45 46 49 46 43 44 43 44
155 181 169 172 153 139 136 119 95 89 81 71 53 51 51 47 46 47 48 46 49 47 44 47 43 44 44
156 200 186 190 174 154 150 128 114 93 80 75 54 51 53 50 51 51 47 50 48 48 46 51 44 43 44
161 194 203 200 169 157 135 119 102 88 72 72 54 51 56 50 48 59 54 50 50 48 45 51 44 44 44
175 200 200 183 164 140 126 108 89 84 71 73 56 49 54 57 50 61 52 48 48 51 46 45 46 44 44
156 165 162 154 130 110 97 91 83 78 66 64 52 49 52 52 49 51 49 44 47 57 48 44 44 42 43
131 142 115 110 99 97 85 75 68 65 60 60 50 51 53 49 53 49 47 50 49 56 51 44 45 44 44
