44 44 44 44 44 43 44 46 46 44 46 47 45 45 48 43 43 46 44 42 44 42 44 46 44 44 47
43 44 46 41 43 44 43 44 46 43 47 51 47 46 44 43 42 44 48 44 43 46 45 43 44 43 44
43 43 44 42 43 44 42 44 48 44 45 71 58 46 44 42 43 44 46 46 45 48 45 42 44 42 42
42 43 44 42 45 43 44 48 44 43 50 76 80 51 43 46 46 46 43 46 46 50 49 44 42 43 42
43 45 47 46 46 46 50 47 49 53 68 200 303 74 55 50 63 65 62 55 50 50 49 46 43 44 44
43 44 47 48 46 47 48 50 54 56 86 326 185 76 59 54 116 94 95 73 50 48 50 45 43 44 45
43 45 50 45 46 45 46 47 48 56 67 170 84 53 48 49 80 96 95 111 50 44 43 44 43 45 44
43 45 48 45 47 44 44 45 45 65 63 71 53 46 48 43 58 79 113 100 50 45 44 44 43 44 42
43 42 44 44 44 48 44 44 45 50 59 50 47 44 43 44 49 62 103 69 44 43 44 42 47 46 43
41 44 48 44 44 44 43 44 46 55 86 50 45 45 45 43 45 68 111 52 45 42 43 44 43 43 46
43 42 45 49 45 44 47 44 46 63 98 47 46 45 45 43 46 83 136 50 46 46 42 43 48 44 43
43 44 45 43 44 45 46 48 47 94 110 48 46 46 45 44 47 110 189 64 42 44 49 44 44 44 43
43 45 40 44 50 45 46 49 55 107 109 53 47 46 47 45 52 135 168 63 44 43 48 43 43 44 42
42 46 40 45 50 46 46 51 89 120 100 59 48 50 47 46 63 150 169 89 46 41 44 48 44 44 45
40 46 52 46 46 46 47 63 126 115 113 59 49 51 49 45 84 154 172 120 45 45 42 43 44 43 45
41 46 53 47 46 48 51 67 157 158 113 73 52 52 52 47 122 203 212 154 50 42 44 44 44 45 46
44 45 49 53 48 48 53 78 173 175 126 73 54 52 55 50 153 226 230 172 49 48 43 43 46 46 45
44 45 48 52 47 48 53 72 154 154 103 65 55 51 53 52 139 214 231 158 49 45 43 43 44 44 45
42 46 44 46 51 46 49 63 115 110 79 52 50 50 49 53 109 145 164 105 48 44 44 44 44 46 48
43 44 44 45 43 46 51 56 73 88 64 48 47 46 47 46 69 114 129 80 47 43 44 42 44 48 44
41 48 43 43 45 43 46 50 61 79 58 46 46 45 45 47 53 93 93 59 46 42 43 44 43 44 44
42 44 42 44 49 44 46 47 54 80 53 46 46 44 45 49 48 72 75 57 45 45 44 42 43 43 43
42 44 45 43 45 47 46 52 77 94 57 47 46 47 44 46 55 68 57 54 49 43 46 44 43 43 44
42 45 44 45 46 46 48 62 91 115 79 49 48 48 49 49 71 90 68 69 52 43 44 44 42 43 44
44 45 46 47 45 47 54 69 114 122 98 56 51 50 63 57 77 98 102 74 50 44 43 43 43 43 45
43 47 48 50 48 49 58 80 110 110 101 67 59 54 115 105 110 100 116 67 48 44 42 44 43 43 44
42 46 49 46 45 46 55 72 97 93 85 68 53 51 67 71 88 86 84 75 46 46 44 42 44 43 43
45 48 50 49 49 50 74 100 121 129 118 77 61 66 99 107 130 130 109 77 51 46 44 47 44 42 44
42 50 49 48 49 52 81 110 111 106 104 69 60 85 95 101 98 100 89 65 47 45 42 43 48 44 43
43 46 49 46 47 52 77 90 89 91 89 71 55 81 84 89 86 81 76 58 46 44 44 43 46 44 42
43 47 50 47 49 66 76 105 95 107 103 94 67 100 98 101 95 99 74 62 46 44 48 44 43 44 43
44 50 50 52 56 66 82 108 131 136 127 112 97 143 127 108 107 90 82 65 50 44 47 44 42 44 44
43 51 50 52 55 55 87 105 116 138 132 128 119 153 139 96 97 89 77 57 49 43 44 48 44 43 44
44 50 54 51 52 59 77 122 123 141 124 138 127 147 143 100 100 79 75 54 49 45 44 47 44 42 44
45 53 58 53 54 58 84 139 113 147 120 146 139 181 148 97 98 86 77 57 49 44 44 44 43 44 47
44 49 54 56 53 60 92 113 116 123 116 111 125 152 122 88 101 77 69 52 48 43 44 44 43 44 48
43 49 51 53 53 67 87 99 98 90 96 94 94 141 97 89 75 67 58 49 46 45 43 43 44 43 44
43 49 50 49 56 57 88 84 93 92 72 88 78 96 93 74 80 67 54 48 46 44 43 44 41 44 49
43 47 46 50 47 54 69 76 79 83 69 85 84 86 89 80 75 59 51 48 46 43 45 41 44 49 44
42 50 47 48 49 54 70 99 91 80 69 71 67 74 74 66 63 54 50 48 46 44 42 42 44 41 44
43 51 49 52 55 61 87 114 126 97 83 70 80 91 81 70 68 59 53 55 47 44 44 42 43 44 44
46 60 59 53 51 58 78 112 131 100 103 78 89 97 80 67 68 58 47 51 49 44 44 44 44 42 44
44 134 90 54 52 60 83 113 139 111 119 96 101 110 86 67 67 58 54 54 53 44 44 44 42 43 45
44 232 208 72 52 58 95 132 135 136 135 131 133 114 82 68 61 58 63 56 52 46 44 44 44 44 44
45 226 186 89 55 60 95 143 135 145 134 132 133 117 98 70 64 58 61 61 56 50 53 44 46 45 43
45 185 185 105 60 66 116 164 168 155 141 164 168 134 114 83 65 66 66 87 110 81 47 44 44 47 45
45 145 184 119 67 82 128 171 181 161 158 156 168 140 122 81 67 66 80 180 188 61 46 46 45 43 45
44 125 178 145 86 107 136 180 170 149 161 170 189 154 116 87 72 70 100 172 149 59 47 45 46 45 44
44 124 140 137 130 153 154 189 185 174 162 176 192 148 100 82 70 77 117 138 106 59 49 45 46 46 44
45 104 157 152 164 165 178 187 165 157 160 163 194 150 109 86 77 101 122 150 93 51 46 48 46 47 46
51 86 149 153 187 185 230 203 173 160 146 177 205 169 134 98 97 118 122 131 61 49 51 46 44 45 45
47 66 167 257 202 204 255 209 175 158 148 174 193 168 150 100 97 117 110 92 58 45 46 49 45 45 46
46 59 92 187 162 186 234 205 185 149 134 170 174 152 140 105 103 113 98 67 55 50 45 47 45 43 47
50 56 64 87 120 154 178 162 146 133 115 143 122 119 110 97 103 100 77 59 51 45 45 45 42 44 49
44 52 55 61 71 95 127 121 116 105 104 107 95 94 85 78 81 72 60 51 48 45 44 44 43 44 48
43 53 53 51 56 71 93 97 92 86 79 82 81 71 69 65 59 55 51 52 45 44 44 43 44 42 44
41 48 55 51 58 64 80 91 96 88 80 79 73 70 70 64 56 52 50 50 46 45 42 44 47 44 43
44 49 46 52 55 61 78 90 85 87 76 76 66 59 62 62 55 51 48 48 46 43 44 41 43 48 44
46 52 51 56 64 62 84 102 94 88 79 74 64 59 59 53 55 52 52 50 46 45 44 42 44 41 44
67 51 60 71 81 80 119 120 120 102 93 85 73 66 60 56 58 59 57 60 52 45 45 43 43 44 43
59 53 73 81 86 100 129 131 133 108 95 94 80 64 67 60 63 76 61 55 54 46 45 45 44 42 43
46 65 75 84 92 99 136 130 124 99 93 104 79 63 72 63 63 82 65 60 59 47 44 44 42 43 45
43 59 76 81 72 82 113 109 106 95 91 95 70 60 65 64 59 70 60 54 50 47 45 42 43 46 42
46 52 61 62 70 84 86 93 81 75 68 78 66 60 57 53 59 54 54 52 50 51 46 43 44 42 44
