44 43 44 45 44 42 44 47 44 46 44 42 44 44 43 44 43 42 44 47 44 45 44 41 44 44 43
45 44 44 47 45 42 43 44 44 46 41 44 50 44 43 44 43 45 42 44 46 45 46 43 44 44 44
43 42 44 43 44 44 43 45 47 46 46 45 45 46 45 43 46 46 44 46 46 43 44 43 44 46 44
48 45 44 44 43 43 44 44 51 51 46 49 48 49 47 46 45 45 46 41 44 45 42 44 43 43 44
40 44 52 45 44 44 44 46 67 77 55 51 56 84 61 48 48 45 47 42 45 46 43 44 45 44 46
43 51 48 46 46 45 51 59 122 426 74 76 141 144 95 60 51 46 46 46 47 52 48 44 48 44 43
44 46 47 45 46 47 50 67 168 244 97 78 101 140 96 73 50 46 46 48 47 47 46 44 46 44 42
44 44 42 44 45 48 44 57 88 72 63 56 59 126 97 55 46 45 45 46 45 44 42 43 46 45 48
43 44 44 44 44 46 46 54 60 53 50 47 48 60 99 62 45 44 50 49 45 42 43 44 42 44 47
43 42 44 50 44 54 48 57 59 49 46 46 50 53 103 78 42 44 45 44 45 45 42 42 44 42 43
42 44 42 44 49 56 59 100 79 49 47 46 47 71 134 97 49 46 46 44 45 42 44 44 43 44 46
43 43 45 49 45 46 56 163 111 51 47 47 51 72 108 91 57 47 46 43 45 45 44 44 43 43 46
44 44 46 44 45 47 57 127 91 52 47 46 47 61 92 84 79 52 45 43 45 45 43 44 45 43 45
44 44 46 45 46 48 89 150 118 55 47 48 50 59 106 104 83 58 44 45 44 44 45 43 44 44 43
43 46 46 46 46 56 127 146 123 61 50 49 52 62 193 126 107 51 50 46 46 46 43 44 44 43 44
42 47 45 46 52 61 168 174 169 66 54 51 54 77 131 136 135 57 46 49 47 47 46 42 44 44 43
44 47 49 46 53 83 215 191 161 77 56 53 53 101 131 139 170 71 46 43 46 47 45 44 45 42 44
48 49 49 47 49 73 204 200 162 92 57 58 56 90 122 166 182 85 49 46 47 46 45 45 42 44 49
44 50 47 48 48 78 189 161 146 83 51 53 58 65 108 138 145 65 47 46 47 47 46 42 44 44 44
44 46 48 44 47 65 169 136 114 69 56 50 50 54 77 114 110 68 50 45 47 46 43 44 44 43 45
43 44 47 45 44 47 71 92 91 54 48 52 47 48 55 73 78 70 45 44 45 44 48 44 42 43 43
43 44 45 45 45 49 61 104 89 52 47 48 46 49 57 79 72 57 49 42 45 42 44 48 44 43 44
42 45 43 44 45 48 51 76 74 59 49 46 46 47 55 87 72 55 50 47 44 44 44 43 44 46 44
43 45 45 44 46 47 54 91 97 62 57 47 48 48 62 86 73 58 50 44 44 45 42 44 49 44 43
43 46 47 44 45 47 70 126 108 70 71 54 50 54 97 95 83 61 47 46 44 45 50 45 44 44 44
44 42 47 51 46 48 82 107 115 85 91 57 57 67 123 113 95 70 46 46 44 46 50 44 43 44 42
44 46 42 46 51 51 89 94 99 74 85 53 53 80 100 122 87 72 48 46 47 43 45 48 43 44 44
44 45 49 51 47 57 106 116 118 143 93 58 66 108 121 142 119 103 61 47 48 46 46 43 44 48 44
44 48 51 47 46 66 100 116 96 134 77 61 65 106 108 123 95 93 58 46 48 45 45 45 44 44 48
43 46 48 45 51 57 70 89 89 82 72 55 58 96 82 97 81 74 57 44 46 44 44 44 42 44 48
44 57 50 50 48 61 81 103 105 96 95 58 76 110 98 115 95 86 62 45 47 47 45 46 49 44 45
47 57 51 48 51 63 80 138 110 123 107 74 90 140 121 133 106 84 62 48 48 48 49 50 61 45 45
46 52 50 49 47 54 98 112 122 140 116 103 119 146 145 117 99 89 62 48 49 48 47 44 46 61 44
48 53 50 52 50 54 86 137 113 141 124 132 142 155 147 123 95 89 61 49 50 58 48 44 46 50 44
48 52 50 51 54 63 92 126 149 137 142 126 147 170 147 127 100 89 62 51 51 52 48 43 57 44 44
43 50 52 50 55 79 100 147 125 133 140 127 127 150 122 113 95 79 55 54 51 49 47 44 58 45 44
44 48 51 46 53 84 99 122 115 111 110 97 108 130 96 96 84 71 59 46 54 48 46 45 44 44 44
43 50 54 59 54 90 100 131 139 112 91 110 107 116 100 95 92 74 54 47 50 47 47 46 44 44 46
45 51 54 49 51 67 99 142 127 132 96 128 98 101 99 89 80 69 57 49 50 49 67 51 44 44 44
45 60 57 51 48 56 71 120 101 113 85 109 93 81 84 73 70 56 45 48 54 51 119 51 42 44 44
43 110 93 52 51 53 71 118 115 95 69 71 68 83 80 70 67 56 47 44 50 74 116 50 44 43 44
43 138 105 50 49 50 86 120 125 109 89 71 75 93 81 77 67 60 48 49 54 115 113 40 44 48 45
43 150 92 51 49 53 84 119 115 101 95 75 84 106 81 78 70 57 50 51 67 125 92 44 48 44 43
45 194 126 55 49 51 74 124 107 115 105 97 102 102 82 76 70 56 51 53 96 154 69 48 44 43 44
46 371 226 72 50 50 67 104 108 117 109 111 117 102 94 84 78 56 48 63 133 213 53 45 43 44 45
56 265 304 90 52 53 65 110 125 127 114 127 145 124 107 95 87 56 52 73 142 204 61 47 47 45 44
50 92 150 89 50 53 70 114 129 128 133 127 136 128 125 101 86 60 51 73 112 99 50 42 45 49 45
53 74 130 104 53 54 81 134 133 115 136 144 147 146 125 118 99 66 52 85 106 77 51 45 46 44 44
50 61 96 97 60 56 97 134 144 136 155 137 165 136 102 109 91 77 57 88 123 76 48 46 42 44 49
44 59 96 108 71 72 107 130 132 129 145 139 178 143 110 118 105 93 66 118 151 71 47 45 46 42 45
45 57 97 114 85 127 148 181 169 147 139 158 177 145 146 145 132 113 72 152 138 63 47 45 51 45 46
46 58 112 182 116 161 202 219 209 162 140 161 164 143 154 181 131 130 75 142 128 61 51 44 46 50 46
44 62 76 145 129 159 207 206 226 170 139 162 162 148 162 176 131 134 94 134 105 57 52 43 46 51 46
45 55 57 89 131 151 164 165 163 146 127 131 126 138 120 149 116 113 88 100 63 53 48 43 45 46 45
43 50 53 57 80 135 126 124 127 122 116 109 100 98 90 110 93 104 78 65 53 48 46 44 44 45 43
43 51 50 48 73 80 88 95 94 97 95 94 82 81 84 85 81 65 57 53 54 48 44 44 42 43 46
42 47 48 51 55 67 68 81 87 88 89 92 78 83 75 76 63 62 49 50 48 45 45 45 42 44 48
44 48 56 48 49 53 59 70 84 91 87 91 75 75 71 65 56 52 51 47 47 46 44 43 44 43 44
48 51 50 51 48 50 59 71 81 97 85 87 82 74 67 62 57 52 50 47 48 46 45 43 44 42 44
66 48 52 55 55 56 70 88 100 110 100 103 85 73 66 62 60 57 50 44 52 50 46 47 44 42 44
49 50 56 63 65 61 82 95 109 118 112 119 97 75 69 73 64 72 57 44 53 55 46 46 44 43 44
43 52 62 71 67 61 89 96 112 110 113 123 101 70 73 86 69 94 67 54 51 52 51 44 45 44 43
44 52 63 69 63 62 75 84 107 107 119 131 93 69 77 83 70 83 62 51 55 61 48 44 46 43 44
43 53 57 58 58 63 69 73 79 91 91 110 81 63 61 63 60 59 50 51 59 56 50 44 42 44 47
