44 43 44 44 44 43 44 44 43 44 43 42 44 41 44 49 43 44 42 43 43 42 44 41 44 49 44
43 46 43 44 46 42 44 50 45 44 44 42 44 45 45 46 43 47 45 43 44 43 44 44 42 43 49
44 43 44 46 46 44 48 56 49 44 48 44 45 47 51 57 48 46 45 41 45 43 44 48 44 42 44
44 46 45 46 47 49 63 163 152 55 49 47 53 88 113 82 54 48 52 47 45 47 43 44 49 44 44
44 46 51 51 48 52 82 120 336 66 52 55 59 202 98 104 68 51 50 46 46 50 46 45 47 44 45
44 44 46 44 45 53 69 117 108 59 57 48 46 78 91 81 59 50 46 45 44 46 50 44 43 44 43
46 48 40 43 43 46 55 57 52 45 45 46 44 47 57 60 48 48 46 44 44 43 48 44 42 44 43
43 44 41 44 44 47 50 51 48 45 45 48 46 47 49 84 60 46 44 45 44 44 47 44 47 46 49
44 44 46 44 44 48 61 63 47 46 46 47 46 46 52 96 66 49 52 46 42 44 53 44 44 45 42
43 43 45 45 52 64 118 70 54 47 46 46 45 47 54 87 84 57 53 42 45 46 47 48 43 44 44
44 45 44 54 49 78 175 101 53 55 49 47 49 49 52 99 104 78 51 49 46 45 45 46 42 44 49
44 48 48 48 55 72 143 106 58 52 47 50 54 53 56 94 214 100 66 46 46 50 44 44 48 44 44
46 45 45 49 47 116 150 102 60 51 48 49 51 58 68 113 121 134 67 46 50 49 45 44 42 44 49
44 53 44 46 56 134 168 110 61 53 49 49 54 58 95 102 105 134 56 47 46 47 48 42 43 49 46
43 50 46 47 74 178 185 115 73 56 53 50 55 64 79 105 140 189 91 46 44 47 46 46 42 43 44
44 47 49 51 76 200 200 144 96 63 56 54 55 64 76 116 175 185 103 60 49 49 48 44 44 44 45
45 46 49 46 84 229 198 133 86 59 54 54 54 61 66 108 159 187 106 55 48 48 48 48 45 42 44
44 48 49 44 73 134 162 96 64 55 51 52 51 55 59 93 131 159 108 47 51 46 48 45 42 44 45
43 52 47 47 50 94 97 63 55 50 46 46 47 46 50 64 74 93 93 46 49 46 46 44 44 45 48
42 44 53 45 52 65 62 56 58 47 47 46 45 46 47 58 67 89 88 46 44 49 43 43 44 43 47
45 44 47 50 49 88 89 77 57 50 48 49 48 47 51 63 81 110 111 52 45 47 46 42 46 44 47
45 46 46 64 48 86 101 107 69 61 49 49 50 50 56 92 96 135 117 43 47 49 46 46 46 46 47
43 54 46 55 50 99 115 95 86 68 56 51 52 54 67 110 122 174 114 50 47 47 46 44 47 52 48
48 47 57 50 52 120 142 122 130 79 70 62 59 62 112 138 114 136 128 60 48 49 50 48 49 45 46
50 51 53 60 63 154 191 180 172 126 124 76 68 86 150 160 154 136 120 65 50 53 55 54 44 46 44
46 52 58 52 67 164 153 163 164 108 120 70 74 105 168 174 165 144 142 68 52 52 54 46 45 45 45
45 48 68 51 67 158 147 132 133 100 81 63 78 122 123 150 150 116 119 71 50 51 51 48 44 43 44
57 75 67 58 67 158 172 185 153 186 119 104 118 171 181 200 182 186 142 80 63 88 82 44 45 50 46
111 66 60 60 70 121 199 174 167 165 122 114 118 163 179 194 136 143 108 67 56 64 61 47 42 45 50
56 69 64 69 67 103 151 157 140 129 111 91 106 148 133 162 127 128 90 64 50 54 54 48 43 45 49
51 86 78 74 65 133 134 207 126 145 169 115 134 174 134 182 137 143 87 65 53 57 57 47 50 45 45
53 125 67 69 63 90 136 219 175 164 168 151 153 206 166 199 129 117 101 59 53 65 83 46 48 46 44
56 115 63 59 56 71 141 175 159 185 158 159 155 211 162 153 118 106 85 53 56 86 93 44 44 53 46
53 58 59 60 56 65 110 169 161 149 143 155 169 171 156 137 106 103 72 50 52 73 64 44 45 49 46
50 56 53 56 62 75 102 148 133 146 136 134 152 169 145 132 108 95 80 59 51 61 76 47 44 47 45
46 53 58 51 60 84 121 145 123 145 132 99 116 154 129 110 86 87 69 54 53 65 86 50 47 54 49
45 56 57 47 52 80 86 135 104 97 92 80 74 114 100 104 84 76 67 50 53 51 55 46 42 44 48
50 138 125 53 52 98 129 99 98 88 73 75 66 83 79 86 76 70 60 46 47 51 72 47 44 45 63
47 63 61 53 52 60 77 91 109 94 76 74 59 69 68 72 71 53 54 47 46 53 81 70 46 43 46
60 60 71 52 53 55 78 135 97 95 71 78 84 89 93 77 84 62 53 51 52 63 62 78 45 46 46
50 54 72 54 50 59 102 176 116 104 79 79 87 89 86 87 79 63 52 44 52 103 110 76 46 44 56
45 64 76 61 56 72 103 152 122 97 96 75 85 96 80 83 71 65 52 46 47 68 73 49 44 44 46
54 128 167 74 60 80 146 174 162 142 133 111 121 129 108 102 79 72 57 49 51 82 79 47 48 46 44
52 127 126 68 56 70 113 181 161 154 131 117 127 130 98 106 92 73 55 51 56 104 133 51 44 45 48
64 80 220 105 63 72 97 155 140 148 127 130 137 125 115 102 102 70 54 51 61 149 194 50 43 45 46
49 64 206 173 74 79 99 165 170 174 145 161 169 161 147 135 122 76 59 50 71 222 226 60 51 45 46
48 72 185 152 68 75 103 163 167 160 155 162 177 157 168 150 119 87 59 51 89 229 175 45 45 50 46
54 55 122 143 77 70 116 183 173 157 187 169 198 191 178 177 128 97 64 53 92 185 118 48 43 46 51
51 56 106 165 91 73 131 184 197 194 206 175 204 200 147 165 116 96 71 58 157 193 70 48 46 46 47
49 69 102 129 100 82 153 169 179 176 200 166 219 200 153 158 129 108 77 83 179 177 69 47 46 46 46
58 57 98 145 122 130 172 196 201 179 175 197 223 187 169 172 152 122 112 89 142 124 71 47 48 47 45
52 56 80 210 166 175 236 246 248 201 185 208 210 180 177 232 167 139 116 96 126 90 64 46 46 50 47
51 62 77 143 146 173 270 298 309 234 192 202 213 191 195 240 166 144 112 106 118 73 65 48 46 49 47
48 58 69 94 125 185 210 258 261 222 189 182 181 191 160 206 140 131 94 94 77 65 62 46 46 46 44
47 56 61 66 101 186 187 204 222 184 172 161 143 141 131 159 120 115 83 70 56 59 57 46 44 48 45
46 58 56 61 82 115 162 165 168 148 136 136 122 115 121 129 105 84 68 60 54 57 52 45 46 45 46
44 50 52 56 66 89 103 115 123 120 110 120 99 106 102 101 77 71 56 52 50 52 50 45 42 44 49
46 49 59 55 53 62 75 96 113 119 103 117 95 96 94 90 74 64 53 50 48 51 50 44 44 42 45
52 60 51 55 54 55 70 81 93 114 101 103 98 100 93 81 66 62 52 48 53 51 48 45 43 44 45
79 51 54 58 55 57 73 78 87 96 94 102 94 86 77 78 63 65 57 43 52 59 49 47 44 43 44
56 50 58 64 63 58 74 80 88 85 93 102 95 78 73 81 70 81 63 51 56 55 49 50 45 43 45
47 53 64 71 64 62 77 73 84 79 95 110 88 69 76 93 74 106 80 56 60 59 53 46 44 44 49
45 57 62 71 61 58 68 67 76 75 81 107 81 66 75 87 68 85 69 55 59 63 58 45 44 43 51
45 53 58 54 55 57 59 61 61 65 68 87 68 59 58 64 58 60 56 51 59 63 56 45 43 44 55
