50 43 43 44 43 43 44 45 44 45 43 43 44 44 42 43 42 45 43 44 49 43 44 44 43 44 44
43 44 46 44 45 44 42 45 45 44 44 41 44 48 45 43 42 43 46 44 45 47 43 45 44 42 44
47 44 45 44 43 44 44 47 49 46 44 44 45 44 45 45 46 45 47 46 46 43 44 44 44 45 44
47 46 43 44 43 44 49 51 63 53 46 47 45 43 53 51 46 45 54 46 45 45 43 44 44 43 46
43 51 47 46 46 45 54 77 208 74 50 47 49 55 135 83 63 49 62 46 46 47 44 44 46 44 45
43 50 48 46 46 46 73 109 257 193 62 54 54 71 132 92 91 51 47 47 47 50 48 45 47 44 42
44 45 43 45 45 49 63 104 196 91 54 53 50 51 104 106 85 54 47 44 46 46 44 44 43 44 46
43 44 41 44 46 47 53 72 74 57 50 46 45 46 56 76 74 48 46 46 44 44 44 44 43 45 41
48 43 42 45 43 47 51 73 56 51 47 44 46 44 49 86 83 47 49 52 45 44 44 47 42 43 44
42 44 45 44 50 55 60 87 52 47 48 43 46 51 49 104 99 50 50 51 46 44 45 42 43 44 42
43 44 46 44 46 68 106 126 59 46 47 48 45 49 58 110 108 67 57 46 47 46 44 44 44 42 43
43 44 46 46 46 54 102 152 72 48 48 47 45 50 57 108 116 86 53 44 46 43 44 44 42 44 48
44 44 46 44 46 53 109 136 73 51 50 48 47 51 63 108 213 106 51 46 45 45 44 44 44 44 42
43 45 49 45 47 54 142 147 88 50 48 48 48 57 74 120 136 115 52 50 44 45 44 43 44 41 44
43 46 46 47 48 70 178 138 97 53 49 50 53 53 137 122 160 138 50 41 47 54 46 44 44 44 44
43 46 48 48 49 118 193 159 135 61 51 53 53 56 105 147 204 167 49 50 47 51 45 46 44 44 44
43 48 48 48 59 131 239 182 149 65 56 53 55 66 112 160 218 214 51 47 47 48 46 44 46 45 43
44 50 49 48 53 120 233 194 143 74 57 54 55 63 101 195 234 191 50 48 46 48 50 45 44 44 43
43 46 49 46 50 107 187 155 122 62 53 53 50 54 77 135 195 131 53 49 52 46 45 45 43 43 44
44 45 48 46 47 73 159 117 94 55 50 49 49 49 63 97 102 115 51 46 51 45 44 45 42 43 47
43 44 50 46 46 52 76 91 74 50 48 46 47 49 50 72 90 100 49 42 45 49 44 44 44 42 43
48 45 45 45 46 48 73 104 70 50 51 46 48 48 49 98 96 93 54 43 46 43 44 47 43 45 44
45 45 44 44 45 50 62 89 74 58 48 46 48 46 52 86 80 68 56 42 44 45 43 44 46 44 45
43 49 47 44 46 46 72 96 98 57 58 47 48 49 60 91 89 70 58 43 45 46 42 44 47 44 44
43 49 47 46 46 51 106 120 109 71 64 53 50 52 94 109 97 78 53 46 45 46 47 46 45 44 42
44 47 45 47 49 56 106 112 124 85 85 54 55 68 139 135 108 88 52 47 46 47 49 44 45 44 42
43 46 43 46 50 63 103 98 103 76 82 52 54 78 106 129 103 78 57 46 48 45 45 46 43 45 44
42 49 53 48 51 78 120 128 116 149 95 63 64 108 127 150 135 127 76 48 48 49 46 44 46 44 44
42 49 54 47 49 77 112 116 100 127 79 59 65 111 111 123 102 105 68 50 49 46 46 44 43 45 42
43 46 55 49 47 75 86 99 95 86 70 62 56 92 89 99 86 76 67 47 48 50 46 43 43 43 43
44 56 56 62 48 73 91 108 102 93 99 63 65 112 101 115 94 82 70 47 48 48 51 51 41 44 49
49 58 53 51 54 68 87 151 122 118 107 84 85 133 115 135 108 89 70 51 50 49 46 56 44 44 44
50 52 53 49 51 58 106 116 118 131 109 101 114 138 123 106 96 89 66 51 50 50 46 46 44 44 44
47 54 50 50 52 57 92 138 101 129 103 112 132 134 122 108 94 92 67 49 54 50 46 56 43 44 44
48 51 52 51 50 65 97 116 137 114 121 106 120 144 119 112 90 91 61 45 51 54 47 70 44 43 44
43 49 53 49 53 79 105 142 102 113 132 106 110 132 100 95 81 76 55 48 49 50 54 51 44 44 45
42 48 51 48 56 79 99 120 103 102 103 81 94 118 80 84 78 68 61 48 45 48 58 45 43 44 43
44 49 51 53 56 110 91 118 127 98 87 94 86 99 89 84 78 69 52 47 54 50 64 45 43 44 45
44 54 54 49 49 65 93 130 106 115 90 111 83 89 84 78 75 66 50 48 53 56 74 45 43 43 44
43 63 65 49 48 55 64 119 87 102 80 98 79 73 73 66 67 54 48 45 49 70 75 45 44 42 43
44 122 119 56 51 53 78 122 107 98 84 71 73 83 75 71 71 60 48 46 52 95 75 50 44 43 44
44 132 119 55 49 58 90 132 130 115 107 80 85 97 78 78 69 63 53 49 63 115 70 45 48 44 44
44 162 107 56 50 55 93 127 133 111 121 93 99 114 85 85 73 61 54 53 76 115 65 46 49 44 44
44 193 130 62 52 55 87 139 125 144 138 120 122 118 88 85 75 58 52 57 97 160 65 45 45 44 43
46 401 242 83 53 58 81 126 124 142 140 134 135 118 109 93 88 61 54 63 132 263 78 46 45 45 44
66 233 306 91 58 58 78 130 145 154 141 161 170 145 127 111 95 63 54 79 151 254 71 51 45 45 45
52 107 163 101 53 58 80 131 152 153 159 152 164 153 145 115 95 65 58 77 130 157 56 44 45 48 44
52 84 144 123 56 59 94 157 150 134 170 164 179 172 135 130 106 72 55 98 122 112 52 46 46 45 47
48 69 118 127 66 62 110 159 166 156 180 156 185 152 111 127 105 82 57 104 161 120 48 46 43 45 49
46 61 119 128 79 90 123 151 149 145 157 154 197 157 121 130 116 100 71 137 174 93 47 45 45 44 46
45 61 115 139 106 139 171 202 178 153 143 173 197 153 150 162 146 124 81 163 136 80 50 46 48 45 46
47 62 156 199 132 174 220 229 204 166 150 182 182 149 154 187 142 138 88 141 131 70 51 46 46 47 47
46 62 86 151 134 161 237 230 199 172 150 181 174 148 147 165 136 132 109 131 118 66 51 46 46 46 48
45 59 65 98 132 168 182 179 165 154 138 146 135 131 108 143 117 112 88 103 72 56 49 44 44 49 46
49 57 57 62 95 163 147 140 138 133 133 128 113 106 87 100 92 108 78 64 56 50 47 50 44 43 46
44 56 53 51 79 101 111 114 109 110 112 117 96 91 83 90 85 70 63 55 51 50 48 44 42 44 45
44 47 51 56 58 78 78 90 98 99 103 104 84 85 78 72 63 62 51 53 50 49 45 44 43 42 44
45 49 55 49 50 56 64 77 89 102 98 100 78 81 73 69 55 54 52 49 49 48 43 44 44 42 45
48 52 52 51 49 53 63 76 88 100 94 97 85 78 70 62 57 51 47 52 50 48 46 44 44 43 44
72 49 53 56 56 59 71 98 114 114 105 108 90 77 67 62 64 59 51 45 53 48 46 49 44 43 44
53 51 57 65 63 66 89 100 120 126 114 124 105 76 69 76 69 75 61 50 55 52 43 46 49 44 44
46 57 64 74 68 70 101 101 121 114 122 135 111 72 75 90 74 98 75 55 57 55 44 44 49 45 43
44 60 68 73 68 67 90 96 114 115 135 141 98 71 76 84 72 84 63 56 55 59 52 44 44 45 44
44 53 65 62 63 69 79 83 88 97 104 129 86 67 67 65 62 60 54 54 54 60 55 44 43 44 46
