45 44 42 43 44 43 44 45 47 49 46 46 46 43 43 45 43 43 44 42 44 45 45 46 45 44 44
44 43 42 44 43 43 44 44 45 47 46 51 50 45 44 44 43 46 44 47 44 46 47 43 43 44 41
42 43 43 43 44 43 44 46 44 46 46 68 61 46 44 45 44 44 47 46 44 46 46 43 43 44 43
42 43 43 43 45 42 45 48 45 46 53 89 89 50 46 48 48 46 47 46 46 54 49 44 45 44 42
44 44 46 44 46 47 52 51 52 52 74 252 359 78 59 51 73 71 70 56 49 51 48 47 45 46 44
45 50 46 45 47 46 50 52 52 60 99 378 219 84 61 65 126 101 106 81 50 47 55 46 43 44 44
44 44 45 44 52 44 46 47 47 59 73 180 87 59 49 53 93 106 101 128 49 42 45 49 44 45 44
44 43 44 44 43 44 49 45 51 77 75 76 54 46 48 46 63 88 123 114 51 45 46 44 43 44 42
43 43 44 41 44 47 44 48 46 53 70 49 48 44 44 45 52 67 128 78 46 43 43 44 47 44 48
43 45 44 44 45 44 44 45 45 63 99 47 46 48 45 43 47 74 125 57 44 44 43 44 44 43 46
43 49 44 43 45 44 48 47 47 76 107 48 49 46 44 45 45 93 151 58 46 45 45 44 44 42 43
41 44 49 44 45 45 46 49 51 103 114 51 47 46 49 46 48 118 207 71 44 44 43 44 49 45 44
44 44 42 44 44 45 51 51 62 124 118 55 48 45 48 51 55 145 177 68 46 44 44 41 44 48 44
45 49 44 44 46 43 47 59 100 134 109 63 49 48 49 45 67 160 182 95 45 43 44 42 43 48 46
45 47 45 45 50 46 48 68 138 126 122 61 50 54 49 48 89 161 192 139 46 43 44 42 44 46 44
46 46 47 44 46 52 54 71 174 169 119 75 53 52 53 51 132 218 230 172 48 42 44 44 44 46 42
47 47 47 51 47 50 53 87 192 187 133 76 52 54 58 53 163 240 248 187 51 45 43 44 44 46 46
46 47 46 47 48 48 55 75 168 166 106 64 54 50 53 55 151 226 247 170 44 45 50 44 44 44 43
45 46 45 46 44 46 55 65 125 119 79 53 50 48 51 58 112 154 183 117 48 44 42 44 45 44 45
46 44 44 45 44 45 48 58 76 92 68 50 48 46 46 49 71 123 140 92 52 44 42 43 43 44 44
44 44 42 44 44 44 46 46 64 92 59 47 46 44 45 51 56 102 102 64 46 42 44 42 43 44 41
42 44 44 43 45 42 45 51 59 90 55 46 46 46 45 49 50 77 79 56 46 43 44 43 43 42 44
43 45 48 46 43 45 45 52 89 105 61 52 47 48 47 47 57 71 66 55 46 42 44 44 43 44 46
44 43 44 50 46 46 49 63 102 120 87 52 51 49 52 51 72 95 77 71 48 45 44 44 43 44 46
46 44 46 46 46 48 50 74 131 133 107 60 51 52 67 64 83 105 101 77 52 44 46 44 42 44 44
46 46 51 47 48 50 55 92 126 117 114 70 55 59 130 131 119 104 117 67 46 48 44 46 44 44 44
44 46 50 46 46 48 60 80 106 104 92 66 53 57 70 84 92 92 89 75 45 48 44 44 44 42 44
53 48 48 48 48 51 81 110 136 146 129 85 65 69 110 136 140 138 117 82 50 44 45 45 42 44 49
47 49 52 47 48 56 78 120 124 113 115 72 62 97 104 125 104 106 95 64 46 45 44 44 46 44 45
46 51 47 46 48 53 82 97 95 103 97 71 58 87 89 108 90 86 79 62 43 43 44 43 44 45 44
47 48 48 48 50 74 83 112 102 118 109 101 74 106 105 125 102 104 78 62 44 44 46 44 46 44 42
49 50 48 50 53 69 90 118 140 147 139 121 103 152 134 140 114 94 84 62 47 44 45 44 44 46 44
46 50 49 51 52 58 93 114 134 148 142 144 129 161 150 116 104 93 77 54 46 44 45 46 44 46 44
48 51 50 50 53 58 83 139 135 154 136 154 139 159 152 120 108 83 77 50 45 45 44 44 44 44 46
50 50 50 50 55 63 89 153 121 156 132 156 152 192 155 123 106 89 78 54 46 43 44 44 44 45 44
49 46 50 55 53 65 99 123 127 137 129 123 133 159 129 104 106 80 69 52 46 45 43 43 44 44 45
46 49 46 49 58 75 97 110 106 92 107 105 98 148 98 104 79 69 58 48 46 45 42 44 44 43 45
46 48 46 49 58 60 104 95 104 101 78 101 89 101 97 88 89 70 57 48 43 44 44 43 44 42 44
46 47 45 47 50 56 69 83 91 100 77 95 93 94 96 91 86 63 52 47 43 43 44 43 44 43 44
45 50 45 47 49 58 74 102 100 91 71 74 73 78 79 76 67 61 49 46 45 42 43 43 42 44 42
46 49 48 48 52 62 95 135 140 103 83 68 87 97 84 78 70 60 51 48 45 39 44 49 44 43 44
46 49 48 48 51 53 83 126 148 106 101 72 94 106 82 76 70 58 49 48 42 44 49 44 43 44 43
47 47 48 49 51 56 80 126 155 122 125 94 106 116 88 76 68 57 53 48 45 43 44 44 49 44 43
48 47 48 50 51 56 74 128 144 146 142 128 131 119 86 70 63 55 52 48 49 44 44 44 43 44 45
48 48 54 50 51 56 76 122 122 145 140 138 138 121 95 74 61 53 54 49 45 46 46 44 44 44 43
48 50 52 51 52 59 88 125 136 148 142 171 164 129 111 83 60 54 55 51 45 48 45 43 44 44 44
51 50 49 51 55 62 97 124 141 150 144 143 158 134 116 83 58 54 58 46 44 45 44 44 44 44 44
52 55 51 53 61 77 115 156 142 135 145 162 183 150 118 89 62 56 59 48 45 46 43 44 48 45 45
53 57 54 57 72 114 140 182 162 156 146 167 202 167 109 89 67 59 57 55 44 44 46 43 45 45 45
56 58 56 63 94 145 179 193 154 143 138 163 242 202 142 96 70 62 57 55 45 45 46 43 45 49 45
61 62 64 77 124 178 246 215 153 136 129 183 271 248 189 116 67 64 59 52 48 45 46 48 45 46 46
70 72 90 177 207 263 412 259 171 136 140 183 270 252 213 146 76 67 62 54 49 46 48 50 45 46 47
76 100 124 160 209 324 490 297 202 138 130 180 265 256 208 156 96 72 65 55 48 49 47 48 49 46 48
71 99 144 153 160 169 221 184 129 119 109 140 195 236 167 153 102 79 60 52 47 46 46 46 44 45 47
75 78 126 138 90 77 92 106 100 87 94 106 113 139 123 134 103 79 62 51 47 46 44 44 44 44 45
108 151 125 120 81 82 87 88 87 76 76 78 78 73 79 96 86 81 69 58 46 46 44 44 44 43 44
184 200 142 109 104 100 88 89 88 81 76 73 72 69 70 82 84 82 71 70 51 48 50 44 44 44 44
234 319 135 123 110 99 105 98 87 83 72 69 66 64 69 82 83 83 67 72 61 55 54 45 45 46 44
268 359 194 165 150 131 132 128 100 89 75 72 70 68 73 69 78 85 71 75 63 59 51 55 44 45 45
435 262 217 218 196 159 179 151 124 91 85 80 76 72 72 67 75 82 80 72 69 71 61 54 47 45 44
265 253 212 212 188 178 170 156 126 96 88 84 79 74 74 74 78 108 78 73 73 78 65 51 50 44 45
194 192 182 169 159 142 164 128 107 84 75 82 76 69 70 76 74 112 85 72 68 72 71 52 50 44 44
184 137 140 125 99 91 98 91 85 72 63 72 62 58 63 64 65 84 67 60 65 75 64 50 44 44 45
143 115 93 74 76 80 70 71 60 56 55 65 56 56 54 54 56 58 52 52 56 73 67 52 43 44 45
