43 43 44 42 44 43 43 45 42 44 48 43 42 43 43 43 42 44 43 44 42 43 48 44 44 44 42
44 43 39 43 50 43 43 45 44 43 44 42 44 45 44 45 41 43 44 43 45 41 43 43 44 44 44
46 43 45 46 43 44 44 48 50 42 44 48 44 43 46 44 43 44 45 42 44 43 43 44 42 43 49
43 46 44 47 46 42 46 52 65 49 42 44 50 46 51 49 40 44 45 45 44 45 42 43 44 44 44
43 43 49 50 46 51 56 89 383 87 49 49 47 77 130 71 49 50 47 47 46 47 46 44 45 42 44
42 44 48 46 47 46 70 96 100 91 49 44 47 91 92 78 57 48 44 44 45 48 48 43 44 48 44
43 46 45 44 45 45 55 101 135 59 49 46 44 52 92 84 52 50 44 44 50 45 46 44 42 43 44
42 46 46 43 50 46 53 70 55 50 44 43 46 46 52 72 51 45 42 44 47 44 48 44 44 45 42
43 44 44 44 45 46 57 76 55 48 46 44 44 45 49 73 55 48 44 45 44 43 45 41 45 49 44
47 44 45 45 49 55 88 88 52 45 47 51 46 46 54 108 78 52 50 43 45 46 45 44 41 43 49
43 46 45 48 52 72 160 131 56 49 48 46 47 51 54 108 105 67 48 48 52 46 44 44 42 43 44
43 44 45 45 49 51 125 144 64 49 47 47 48 50 52 105 117 91 54 46 45 45 43 43 44 43 44
46 47 47 46 46 65 153 130 63 51 51 49 54 53 58 111 250 131 53 46 46 47 45 44 45 42 44
43 45 46 46 51 78 169 138 71 52 51 50 51 58 67 124 133 137 57 54 46 46 46 42 43 44 43
42 46 46 46 61 116 206 140 84 58 53 52 53 61 128 120 168 192 56 41 47 54 48 44 44 43 44
42 45 48 49 60 183 225 190 126 64 57 54 55 62 97 150 233 237 67 57 46 50 53 44 45 46 44
44 44 49 50 70 216 268 188 137 65 57 58 57 69 101 158 260 244 90 49 50 51 52 45 46 45 43
44 46 49 48 65 152 235 176 109 68 59 58 55 64 86 187 258 237 103 50 49 49 50 45 44 46 45
48 49 49 46 50 135 177 114 82 58 53 56 52 54 65 111 202 167 77 49 46 47 51 44 44 44 43
43 44 55 45 48 76 96 81 69 50 50 47 48 51 54 71 92 118 79 42 46 50 45 45 44 42 45
43 39 46 49 50 63 72 78 60 49 48 47 46 48 56 66 83 123 79 44 46 44 45 47 44 44 45
49 45 45 46 47 59 96 94 59 48 49 52 50 47 57 88 103 141 78 45 46 46 44 44 41 46 51
43 48 46 46 48 68 78 93 71 58 49 49 54 51 56 99 94 121 74 46 47 46 46 43 44 46 42
44 49 47 46 52 69 106 100 104 63 59 50 56 52 68 109 101 127 71 49 46 47 46 44 46 42 44
42 44 52 49 49 69 125 121 121 82 83 55 58 62 116 121 122 114 82 50 49 48 48 45 44 44 44
44 46 45 49 54 94 133 134 134 95 95 61 67 76 137 150 147 115 79 47 51 49 50 45 44 46 44
45 46 47 46 48 88 113 102 105 76 74 56 60 77 98 125 125 96 77 46 49 49 47 44 43 44 44
44 48 51 50 50 107 129 133 113 153 88 67 78 102 136 154 133 143 102 50 53 52 50 44 43 45 42
44 68 63 50 52 94 124 113 107 126 86 68 73 108 128 133 100 114 79 47 55 57 49 44 43 43 45
51 62 60 50 51 76 90 106 97 94 76 66 64 99 87 106 89 85 68 47 53 57 53 44 43 43 44
46 50 52 62 53 82 99 127 105 104 116 71 80 121 106 125 106 90 72 54 50 52 56 46 44 43 44
49 48 57 54 55 71 92 159 125 121 124 91 95 139 121 141 113 88 72 63 53 53 52 44 45 42 44
50 48 51 51 51 59 108 125 119 139 114 105 110 136 127 111 97 93 66 52 51 51 58 43 44 46 43
47 47 51 50 51 59 95 143 106 123 109 118 123 130 130 108 93 87 70 51 53 51 57 43 44 46 46
45 45 51 51 52 67 89 127 135 123 118 104 121 143 128 108 98 90 65 48 50 54 56 44 45 45 43
44 45 52 50 54 82 102 128 114 119 119 96 110 130 108 97 83 74 57 49 49 54 63 46 44 45 44
44 48 50 50 53 84 95 125 106 100 93 76 85 108 84 88 85 76 62 45 49 51 62 49 44 43 44
45 66 59 50 53 153 111 122 129 100 85 84 78 96 85 88 85 78 53 47 54 54 60 44 42 44 44
44 53 59 55 55 75 110 143 108 104 79 92 79 89 82 77 80 65 52 46 49 60 84 49 44 42 44
51 49 71 54 51 58 76 144 99 97 72 89 75 79 83 68 74 57 49 46 50 54 61 52 44 43 45
52 56 122 63 50 61 95 176 145 125 95 96 95 96 91 85 85 64 53 46 54 98 109 50 44 44 50
45 68 123 68 51 70 102 163 149 118 111 87 92 109 87 87 78 68 52 51 52 91 106 46 44 45 44
49 119 193 100 54 66 121 158 158 144 134 111 116 128 99 97 81 71 52 50 59 116 154 46 43 44 45
46 78 127 101 54 61 110 169 147 157 138 128 131 127 96 97 88 67 54 50 64 158 189 48 48 44 47
58 63 249 135 61 61 95 153 138 152 142 136 155 128 114 102 96 66 53 52 69 194 287 59 46 46 45
47 52 151 159 70 62 93 153 157 160 138 173 183 153 140 124 114 71 55 56 86 250 247 69 49 46 46
43 52 144 136 68 63 93 153 169 171 172 164 178 173 168 133 115 80 56 53 107 237 191 50 46 48 45
46 49 107 127 87 65 107 174 163 151 182 175 197 191 162 151 126 89 57 55 113 193 127 46 46 47 46
53 48 93 140 103 65 118 171 179 174 199 169 203 175 132 144 119 97 66 66 165 200 88 46 45 47 46
45 54 96 127 108 84 135 161 163 159 174 159 210 182 137 156 133 112 82 96 174 176 69 45 44 45 45
46 48 93 134 122 129 177 197 196 164 157 175 201 169 168 193 182 129 122 106 151 141 64 46 46 44 46
48 52 86 192 155 167 227 253 253 189 162 174 181 164 170 233 177 143 126 114 138 108 66 46 46 47 44
48 50 73 131 140 165 254 274 288 201 169 188 177 163 177 200 149 142 118 120 135 79 66 46 45 46 44
45 49 63 86 115 170 185 220 220 185 151 153 139 155 134 161 126 118 88 93 84 65 64 46 45 46 44
45 48 56 61 92 152 154 160 170 158 144 133 119 114 104 119 103 108 76 70 61 58 59 45 43 44 44
44 51 51 53 72 92 116 121 125 125 117 119 103 95 93 95 94 72 65 54 52 53 52 48 44 43 45
43 46 48 50 58 73 75 89 93 98 101 94 85 91 85 77 66 63 52 53 52 51 48 44 43 43 45
44 45 55 50 48 54 62 76 86 99 90 96 82 87 85 70 61 57 49 46 48 53 49 43 44 42 44
49 43 50 54 50 50 59 67 74 92 88 87 86 92 82 69 62 56 50 47 48 52 48 42 43 43 43
70 46 49 50 50 51 62 69 76 90 90 95 90 84 75 71 66 64 58 45 50 51 47 45 46 44 45
50 50 53 54 56 54 69 71 78 80 94 98 96 85 81 89 78 88 67 49 53 52 46 47 48 44 44
45 47 57 61 61 59 78 72 76 77 98 107 97 83 92 124 97 126 87 60 58 55 52 42 44 49 45
47 52 59 63 58 58 69 68 77 70 85 109 87 77 96 117 90 106 72 57 59 60 51 44 49 44 46
44 48 51 56 61 58 61 62 62 63 66 92 76 71 74 80 71 67 56 52 57 60 56 49 44 44 48
