53 51 47 44 45 46 43 46 44 42 44 44 44 43 47 44 42 42 43 44 43 43 46 43 47 44 42
272 161 57 50 53 46 50 46 44 45 44 43 45 41 44 48 41 43 42 43 45 46 46 44 44 46 44
153 186 124 56 52 47 46 46 45 45 45 42 44 44 44 44 43 43 46 46 45 43 43 43 45 42 43
59 85 104 59 50 47 44 45 44 43 45 42 44 48 44 42 43 43 44 46 45 42 44 42 43 44 41
47 53 70 69 48 50 46 43 44 43 44 44 42 44 49 43 42 42 43 43 44 47 46 43 43 43 43
45 46 53 56 51 50 45 42 43 43 44 44 42 44 48 44 42 45 44 42 44 43 44 45 42 44 48
44 48 51 46 50 56 45 45 42 44 47 44 43 44 43 43 43 43 44 45 45 43 44 45 45 45 42
44 45 47 47 54 52 46 45 43 44 43 43 49 44 44 43 42 41 43 43 44 43 43 44 44 44 40
43 45 46 47 77 72 52 47 46 44 46 42 44 44 43 47 43 43 44 42 44 44 44 43 50 44 48
44 47 47 48 101 103 64 51 46 46 51 44 44 44 42 42 44 44 42 47 43 42 44 41 44 48 44
47 48 52 57 138 156 104 60 54 48 49 50 45 43 44 42 43 42 45 43 45 43 43 44 46 44 43
46 51 53 64 174 199 159 74 59 52 50 46 45 45 42 44 44 42 44 48 44 43 44 42 43 44 42
49 58 55 69 193 249 169 92 63 57 54 49 48 45 42 43 42 44 42 43 49 43 44 44 42 44 45
52 55 57 72 202 254 215 131 73 59 54 50 46 45 44 43 43 42 44 43 44 44 42 44 48 45 45
56 58 62 92 268 282 270 169 83 66 57 53 46 46 48 44 43 44 45 44 46 44 43 44 43 46 46
57 63 68 100 269 319 288 211 91 71 61 54 51 46 43 44 46 44 44 45 44 44 45 44 44 47 46
63 66 67 99 301 393 341 202 97 78 63 58 50 45 44 44 44 43 46 42 44 45 44 45 43 45 47
59 66 69 88 237 510 306 148 94 76 63 60 49 47 45 43 44 42 48 43 45 45 42 44 49 46 44
54 60 61 77 176 332 257 103 76 66 61 51 47 46 43 44 43 44 44 44 43 44 48 45 45 44 42
54 59 60 89 201 319 233 127 80 66 58 52 47 46 43 44 43 43 44 44 42 44 49 44 44 44 43
54 60 58 107 182 315 236 130 83 67 58 52 48 44 44 47 42 44 44 43 45 43 44 47 44 44 45
54 63 69 108 195 270 292 181 118 75 63 56 46 47 46 44 44 43 44 44 44 44 45 43 44 47 45
59 66 85 149 204 295 306 187 138 86 66 60 50 48 45 43 45 44 44 44 46 43 44 44 44 45 46
62 67 85 166 199 253 277 225 230 138 72 62 51 48 45 47 44 44 44 46 45 43 44 44 43 45 47
68 73 95 145 216 305 305 285 289 188 99 68 57 50 46 45 45 44 46 43 45 45 45 45 45 45 47
66 74 101 163 210 299 266 281 264 191 112 72 54 49 46 44 44 44 45 43 45 45 44 45 47 44 46
63 72 77 126 200 256 255 223 256 191 116 78 55 49 45 42 47 44 44 45 44 45 45 44 44 45 44
72 80 92 157 200 262 309 319 326 284 197 172 71 54 46 49 44 44 46 44 45 45 50 45 44 45 44
72 76 84 121 169 231 255 265 234 263 237 147 85 51 47 49 44 44 46 42 45 47 45 44 44 44 44
56 69 75 89 117 174 164 191 173 243 189 149 80 62 43 44 43 43 42 43 45 41 44 47 44 43 44
57 67 71 89 106 139 167 193 174 223 235 179 126 68 43 44 44 46 44 46 45 43 44 43 44 44 42
59 69 74 78 92 106 134 175 196 244 238 239 122 88 44 44 44 44 44 44 44 44 44 44 44 44 44
54 63 63 65 77 90 115 180 168 218 190 225 129 95 45 44 41 44 48 44 45 44 42 44 44 43 44
56 64 61 67 75 86 131 154 179 210 214 176 104 94 46 43 44 42 44 47 44 45 44 44 44 44 44
52 54 55 62 68 75 81 155 152 174 128 166 103 138 45 42 45 44 44 42 44 41 44 48 43 43 44
51 54 54 61 69 79 89 125 139 181 143 122 94 77 45 44 44 43 47 43 44 44 42 44 49 44 44
45 48 50 56 64 64 66 73 68 85 99 69 75 60 44 42 43 43 49 42 43 44 41 43 48 44 43
48 53 56 71 89 84 78 89 78 99 86 70 72 48 43 43 42 42 43 44 42 43 49 43 43 44 42
50 54 57 73 89 93 91 104 96 107 84 81 72 46 45 43 42 43 43 44 42 43 49 44 43 44 42
55 57 55 79 105 102 106 121 129 114 90 90 68 47 44 45 41 43 43 43 45 41 44 49 44 44 44
55 63 63 84 102 140 124 163 164 125 96 89 71 47 44 44 44 45 43 44 43 43 45 43 44 48 44
56 63 63 72 83 110 119 162 168 134 123 82 54 46 44 43 44 44 44 43 45 42 43 44 42 44 48
61 72 65 80 100 130 156 192 195 138 120 72 52 52 44 43 44 43 44 43 44 43 44 45 42 44 50
76 95 74 91 116 161 198 251 204 161 113 79 57 48 44 44 44 43 44 43 44 45 44 44 47 44 45
163 130 83 95 127 174 197 214 208 161 108 74 53 47 44 45 44 43 44 43 44 46 44 44 48 44 45
440 405 160 142 161 206 245 243 249 181 111 78 55 49 46 44 47 46 45 45 45 46 46 44 45 48 46
379 413 260 246 220 227 269 259 225 164 120 72 55 51 46 45 46 46 50 46 46 46 44 46 45 45 46
207 335 313 300 302 302 232 299 226 154 110 71 56 53 46 46 45 46 46 50 47 46 46 44 45 46 45
157 354 327 327 386 403 286 299 266 178 110 75 58 52 46 46 46 46 47 42 47 50 47 48 45 45 45
112 235 316 337 398 420 371 305 250 163 107 74 58 51 44 46 45 46 47 46 47 47 48 46 44 46 45
113 169 281 381 443 441 426 387 329 203 109 82 61 53 46 44 46 47 47 49 47 47 47 45 46 46 46
125 154 282 583 558 497 486 418 332 196 122 87 61 54 46 46 44 48 51 47 47 48 46 46 46 46 47
127 153 193 424 588 636 588 462 345 212 119 92 66 54 46 46 46 49 47 47 47 48 49 46 45 46 46
109 129 136 234 480 673 503 367 245 153 103 78 60 53 46 44 46 47 47 43 47 48 46 49 46 44 46
67 71 74 105 192 206 209 136 98 81 65 57 48 45 44 45 44 43 47 43 44 44 45 44 44 49 44
71 66 70 85 70 76 77 62 57 56 51 45 46 43 43 44 45 43 46 43 43 44 42 43 47 44 43
177 128 125 96 91 90 88 72 63 57 55 48 44 44 43 43 43 44 44 44 42 44 49 44 43 44 44
215 218 161 125 102 94 92 83 70 62 52 49 50 45 44 44 44 46 46 45 44 44 48 44 43 44 43
178 215 149 140 125 108 98 91 74 62 57 49 47 49 44 44 43 45 46 45 46 42 45 49 45 43 44
278 184 157 174 151 128 121 100 85 70 58 54 52 46 45 45 46 51 44 44 50 49 46 45 44 49 44
155 171 155 170 145 129 120 95 89 67 58 58 49 45 45 47 45 52 53 46 46 52 47 48 42 44 49
106 152 156 148 145 122 112 92 79 67 56 53 48 51 48 48 50 58 54 46 48 47 46 46 42 44 49
106 132 135 128 106 91 87 78 71 60 50 53 52 46 48 50 49 54 50 46 48 56 45 45 48 44 44
97 116 95 83 81 78 72 65 60 54 51 49 47 46 45 47 47 46 46 47 47 57 47 46 49 44 43
