42 43 44 44 45 42 44 46 46 46 48 64 92 46 44 45 43 49 44 43 45 42 44 44 43 44 42
43 43 46 42 44 43 43 44 42 44 50 47 50 44 43 43 41 43 48 43 46 45 44 44 43 44 44
43 43 44 43 44 42 44 42 44 46 45 44 48 44 43 44 43 43 40 44 49 43 47 45 42 43 43
42 42 43 43 44 43 43 43 47 44 44 44 46 44 44 40 44 43 43 40 45 44 44 48 44 42 43
42 45 44 44 44 43 44 44 43 44 48 46 44 44 43 43 43 43 43 40 44 46 46 48 44 43 44
42 45 42 43 45 43 44 43 44 46 46 43 45 44 43 44 43 42 44 44 44 47 47 43 44 43 43
43 41 43 46 44 43 44 43 43 44 46 43 45 49 44 43 43 41 44 46 44 46 45 43 44 46 44
43 44 43 48 44 47 44 43 44 43 45 44 44 44 44 44 43 41 43 44 44 49 44 46 44 44 44
43 44 43 44 42 43 45 43 43 44 45 44 45 44 46 42 43 43 44 42 44 42 43 44 43 44 47
43 42 43 48 44 42 43 42 43 45 44 45 48 46 49 44 40 43 44 44 45 44 42 43 44 43 44
42 44 41 43 49 43 43 43 42 45 47 47 48 57 64 45 46 44 45 51 44 42 44 43 45 48 44
47 43 43 44 43 43 44 43 45 44 48 53 53 68 90 48 43 44 45 44 45 41 43 48 44 43 44
43 41 44 41 45 50 44 44 45 46 51 53 65 91 117 55 51 47 45 45 45 43 45 42 44 47 44
43 44 44 42 46 49 45 46 46 47 53 56 76 117 115 61 49 46 48 46 44 44 43 43 46 45 44
43 44 44 46 46 48 46 44 46 50 59 64 83 134 140 64 52 50 48 43 45 43 46 42 43 45 43
43 42 44 48 46 46 46 45 47 52 63 106 93 168 150 63 54 51 54 46 45 44 43 43 44 43 44
42 44 42 44 52 47 46 46 46 51 63 110 134 159 110 64 53 50 48 46 46 44 45 44 46 44 45
44 43 44 43 46 48 45 47 52 55 100 128 184 170 84 55 58 53 48 46 46 44 44 46 43 45 44
46 45 43 43 46 46 47 46 48 59 115 138 129 134 83 54 51 49 49 45 45 45 45 44 44 43 44
42 48 43 43 48 45 47 51 48 63 118 155 142 133 101 56 54 53 49 45 45 44 43 44 42 44 50
44 44 49 43 47 49 46 48 53 87 148 167 159 114 125 65 58 53 53 47 44 44 43 43 44 44 46
43 44 46 42 50 56 50 52 56 107 147 177 199 159 167 81 63 58 48 49 51 45 45 44 42 44 44
44 45 44 46 52 55 56 54 68 138 257 231 244 221 255 98 80 69 60 48 48 50 46 46 45 43 44
45 45 46 44 56 58 55 57 72 112 281 245 252 300 262 138 96 77 63 53 49 53 46 46 44 43 45
46 46 47 46 60 61 59 63 64 104 241 321 294 342 328 182 177 98 74 65 51 51 51 44 44 44 45
45 46 46 47 64 63 59 61 65 93 213 271 298 371 351 206 188 111 83 68 54 51 47 44 44 44 44
46 48 46 46 59 59 58 59 62 76 159 223 262 323 284 206 239 134 112 71 56 53 52 46 43 45 45
46 49 47 47 63 66 63 63 69 92 147 262 285 371 378 260 295 338 152 86 64 60 49 46 47 46 44
46 46 46 44 56 59 56 57 59 70 111 201 188 261 266 189 235 211 157 86 58 51 50 44 44 47 45
49 44 45 45 50 52 51 50 51 58 70 103 110 172 171 130 166 159 151 93 59 48 48 44 44 46 44
49 48 44 45 50 52 51 50 52 56 74 105 115 164 142 122 187 239 154 130 75 53 46 48 44 43 44
45 43 48 44 51 57 52 51 52 59 72 90 107 156 138 168 173 204 180 153 85 66 48 48 44 43 44
43 45 46 44 49 53 49 48 50 51 63 77 83 114 125 121 179 150 191 121 86 68 46 45 48 44 43
45 43 42 44 46 48 52 47 46 49 56 64 70 89 86 107 130 194 132 105 88 59 49 45 47 44 42
44 44 45 47 47 46 47 46 46 50 54 63 76 108 74 78 121 160 122 93 81 50 48 46 44 42 44
42 44 42 44 50 46 45 46 44 46 53 57 60 90 69 65 80 84 105 93 63 48 45 45 48 43 44
43 42 43 43 45 46 43 45 50 46 49 56 57 68 68 64 75 74 80 74 63 46 49 48 43 43 44
44 44 42 44 45 44 46 42 45 50 50 55 59 71 66 69 76 75 85 75 59 51 52 44 44 40 43
44 47 43 43 46 43 46 50 46 45 50 53 59 72 66 74 74 76 82 70 55 53 50 45 41 44 49
43 48 48 42 45 47 44 45 51 46 50 57 61 73 74 76 81 75 71 67 50 49 51 44 43 44 41
43 45 46 41 46 52 47 45 46 46 51 58 63 80 82 76 77 73 63 57 53 46 47 45 42 43 44
42 44 44 45 46 50 53 47 47 49 51 59 68 91 86 78 78 71 64 44 46 45 45 44 43 44 43
43 44 44 45 48 52 57 53 48 50 56 68 79 107 98 89 87 71 62 42 46 50 45 43 44 42 43
42 44 44 46 58 70 61 64 51 52 65 77 96 109 97 89 96 72 57 52 46 45 46 42 43 44 44
44 44 44 46 90 124 88 66 57 55 75 93 120 121 121 112 127 87 56 54 47 45 45 42 43 44 44
44 49 45 47 149 228 202 125 90 71 81 111 156 152 155 142 150 100 56 52 53 46 46 45 42 44 45
45 46 46 46 184 214 195 152 135 108 116 126 151 174 182 146 130 80 58 53 46 46 49 45 45 45 43
46 45 46 48 159 168 114 179 144 129 191 202 173 202 184 160 130 74 61 53 49 46 46 46 45 46 46
46 46 46 46 136 112 82 181 190 182 238 236 261 201 157 148 111 72 59 53 49 46 46 47 45 46 46
48 46 45 46 91 80 65 97 154 187 249 254 307 241 189 155 118 73 65 52 49 48 46 46 48 45 46
46 50 46 46 84 77 64 72 138 202 242 288 302 246 211 149 104 74 63 52 49 50 46 46 45 44 45
46 45 46 50 74 67 70 68 85 195 267 373 331 240 195 141 94 73 63 54 49 47 47 45 47 45 45
49 50 43 46 63 64 64 72 79 110 223 407 344 192 151 107 83 70 59 52 45 47 49 44 46 45 44
50 47 44 45 50 52 58 66 61 64 72 129 116 81 74 58 53 51 51 46 44 45 47 43 44 42 45
43 44 45 43 52 63 72 61 55 51 55 60 58 53 56 49 44 46 45 46 42 43 44 42 44 43 45
42 46 50 46 76 255 341 79 59 58 57 63 60 60 58 53 53 49 47 47 46 42 44 44 43 44 44
45 44 47 53 107 269 228 71 60 59 59 67 62 61 63 56 53 51 46 46 46 44 45 42 43 47 46
49 55 49 50 67 88 97 68 57 59 60 73 66 68 67 60 58 56 49 46 46 48 45 44 41 43 48
51 59 51 48 63 68 73 67 63 63 67 78 75 79 82 68 64 64 51 52 48 45 52 45 42 44 42
71 52 50 54 66 66 72 63 65 67 76 84 82 90 90 67 76 73 56 51 59 51 48 51 42 43 44
50 51 54 62 62 62 75 64 70 69 80 91 94 87 95 90 89 102 76 58 51 53 46 49 44 44 43
45 58 59 63 64 59 72 60 67 64 74 90 91 85 96 83 91 121 93 58 57 61 48 44 45 42 44
42 57 60 60 61 53 59 64 64 56 66 80 71 71 74 78 76 92 68 55 56 57 49 44 43 44 44
44 53 52 51 55 56 55 51 54 56 56 65 59 58 61 59 62 65 53 53 53 54 48 43 43 44 41
