44 42 46 49 45 44 42 46 50 44 43 44 43 43 44 41 42 44 42 43 49 46 44 44 43 44 44
43 44 45 48 48 45 43 46 45 44 46 42 44 48 44 42 43 43 44 48 44 47 46 42 43 44 43
43 44 44 48 46 44 47 44 46 51 50 48 45 44 43 44 44 43 47 43 44 45 42 43 50 43 43
43 44 47 50 46 44 51 47 50 45 51 51 44 43 44 43 44 42 47 42 43 44 41 43 49 44 42
43 45 65 62 49 46 60 68 76 67 69 46 43 45 43 44 46 44 43 45 43 43 45 42 44 49 44
55 51 89 110 83 68 75 125 97 115 111 48 47 47 44 45 44 44 43 45 46 44 50 44 43 44 43
50 56 115 349 255 73 67 87 146 169 108 51 48 46 48 51 44 45 44 45 46 44 46 44 46 51 45
51 74 114 156 105 62 51 62 85 76 68 51 44 46 45 44 43 47 45 41 45 43 44 44 44 44 44
45 57 78 137 73 48 49 47 56 61 86 51 43 45 44 44 43 43 48 48 44 42 44 43 44 44 41
43 46 51 69 52 49 46 44 46 52 110 67 46 50 45 45 43 43 46 43 44 42 43 44 42 44 48
43 52 58 77 57 47 44 43 45 47 106 105 54 45 45 45 40 44 46 44 43 44 43 43 46 42 44
44 46 48 77 94 50 44 45 44 45 88 102 64 46 47 44 43 42 44 45 44 44 42 43 48 44 42
47 44 45 100 131 60 51 45 44 46 67 99 90 54 52 49 43 44 42 44 44 44 45 41 44 50 46
43 51 44 81 139 69 47 50 45 45 57 93 106 100 60 46 44 45 48 45 44 44 43 43 45 46 44
42 50 43 81 172 114 58 47 44 45 50 77 104 142 71 51 44 44 46 47 46 46 45 42 46 45 44
42 44 46 85 163 151 70 52 47 46 48 84 101 154 105 49 46 46 46 44 46 45 46 45 46 44 45
44 43 45 106 195 193 106 57 48 46 47 70 87 142 117 54 48 47 41 46 52 46 45 45 44 46 45
43 44 44 94 178 242 165 71 50 50 46 54 74 113 128 65 47 46 51 44 47 47 48 45 46 49 44
43 47 44 82 178 266 191 88 49 47 46 48 54 74 88 65 44 45 51 46 46 46 44 44 46 46 44
43 43 44 54 142 219 177 78 50 46 45 46 48 51 67 58 44 45 44 44 46 45 45 44 45 45 44
44 43 48 53 106 181 134 74 48 45 45 47 46 48 56 51 45 42 44 49 45 43 44 42 44 45 43
42 44 42 45 66 104 121 70 49 49 45 43 45 46 70 59 47 44 48 44 44 45 42 44 44 45 44
41 43 43 45 53 69 71 75 48 46 45 43 45 48 77 87 59 48 44 46 44 45 48 44 45 45 42
43 42 44 43 47 58 65 67 53 48 46 46 44 47 85 94 83 62 46 46 47 45 46 46 45 46 44
43 48 44 43 46 50 66 80 78 64 52 47 49 59 122 107 95 76 56 49 52 47 48 46 44 47 44
43 44 46 45 48 49 63 92 106 84 57 47 53 71 228 117 106 84 68 50 51 52 50 51 49 48 45
42 41 44 45 43 45 66 94 101 82 70 49 51 71 77 96 91 84 62 54 48 47 46 49 47 45 44
43 44 44 46 46 47 74 122 116 112 84 76 69 78 125 147 127 113 89 71 55 61 51 51 51 61 51
42 44 44 45 48 47 65 105 109 108 94 76 62 78 93 130 108 108 85 65 52 54 50 48 50 52 51
42 49 44 44 46 45 52 92 81 98 72 83 59 66 74 116 91 87 77 66 50 50 49 46 48 48 45
41 44 49 45 47 47 56 80 95 99 91 109 67 87 87 122 120 95 86 71 56 53 49 48 55 52 47
45 46 46 46 46 49 60 88 116 127 107 127 95 111 121 137 137 96 93 82 60 55 55 47 52 59 66
42 47 44 46 49 46 59 95 106 132 112 138 134 105 132 124 120 100 92 89 63 58 54 47 53 59 55
45 50 44 46 49 46 56 100 86 150 95 115 134 119 130 127 106 96 86 82 69 58 54 51 49 54 53
47 47 46 44 49 52 54 104 87 145 102 108 157 165 133 122 106 99 94 90 74 61 56 51 54 57 44
46 54 45 50 48 48 60 84 98 111 100 125 110 139 101 114 112 85 87 77 69 59 54 49 52 59 47
49 82 43 45 49 46 49 60 70 87 89 89 92 110 81 83 82 71 83 79 58 55 60 49 50 66 44
49 79 47 46 45 46 50 55 72 86 78 85 95 94 100 81 84 74 74 70 59 56 54 53 54 82 46
46 54 54 46 46 46 47 49 61 82 88 78 87 83 86 70 68 69 78 78 76 62 57 64 66 109 48
44 48 50 49 49 47 47 46 52 65 74 73 90 72 65 60 63 72 76 82 76 60 62 65 77 119 47
44 44 47 72 66 50 47 54 50 56 76 84 89 89 69 63 68 69 76 87 78 64 66 70 96 169 51
44 44 48 59 78 60 48 50 51 53 81 84 95 92 75 64 73 73 82 90 81 68 60 68 123 238 51
44 43 44 53 61 77 53 49 48 50 73 76 93 99 80 74 74 78 103 99 79 66 57 57 99 185 48
44 44 44 45 53 111 87 54 51 50 59 79 92 97 83 81 87 83 103 108 95 67 58 63 108 112 45
44 44 44 46 53 98 105 74 51 50 52 64 90 98 95 100 104 106 109 128 108 89 61 61 112 105 52
44 44 50 47 51 71 123 146 71 56 56 68 94 120 118 127 137 143 138 176 154 158 89 65 207 149 55
50 46 46 49 51 58 132 408 111 61 59 72 100 120 141 142 141 141 170 184 185 201 170 83 277 230 64
47 47 50 48 50 55 65 139 102 66 60 66 103 131 137 156 151 155 183 203 204 234 182 110 210 286 72
46 51 47 49 51 55 62 86 98 87 65 71 112 135 118 155 151 152 189 215 265 315 223 160 296 369 69
46 47 47 49 52 54 58 69 89 97 78 81 120 136 129 161 161 160 198 260 313 359 274 176 219 365 65
43 47 51 50 52 53 56 68 80 93 99 91 120 136 146 164 168 170 193 291 294 352 360 195 255 267 57
45 50 47 49 51 52 56 65 69 103 107 121 120 140 156 157 141 161 179 240 260 321 303 209 230 131 51
46 49 47 47 50 52 52 62 57 92 108 144 111 131 143 146 128 144 156 196 209 200 227 185 130 91 50
48 46 46 46 48 51 50 54 53 69 89 127 109 114 106 124 110 121 117 145 176 132 153 88 68 68 44
46 43 45 47 47 49 47 48 49 52 67 92 86 86 88 91 97 92 92 117 119 92 76 60 56 57 46
43 44 44 45 46 46 49 48 46 49 54 69 73 66 66 84 84 82 85 113 91 73 63 51 54 53 45
43 45 42 45 51 46 46 49 46 48 51 60 61 63 70 88 87 89 94 113 100 78 74 52 56 53 45
45 49 43 45 46 45 48 46 48 54 50 56 55 57 66 85 90 92 96 125 100 87 83 58 57 58 45
46 48 43 46 47 45 49 47 50 53 51 52 54 54 63 73 81 101 113 124 104 113 92 67 60 63 44
53 45 46 48 49 44 51 57 50 49 52 53 54 56 61 73 93 115 139 123 111 126 101 83 64 61 46
46 46 47 52 51 47 52 58 54 51 52 55 56 58 65 80 110 184 148 131 117 157 118 99 66 63 45
45 49 51 55 54 51 51 57 60 54 52 60 58 59 72 92 123 223 199 138 120 138 113 109 70 66 46
44 50 53 53 53 51 50 54 54 51 48 56 54 55 66 84 105 153 116 98 102 116 94 92 58 58 49
44 48 54 49 49 51 49 50 48 48 49 55 52 56 58 65 82 88 75 78 83 103 89 90 53 54 48
