42 43 44 45 45 44 42 45 49 46 43 45 50 58 54 45 41 43 49 43 44 44 42 43 44 44 44
43 43 44 45 43 43 44 45 46 44 44 51 59 98 73 48 44 41 44 49 44 46 45 42 44 44 43
43 44 43 44 48 44 45 46 44 49 48 52 105 490 69 50 50 47 47 44 49 45 46 49 46 43 44
42 44 42 43 45 43 44 42 45 55 44 52 83 82 57 46 46 44 47 44 44 45 42 44 49 44 43
43 44 44 42 44 45 45 46 49 72 44 90 103 64 52 49 49 48 49 47 47 46 45 45 49 44 43
43 43 45 43 45 46 46 49 53 159 49 124 102 63 57 57 56 55 53 54 50 49 60 49 46 46 43
43 44 42 43 46 46 46 49 52 138 46 159 134 59 61 58 56 56 54 55 51 49 53 48 46 46 44
43 44 40 43 52 44 48 46 46 57 43 178 108 54 50 49 47 49 45 49 51 46 50 45 46 44 43
43 43 44 43 44 43 44 42 44 45 44 63 79 62 47 45 44 46 44 46 45 43 45 41 44 49 43
46 43 45 44 42 43 43 45 44 42 44 54 75 67 48 43 43 43 44 43 45 43 43 44 43 43 48
43 46 43 46 45 45 44 44 44 45 42 47 95 106 51 47 45 40 45 47 47 42 44 42 44 45 42
43 46 43 45 44 43 44 43 44 46 41 46 72 112 69 51 46 43 45 45 45 44 42 43 49 44 43
43 43 42 44 43 44 49 45 46 47 42 48 54 108 112 63 50 46 47 46 46 43 44 44 42 44 48
43 44 40 44 44 45 49 49 46 49 43 55 56 95 109 103 57 51 47 47 46 44 45 42 44 48 44
43 46 44 45 52 47 50 68 78 75 45 90 94 136 180 172 158 76 65 54 53 49 51 47 46 46 46
43 45 44 47 52 51 60 81 125 90 45 110 100 173 195 185 228 157 78 63 56 51 52 48 49 48 44
46 44 45 44 49 54 57 56 102 81 45 95 94 162 142 179 261 178 64 58 61 53 52 50 50 47 46
45 47 46 45 47 53 71 65 90 119 45 81 89 141 153 191 309 141 64 59 60 53 52 50 48 46 46
43 44 44 45 44 48 56 53 84 137 44 72 67 104 140 161 154 100 72 54 52 49 48 47 48 46 45
43 44 47 43 46 47 52 73 91 106 46 73 71 83 141 117 105 95 75 54 51 49 47 46 48 44 45
44 43 45 45 49 51 54 71 78 111 45 78 73 76 83 90 104 78 67 57 51 47 48 45 46 46 44
44 46 52 47 51 51 48 67 102 185 45 89 59 65 87 85 96 83 88 51 51 54 48 47 47 44 44
42 49 46 47 47 47 48 60 106 163 45 78 60 67 85 89 92 98 102 64 51 50 53 47 48 46 43
45 45 48 45 46 48 51 56 88 161 45 67 67 78 78 99 97 101 103 82 65 54 57 49 49 47 44
46 47 46 46 47 50 51 58 84 277 46 71 74 89 97 112 123 115 105 114 90 55 55 51 48 47 46
44 45 49 46 52 50 88 65 73 119 44 69 76 81 110 135 138 127 129 132 98 58 56 51 48 47 46
45 45 49 48 48 54 55 71 66 89 46 69 70 83 102 148 110 121 142 115 144 82 57 52 51 46 46
50 46 48 49 48 56 60 64 93 146 46 85 86 100 161 195 130 172 161 154 156 123 61 57 54 50 47
56 49 45 46 48 70 61 57 68 159 45 81 76 108 138 125 112 131 123 119 100 77 54 51 51 47 48
44 51 51 44 48 47 65 57 69 78 45 99 71 97 104 108 108 114 104 103 75 66 51 49 51 46 47
53 57 59 56 61 66 78 99 123 127 52 4095 144 185 171 173 168 160 151 147 117 101 88 74 77 64 57
48 48 46 46 48 49 61 84 78 98 44 152 111 167 148 162 125 120 105 105 83 85 61 51 53 48 46
45 54 44 46 50 49 71 97 77 74 44 117 136 164 165 158 112 125 103 94 81 71 58 52 51 50 47
47 80 54 46 53 50 64 125 108 92 45 144 126 166 176 152 110 120 107 93 81 62 59 51 52 49 47
44 49 48 46 51 52 85 81 91 78 45 91 113 189 129 128 109 120 115 98 76 57 55 50 50 48 44
46 44 45 45 50 67 74 74 89 69 44 79 76 125 113 117 106 93 91 84 68 56 52 46 49 51 46
44 46 43 46 53 81 71 63 78 68 44 72 72 104 93 98 97 85 90 91 57 51 48 48 53 46 45
46 53 47 49 81 73 67 67 77 67 49 72 83 99 90 88 99 90 82 91 60 51 51 48 48 47 45
48 44 44 49 74 70 66 65 84 69 43 86 88 78 81 87 91 84 80 93 62 50 52 49 48 44 47
47 47 44 56 78 73 71 62 91 88 45 78 92 79 84 95 88 93 84 100 71 50 56 55 50 50 57
63 53 45 79 92 89 68 76 95 80 44 74 85 81 80 93 85 82 90 92 71 56 52 58 52 62 89
60 50 46 69 67 74 68 105 88 70 44 70 80 90 76 86 92 80 92 103 71 52 57 51 52 118 175
49 47 44 47 52 76 79 67 69 73 45 78 83 93 83 90 95 93 111 114 69 53 59 56 72 154 166
46 44 45 46 54 74 77 81 76 74 44 88 85 92 84 88 98 98 109 113 81 56 57 72 120 202 67
44 45 45 46 64 74 69 78 78 77 44 90 99 97 100 117 121 126 115 124 91 64 66 123 206 167 52
44 45 51 56 68 59 67 88 78 81 45 105 123 111 124 154 140 155 141 149 102 92 91 178 292 82 49
50 46 48 53 56 61 70 84 86 88 49 98 117 119 134 154 149 148 153 149 112 92 139 193 246 86 51
49 46 46 52 55 64 72 82 81 93 45 102 127 141 133 166 158 165 192 162 142 118 158 151 190 68 51
45 49 47 51 63 59 75 88 89 88 46 102 116 130 111 141 159 159 199 191 195 200 212 152 149 61 50
46 50 47 49 62 64 72 89 87 81 49 96 116 131 111 135 160 176 191 226 206 229 237 166 133 74 52
48 51 50 54 56 66 84 84 95 85 46 102 118 112 110 135 146 175 194 256 213 264 360 207 128 59 59
48 47 48 51 71 86 125 76 96 84 46 104 116 101 103 121 121 156 174 234 268 313 385 233 98 57 61
46 46 51 49 58 110 108 87 97 86 46 100 118 100 102 108 115 152 166 203 302 273 332 157 76 57 52
47 46 52 50 88 77 87 88 87 89 46 86 97 100 92 101 104 123 149 197 286 230 223 110 66 53 47
47 49 51 68 63 77 86 82 89 86 44 90 80 83 79 93 88 106 124 174 212 152 149 72 62 50 48
44 47 54 75 63 87 84 76 78 78 44 94 77 71 78 95 79 81 103 145 126 98 80 57 51 47 48
44 47 74 48 74 74 87 72 75 78 44 83 72 63 66 89 71 69 68 84 78 61 59 52 48 46 46
50 56 48 46 50 58 51 56 56 57 43 58 57 56 59 77 81 74 64 74 60 52 52 47 46 45 44
47 54 44 47 50 50 51 49 50 56 44 54 55 54 65 71 83 85 81 74 66 57 50 50 47 44 45
59 47 47 50 52 52 60 54 53 54 43 54 57 58 63 84 102 110 99 80 74 71 59 51 48 45 45
47 46 49 54 53 50 58 58 59 56 44 58 60 64 70 104 142 174 126 91 86 84 69 57 51 47 46
44 47 51 58 56 54 62 60 60 60 44 65 64 69 82 133 175 261 199 110 99 89 82 65 54 49 50
44 46 52 57 54 54 55 54 59 58 43 66 59 62 82 120 137 200 129 97 95 99 77 65 52 49 54
43 49 49 50 51 51 50 52 48 52 48 59 53 56 62 81 100 101 75 76 83 90 68 59 47 46 52
