45 44 44 41 45 48 44 46 44 43 44 44 43 44 48 44 43 44 43 42 44 45 42 44 48 44 44
44 43 44 44 44 44 45 45 46 44 43 43 44 43 44 41 46 45 42 44 43 44 46 43 44 46 43
43 44 44 44 44 44 44 44 42 44 47 44 44 44 42 43 46 44 42 42 46 42 45 47 44 44 44
46 44 43 43 43 43 45 43 44 47 44 44 45 42 43 43 43 44 47 42 44 44 44 44 46 44 44
44 48 44 42 44 44 46 44 44 43 44 49 44 43 44 42 45 44 47 42 44 46 46 46 49 44 44
44 46 44 43 44 43 45 44 42 44 47 44 44 44 42 43 45 43 44 46 43 45 53 45 46 45 42
46 43 41 43 42 43 51 44 43 44 44 44 44 44 41 44 44 43 44 45 43 45 51 45 47 46 42
44 44 40 43 45 43 49 44 45 44 43 44 43 43 43 43 43 44 44 44 42 45 46 44 49 44 44
42 43 44 43 45 42 44 42 43 48 44 43 44 44 44 43 42 44 50 44 43 44 43 43 48 43 44
42 44 42 43 48 44 43 44 42 43 44 42 44 48 43 43 43 42 44 48 44 43 44 42 44 44 43
43 42 44 41 44 49 44 43 44 42 43 44 43 44 44 43 43 44 45 45 45 44 44 44 45 45 43
44 43 44 46 44 45 45 42 43 43 44 44 41 43 49 44 42 45 45 42 44 44 43 44 42 44 51
43 42 44 43 44 44 42 44 48 43 44 44 42 43 44 42 43 44 44 45 44 42 43 43 43 45 44
44 44 44 43 44 44 43 44 47 44 42 43 44 43 44 41 47 46 44 43 42 43 44 42 44 45 47
42 46 43 44 42 44 50 45 42 44 43 43 45 42 44 48 42 44 44 41 44 44 47 43 43 44 43
42 45 43 44 43 56 60 58 44 44 43 43 45 42 44 48 44 44 46 41 45 48 44 42 43 43 44
42 46 46 44 49 158 114 97 63 46 47 46 47 47 44 45 46 54 70 57 49 44 44 43 44 44 44
43 47 49 46 63 278 160 136 112 53 51 52 51 51 47 48 51 112 107 110 74 46 49 44 43 46 45
44 48 49 50 70 300 184 164 87 55 52 54 53 51 50 47 50 152 153 133 109 55 45 44 44 44 44
44 51 48 46 55 97 162 124 66 53 54 51 51 50 46 48 51 264 194 135 136 55 45 44 43 44 45
44 49 54 50 52 63 201 166 178 58 55 57 54 53 51 48 54 112 170 145 119 62 44 44 44 43 44
46 62 58 52 57 72 519 332 320 106 71 68 66 63 59 57 60 110 151 124 71 55 46 50 44 45 46
47 59 56 57 61 78 586 276 306 134 71 70 69 64 60 59 63 284 220 151 65 53 44 46 52 46 45
44 49 49 48 49 60 103 104 128 65 60 58 53 51 50 51 116 249 139 456 65 53 45 48 49 44 45
43 49 46 45 46 53 70 62 68 60 58 48 48 47 45 49 81 133 150 186 70 58 54 44 45 45 43
43 46 42 44 46 48 55 56 55 50 47 46 45 45 46 50 61 64 73 74 60 46 50 46 43 43 42
43 44 40 43 50 45 49 49 47 49 46 44 46 45 46 52 51 54 53 57 53 43 44 51 43 44 44
43 45 51 44 45 45 47 48 51 53 47 48 51 46 48 54 58 57 50 51 49 43 46 46 43 46 43
42 46 52 44 43 44 45 49 52 50 48 51 47 49 50 50 50 55 48 46 48 42 43 44 42 44 46
43 42 46 48 44 43 46 45 47 49 47 46 46 47 47 50 48 48 45 44 45 42 43 44 42 44 47
43 43 44 47 46 43 47 46 47 50 50 49 52 50 48 49 48 46 45 43 44 43 43 44 45 43 45
44 44 47 44 44 45 47 49 55 56 62 53 55 61 53 50 49 46 46 44 44 44 42 43 46 44 44
44 47 47 46 46 48 56 57 68 92 87 87 84 93 83 55 55 49 46 46 45 44 44 43 44 45 44
45 56 48 47 51 53 68 98 102 156 115 134 108 109 127 87 58 54 55 49 51 45 42 43 43 43 44
47 60 54 51 52 59 89 131 120 145 115 254 176 148 148 116 79 54 52 47 53 51 44 43 44 42 44
45 58 54 50 55 61 107 123 143 151 151 149 178 169 127 105 101 62 54 54 52 46 44 48 45 42 44
45 55 53 49 54 76 106 120 128 111 125 153 118 143 126 116 82 63 55 53 51 46 47 44 42 44 43
46 54 55 50 57 86 127 108 126 126 93 139 112 117 115 102 86 69 60 52 51 46 44 43 43 43 44
45 59 54 48 57 69 101 121 134 133 120 147 135 121 99 115 81 74 60 53 54 46 44 44 43 43 45
45 54 56 51 52 76 111 138 129 112 97 117 106 92 99 84 83 70 56 52 51 45 44 44 44 44 43
46 57 62 54 57 100 128 162 187 141 109 95 106 107 96 85 85 71 56 52 54 44 44 49 44 43 45
46 69 53 56 61 78 121 162 183 138 129 90 104 118 94 89 78 66 60 54 52 46 42 44 44 44 45
62 76 56 54 60 73 133 168 194 144 142 110 124 130 99 93 79 65 59 56 54 47 42 44 48 44 44
56 239 64 52 58 71 129 174 164 161 146 140 145 131 97 83 76 60 55 57 54 47 50 44 44 44 43
89 302 105 54 57 74 121 171 154 159 144 150 159 132 112 95 75 58 54 58 58 49 49 44 44 44 44
120 241 134 55 63 79 131 180 179 177 159 188 188 155 132 100 72 60 58 63 70 63 49 49 45 46 46
101 227 154 57 62 100 136 184 206 187 172 180 192 166 147 106 71 64 62 78 149 90 49 42 45 50 45
62 197 182 66 71 112 140 195 203 174 181 193 225 180 130 108 72 63 72 103 213 101 46 45 44 45 49
57 216 146 82 118 133 137 183 201 197 189 192 210 167 102 98 72 63 78 115 190 77 47 46 42 45 50
52 180 163 100 162 146 154 169 167 170 163 172 198 149 104 96 75 64 99 152 185 55 45 45 46 43 45
50 153 161 133 185 173 229 210 184 171 150 184 200 143 124 112 91 79 132 182 150 53 46 46 46 46 47
51 114 194 272 212 194 259 230 202 170 164 186 193 159 146 112 95 96 122 150 104 51 46 45 45 46 46
50 81 153 151 159 189 262 253 221 168 150 188 197 168 147 117 102 114 111 130 74 50 46 43 45 50 48
49 68 71 105 149 176 221 225 173 155 137 163 150 150 119 115 99 102 91 88 63 49 46 43 44 45 45
51 60 58 62 77 129 168 164 153 124 136 136 125 113 94 92 85 77 67 63 63 46 45 43 44 45 42
45 53 52 52 57 92 117 109 105 95 102 99 88 79 81 79 63 59 52 50 56 45 43 44 42 43 45
45 53 51 51 58 79 106 108 113 112 100 98 85 78 74 76 56 50 50 55 50 44 44 42 43 44 43
45 53 50 50 60 65 87 99 103 101 94 87 72 69 70 67 55 52 54 50 48 45 42 43 44 43 44
47 52 52 55 65 70 95 105 102 96 83 84 69 63 63 57 53 52 50 50 53 46 43 44 42 43 44
66 53 59 69 83 92 133 129 134 104 93 87 70 63 63 57 57 60 53 51 53 47 44 47 44 42 44
52 57 68 85 93 109 140 141 139 115 99 92 77 64 65 65 62 76 63 59 55 46 44 41 44 47 45
48 66 72 92 103 110 157 144 136 111 98 103 79 66 68 71 64 90 69 62 57 47 44 44 47 44 43
49 63 77 84 87 93 130 132 124 105 95 99 69 63 66 70 64 75 62 57 55 47 45 44 44 44 44
46 65 67 67 78 100 109 119 91 87 76 83 68 63 58 59 59 58 50 55 58 50 46 44 42 44 44
