42 44 46 47 48 48 51 55 62 54 50 52 45 43 43 44 45 48 43 44 44 42 43 43 44 45 41
43 44 47 45 48 62 65 78 85 62 58 54 46 45 43 44 42 44 46 43 46 44 42 43 43 44 45
44 45 48 47 53 64 99 127 412 136 70 61 53 50 47 48 46 45 42 46 46 44 48 44 43 45 43
44 46 46 48 52 59 88 133 221 404 72 61 50 49 49 46 46 46 46 43 46 42 44 49 44 43 44
44 46 44 47 50 54 83 137 221 237 71 52 50 48 46 46 46 46 46 42 46 44 46 49 44 43 44
42 45 43 44 48 48 61 105 97 77 53 46 47 44 44 45 43 44 45 42 45 50 54 44 44 42 43
43 39 44 44 47 52 65 96 68 53 56 48 47 45 45 44 43 43 45 44 44 48 46 42 43 42 43
43 40 44 46 46 54 66 134 66 47 48 47 46 44 45 45 44 44 45 42 44 42 44 48 44 46 44
43 46 45 47 49 51 113 177 76 50 52 49 46 46 45 45 44 43 46 45 49 43 43 45 44 44 45
43 49 45 46 56 51 140 172 77 51 53 48 48 47 44 45 44 44 44 49 43 43 44 43 44 45 44
41 46 51 48 57 69 190 214 82 53 51 50 49 50 48 46 45 46 47 46 48 46 44 46 43 43 44
42 46 50 50 62 106 220 214 95 54 52 54 50 50 49 46 45 46 46 49 46 43 44 44 44 47 44
42 48 46 48 68 153 183 187 93 53 51 50 50 50 46 48 46 45 46 47 46 44 44 43 44 49 44
43 47 47 47 76 165 208 190 102 57 55 53 52 52 51 49 48 46 48 45 46 45 42 44 48 44 44
44 45 49 55 82 166 213 183 101 58 69 65 69 76 58 51 55 48 49 46 47 45 44 44 43 44 45
45 45 51 58 132 190 226 199 110 61 65 70 68 78 56 55 103 52 52 47 47 46 43 43 44 43 45
43 48 47 52 97 201 241 163 79 60 60 63 65 65 61 68 66 46 48 49 46 46 45 42 43 45 46
43 47 44 50 67 133 182 95 58 55 63 56 58 70 64 81 51 45 46 49 46 44 44 43 43 44 43
42 44 46 46 67 135 98 64 54 49 53 53 54 66 72 55 45 49 45 46 45 42 43 43 43 45 42
43 45 47 50 64 116 95 68 53 52 54 60 58 66 62 51 44 49 45 44 45 42 43 43 43 44 42
42 46 46 43 62 91 90 66 52 61 52 59 56 59 61 48 45 42 44 44 44 44 42 43 48 44 42
44 47 46 51 63 109 119 88 61 76 70 63 62 60 68 60 50 46 42 45 48 44 46 44 42 44 43
44 46 49 54 96 147 155 100 82 96 91 72 73 77 84 75 57 48 46 43 46 45 45 47 45 43 44
43 49 49 58 98 157 132 117 116 98 95 86 75 89 89 84 66 52 50 44 47 47 46 46 44 43 44
45 52 55 65 119 181 168 173 255 141 112 104 97 89 106 89 77 65 59 54 49 49 45 43 44 44 44
46 48 51 76 122 176 168 180 140 127 106 101 95 99 110 97 79 76 72 52 48 48 45 44 44 44 44
46 51 51 78 108 165 168 151 113 124 91 97 98 93 100 93 80 66 68 58 50 46 48 46 43 44 44
47 59 56 89 116 169 216 199 194 188 139 151 135 126 135 131 96 85 86 75 57 48 44 44 48 45 44
46 59 60 91 117 164 195 160 181 180 122 120 120 135 119 116 93 76 69 75 60 50 46 42 45 49 45
49 52 64 73 83 137 133 159 149 141 100 99 96 122 90 97 83 66 64 65 56 48 46 42 44 48 44
51 54 58 86 79 117 136 170 165 149 121 119 107 135 93 103 89 74 66 68 58 45 45 49 44 44 44
50 59 58 57 76 95 128 196 174 170 134 130 119 150 117 110 90 79 66 71 62 49 46 42 44 49 45
46 54 62 60 68 82 122 236 150 208 131 158 132 136 118 112 76 80 71 67 65 56 43 44 49 46 44
46 56 57 62 64 73 129 187 134 203 124 173 132 125 110 105 71 75 69 66 65 59 45 45 42 44 49
46 53 57 64 65 78 157 138 198 173 142 154 130 137 97 86 72 70 71 67 63 68 46 44 45 44 45
46 54 49 58 69 99 123 148 167 135 158 137 96 96 77 78 69 62 61 63 64 62 51 46 40 44 46
44 48 50 52 57 68 90 97 109 112 108 93 83 87 65 62 63 56 56 57 52 45 45 46 43 45 44
49 57 49 53 60 69 90 93 85 116 90 88 77 78 63 63 61 57 59 55 55 46 44 43 44 44 44
46 56 49 53 63 76 101 126 119 122 96 90 81 76 68 62 61 60 60 57 58 45 44 44 42 45 51
60 63 56 53 68 79 107 126 149 127 100 103 83 74 71 62 60 57 60 62 58 48 44 43 44 44 44
119 94 53 57 74 89 108 137 177 136 111 102 93 81 69 65 59 57 53 65 62 49 46 45 43 43 45
101 113 55 56 61 72 95 164 128 127 129 94 98 85 66 63 58 55 61 61 57 50 47 46 44 42 44
108 190 67 56 62 71 93 153 134 127 152 103 102 95 69 66 59 56 65 63 54 52 44 45 45 43 45
111 514 101 64 66 77 124 155 140 143 147 132 110 96 72 70 64 58 67 68 56 50 46 43 46 44 45
58 273 127 76 67 90 116 159 142 161 126 141 112 91 82 74 69 64 66 68 60 47 46 43 44 47 48
49 167 148 123 79 105 132 179 165 160 130 165 134 101 96 85 76 73 74 79 70 48 45 45 46 44 49
47 104 141 146 114 109 138 165 154 152 141 143 131 105 99 89 74 66 80 78 74 56 45 44 47 45 43
47 78 169 162 164 148 138 190 164 135 147 130 146 122 89 93 83 71 77 86 75 61 47 43 45 49 45
55 65 155 184 230 231 162 200 180 156 160 122 152 112 81 94 82 74 76 81 86 65 48 45 46 47 45
52 62 144 219 252 260 206 194 161 152 151 130 137 106 85 92 82 74 81 95 85 50 47 48 45 46 48
49 67 96 236 271 266 297 238 190 168 135 148 138 105 99 91 87 78 86 106 75 54 49 50 45 53 45
51 63 77 270 348 290 382 302 220 180 146 154 122 105 104 89 81 80 90 93 65 56 48 46 48 50 44
49 68 63 189 250 298 399 340 207 174 136 140 119 99 94 89 81 84 89 88 59 52 48 46 47 46 44
49 61 60 106 240 229 295 284 162 157 120 111 105 88 79 80 76 77 77 66 58 52 46 44 45 44 45
45 52 51 69 101 134 156 131 110 115 97 83 75 75 64 69 69 65 55 57 52 47 43 45 48 45 44
44 46 48 55 60 76 71 76 94 85 75 70 63 62 64 66 66 55 50 53 49 46 44 48 44 44 44
45 48 47 51 55 57 67 63 68 78 63 58 63 55 58 61 52 49 49 54 46 44 42 43 44 41 43
45 59 46 47 53 52 65 72 64 69 63 53 51 48 47 48 52 50 47 45 46 43 43 44 41 44 48
46 57 53 54 61 66 80 92 92 84 65 61 51 51 50 48 52 51 53 53 46 45 46 44 46 45 44
63 54 55 70 81 89 115 128 119 97 76 69 58 54 52 52 54 53 46 51 55 48 48 44 42 44 44
49 53 63 83 96 105 132 133 125 98 78 75 67 55 55 55 56 64 54 47 50 52 52 46 44 44 44
45 59 75 94 92 115 159 142 127 96 77 73 65 57 61 65 56 76 61 47 53 59 47 45 48 43 45
43 60 76 85 82 91 119 122 102 83 70 71 57 56 57 59 55 58 55 57 53 55 47 42 44 44 46
43 54 64 67 71 79 85 85 70 67 59 61 52 54 52 50 51 47 50 54 49 54 47 42 43 45 49
