43 44 44 46 46 44 44 43 44 45 45 44 45 43 44 44 41 43 44 43 45 46 44 47 45 43 43
43 41 44 45 44 47 44 42 44 42 44 44 44 44 44 46 43 42 44 44 44 49 46 43 44 44 42
46 44 42 44 44 44 44 42 44 46 44 44 44 42 44 44 42 44 48 43 46 46 44 44 46 44 45
43 48 44 43 45 42 43 44 43 44 46 44 45 44 44 44 42 42 48 42 44 45 44 44 47 44 44
42 48 44 42 45 42 43 44 42 44 47 44 44 44 42 43 43 43 43 47 44 44 46 45 44 47 44
41 45 48 44 44 44 42 43 44 43 44 46 44 45 44 42 42 43 44 42 44 46 44 45 49 44 44
42 44 39 43 45 42 43 44 43 44 45 44 46 44 43 43 42 44 41 44 50 45 45 46 43 46 45
42 45 49 42 44 44 43 44 43 44 42 44 46 44 48 44 42 43 44 44 44 45 45 44 45 42 44
42 43 43 43 44 44 44 43 42 43 48 44 45 45 44 44 42 43 47 44 46 44 42 44 44 44 44
42 44 42 43 46 44 46 44 42 43 43 44 45 43 46 49 42 42 44 44 44 43 44 44 44 43 43
43 40 43 48 44 43 44 42 43 44 43 44 45 46 49 45 42 44 43 45 45 44 42 44 46 43 44
42 43 42 43 48 44 45 44 42 43 44 43 46 49 57 51 51 44 44 45 42 43 43 43 44 44 44
45 42 43 44 44 46 44 45 49 45 45 46 47 81 153 71 56 47 45 46 43 44 44 43 44 44 43
43 46 42 44 46 46 47 44 46 51 48 48 51 54 131 278 59 56 48 47 46 43 44 43 43 46 44
43 43 44 45 48 50 50 50 52 50 50 52 54 57 108 493 130 62 50 51 47 47 45 42 44 45 44
42 42 45 43 45 46 45 47 46 43 46 45 46 51 82 118 100 57 44 45 47 43 46 44 42 43 43
43 43 44 44 45 45 46 45 46 47 47 45 48 59 101 116 80 58 42 44 49 43 46 44 42 44 43
43 42 43 44 45 47 48 46 49 46 46 49 51 62 148 135 82 54 48 42 45 46 44 47 44 42 43
41 43 44 44 46 46 46 46 47 47 49 48 48 71 90 131 105 50 50 45 46 44 42 44 43 43 44
43 43 46 44 43 45 45 45 46 45 48 54 55 90 83 64 59 46 46 46 44 46 44 42 43 43 44
43 42 44 47 46 45 46 46 52 49 56 55 71 111 63 56 52 45 45 49 45 45 44 42 43 43 45
44 45 42 43 45 47 50 48 59 64 96 108 95 70 57 55 54 47 49 44 44 44 42 43 47 44 44
43 47 45 43 49 55 59 59 94 168 255 138 88 63 64 59 53 49 47 48 45 45 43 43 48 44 43
44 44 45 45 52 68 85 96 290 287 340 122 72 65 64 63 60 53 47 54 46 44 45 44 44 48 45
49 45 46 48 57 96 208 237 355 309 250 139 75 69 66 70 64 56 52 53 47 46 50 45 43 45 44
43 45 42 48 71 181 241 305 305 239 109 88 70 72 66 68 62 54 56 52 52 46 45 50 44 44 44
45 42 45 46 84 160 318 232 245 155 74 70 74 66 66 67 66 56 54 56 48 47 48 42 44 48 45
44 45 49 103 139 216 291 266 169 125 96 101 107 117 115 99 102 88 73 67 59 61 50 46 44 44 46
45 46 53 128 216 270 226 163 113 121 159 129 149 143 169 190 124 103 81 66 58 52 51 44 44 45 44
45 44 50 75 160 174 134 142 125 140 129 147 139 152 126 167 153 149 104 83 58 51 45 45 45 44 45
44 51 46 63 77 100 111 153 119 127 147 164 135 215 143 201 175 208 149 148 86 60 47 45 42 45 49
48 48 51 54 55 65 82 106 126 139 130 145 155 210 179 251 183 174 168 201 109 87 48 44 45 50 45
45 49 46 47 54 56 60 75 83 89 98 121 123 174 166 194 152 163 173 154 130 98 52 45 48 44 45
44 47 44 45 52 53 55 59 59 80 70 83 93 134 153 163 125 185 142 161 134 107 50 46 44 44 46
43 44 45 44 48 48 50 56 51 52 54 56 63 98 99 93 97 134 96 178 156 138 68 48 44 44 44
42 43 44 42 46 52 48 49 48 47 49 52 58 75 67 71 66 98 107 152 128 134 60 46 43 44 44
43 43 44 45 44 46 50 46 48 47 46 50 56 63 68 67 79 78 97 102 84 105 47 47 44 42 44
43 43 44 44 46 47 46 47 51 46 49 53 56 70 65 67 76 85 95 92 85 82 45 46 43 43 44
43 44 45 44 45 46 46 46 47 44 48 59 60 67 64 70 74 75 92 97 81 64 50 44 43 44 44
43 44 44 44 49 47 46 47 50 48 47 54 58 67 71 78 74 81 84 103 81 52 52 44 43 46 44
42 44 48 44 50 47 46 49 46 47 50 51 58 78 74 83 85 84 90 98 64 46 47 42 43 44 42
43 43 45 45 50 49 49 49 49 50 51 59 64 86 84 94 93 85 98 85 50 46 46 43 46 44 42
43 43 45 44 50 54 55 52 53 52 56 65 72 103 114 115 111 99 116 71 48 45 45 43 43 46 44
48 44 44 49 57 66 64 58 54 55 55 72 92 116 110 114 125 105 98 55 50 46 46 44 42 44 44
44 45 44 48 104 134 99 67 61 62 64 83 122 141 144 157 181 137 83 53 51 48 44 47 44 43 44
45 42 46 51 124 228 223 145 104 82 80 104 172 174 190 200 216 145 69 56 52 46 46 49 44 44 45
43 45 50 52 170 220 228 186 153 118 118 118 168 208 222 194 175 105 62 58 52 48 46 45 44 45 46
46 43 46 57 144 183 142 212 167 155 203 205 188 242 206 211 168 82 64 55 52 50 45 45 43 45 49
45 50 46 49 103 113 100 196 220 205 264 267 286 220 152 172 114 66 58 57 50 49 46 44 45 43 46
43 46 50 49 69 80 76 114 169 198 266 273 362 270 183 181 124 68 59 57 56 50 45 46 44 45 46
44 46 47 49 64 73 75 86 160 227 253 313 345 273 223 189 112 67 58 57 51 50 46 44 45 49 45
45 47 45 49 62 71 77 83 109 220 281 423 343 240 192 170 85 65 58 56 50 49 46 45 45 43 45
47 48 46 48 62 72 78 89 95 136 274 489 370 205 155 116 76 63 57 53 50 50 45 45 42 45 49
55 44 45 42 52 71 72 72 65 66 85 171 134 95 82 62 52 50 45 46 46 46 46 45 44 42 44
44 42 44 43 59 105 90 65 55 53 56 66 61 55 56 52 47 48 40 44 50 44 43 44 42 43 44
45 46 47 59 135 1222 341 107 96 85 78 83 84 79 78 83 72 63 54 46 49 47 46 45 44 45 44
43 44 44 60 71 109 102 72 86 77 64 62 58 51 51 56 45 46 50 45 44 44 42 43 44 43 44
46 46 47 55 70 90 105 86 92 89 74 74 60 52 51 50 48 44 46 50 44 44 44 42 43 44 44
49 48 48 55 65 76 91 88 91 95 81 77 63 53 54 52 49 45 46 50 46 44 47 43 43 44 43
59 50 49 57 71 74 95 97 114 110 91 80 67 56 56 56 54 51 50 45 47 48 44 48 48 44 43
46 50 56 66 69 72 89 95 116 109 91 90 73 58 58 62 58 66 52 49 45 50 50 51 46 44 44
44 58 64 71 72 68 92 87 103 90 86 83 70 59 63 65 62 77 61 51 51 50 48 47 47 45 44
43 56 62 68 63 60 71 70 73 69 74 77 61 56 58 61 56 67 51 50 57 56 52 45 42 43 44
44 49 60 55 58 59 57 59 57 55 57 59 53 56 53 50 50 51 49 46 50 60 53 48 44 42 43
