43 44 45 46 45 46 46 69 291 71 48 48 49 48 46 46 44 44 43 44 48 43 44 43 44 46 44
42 45 45 43 46 51 50 102 85 49 45 44 45 45 41 44 44 43 44 42 44 44 43 44 42 44 47
43 43 46 42 54 104 84 88 66 47 44 49 45 42 44 44 44 43 44 44 44 44 45 45 46 44 42
43 42 44 42 63 199 103 82 110 49 47 47 45 45 45 44 46 44 43 46 46 43 45 43 44 47 44
48 43 43 44 50 78 104 68 69 48 45 46 46 44 43 44 45 44 43 44 44 43 47 46 45 46 45
47 43 42 43 45 51 62 56 60 48 44 46 45 43 44 44 41 42 44 43 44 43 49 49 44 42 44
42 40 44 43 45 52 51 55 62 46 44 45 45 44 44 43 41 42 44 43 45 46 45 46 44 42 44
43 40 43 43 45 43 48 78 90 60 47 46 47 44 44 44 43 43 44 44 45 41 44 44 43 48 45
42 43 44 44 44 45 46 77 116 93 58 50 51 47 47 46 44 40 47 46 45 42 44 44 44 45 42
43 44 43 46 45 43 46 71 106 107 59 52 55 49 47 46 40 44 46 46 43 43 42 43 44 42 44
42 44 43 44 48 45 47 75 126 151 80 62 56 57 50 48 45 44 46 51 46 44 44 49 43 43 45
42 46 45 44 47 44 48 72 131 192 104 88 63 63 54 50 48 46 44 45 44 43 44 43 44 47 44
44 47 43 43 45 43 47 61 106 180 101 131 67 59 55 53 46 49 46 45 46 44 44 44 45 41 44
44 45 43 43 45 42 48 60 100 166 89 140 85 63 60 53 49 46 46 44 45 44 44 44 41 43 49
43 43 45 41 44 49 48 54 81 159 90 124 95 66 74 57 50 45 41 45 51 43 45 46 44 44 45
43 43 47 41 44 49 47 58 78 149 86 145 120 120 64 55 47 47 42 45 51 44 45 45 42 44 44
42 43 44 44 42 44 53 55 70 103 69 145 230 128 69 65 47 46 47 41 46 50 44 44 44 44 44
43 44 43 44 42 44 52 53 60 78 58 131 172 127 119 74 56 46 45 43 46 49 44 43 44 42 44
41 43 44 43 45 41 46 56 53 70 56 106 106 109 140 70 47 44 45 52 45 44 44 43 43 44 43
43 44 41 44 44 46 44 51 54 69 56 89 95 136 151 101 57 46 46 50 45 43 44 43 43 44 46
44 43 44 44 45 42 47 54 59 93 67 106 119 168 163 147 63 49 46 46 50 44 44 44 42 45 45
44 43 45 45 45 44 49 56 66 115 76 140 189 168 182 199 78 51 51 47 44 46 48 44 45 44 43
43 43 45 44 45 46 51 65 89 144 91 227 203 207 275 196 83 58 52 49 48 45 45 46 44 46 44
47 44 44 45 46 49 54 69 102 192 113 255 257 254 245 230 78 54 52 50 50 44 45 48 45 46 45
47 46 44 46 46 48 63 79 109 313 153 357 278 298 270 212 111 55 56 59 51 49 46 46 45 44 45
44 43 45 48 46 48 59 77 132 246 132 306 287 292 262 271 134 56 62 50 50 50 46 46 46 43 46
45 41 46 48 46 47 59 81 144 280 135 255 269 307 251 254 118 59 55 53 50 47 48 46 46 45 44
45 48 46 48 47 47 78 110 164 331 159 311 374 363 313 276 140 58 63 54 51 48 49 46 46 45 47
44 50 45 45 47 52 65 138 177 263 131 259 251 292 237 206 87 60 56 56 48 46 46 44 45 46 46
41 44 49 45 46 51 66 101 156 186 100 218 175 223 179 146 65 52 52 52 46 45 46 44 45 46 44
50 54 57 55 56 63 145 277 397 640 282 4095 547 515 391 294 141 106 99 94 81 62 56 51 51 53 52
46 49 45 44 46 44 93 159 172 219 112 226 197 234 196 100 60 52 54 51 49 45 46 44 45 43 45
44 45 44 44 46 45 73 164 170 224 114 196 206 193 136 77 58 51 52 49 49 46 44 45 43 44 48
45 44 48 44 45 47 85 160 182 188 99 204 194 154 100 69 56 52 52 51 49 43 44 44 44 44 44
44 44 45 44 45 52 107 137 236 193 101 155 150 136 90 66 53 51 48 49 51 45 46 44 43 44 45
43 44 43 45 43 52 93 141 165 161 88 121 99 92 70 63 49 48 49 45 46 45 44 44 44 44 43
43 44 43 44 44 50 101 125 128 143 82 97 84 75 65 63 47 47 47 42 46 48 44 43 44 42 44
42 44 45 43 50 49 108 133 109 139 81 92 87 79 65 61 50 45 47 51 46 43 44 44 44 44 44
43 45 43 44 45 52 91 132 114 154 85 104 99 79 67 62 49 52 47 47 47 43 44 43 43 45 42
43 44 46 43 45 50 84 130 125 157 93 119 123 87 70 62 48 48 51 47 49 45 44 43 43 43 44
48 44 43 44 44 46 74 138 153 191 100 143 143 98 73 63 51 48 49 49 46 45 47 44 46 44 43
44 43 44 43 44 46 61 117 178 208 109 156 152 108 74 63 56 51 50 50 48 44 45 43 44 47 45
44 46 45 43 45 45 57 116 154 225 119 172 159 115 75 65 56 52 50 47 49 43 45 49 45 44 45
44 44 43 44 45 45 57 131 133 220 109 174 160 106 73 65 53 52 52 46 48 49 45 45 47 43 44
43 42 44 44 45 45 61 128 134 216 112 173 143 96 71 64 59 55 54 50 46 45 45 44 44 47 44
43 46 43 44 46 45 59 121 150 206 106 196 149 101 74 68 63 90 65 50 49 46 45 44 44 44 46
43 44 45 44 46 46 57 123 170 202 106 171 132 98 87 95 135 184 140 57 50 46 43 44 48 45 46
45 47 46 45 46 44 56 133 156 184 102 139 145 168 142 147 180 156 197 92 49 45 46 44 45 46 45
42 45 50 46 45 46 58 134 182 195 103 172 201 199 139 165 120 111 166 126 52 46 47 45 45 49 45
44 45 48 46 45 46 61 130 171 197 104 206 239 212 163 135 81 75 123 157 85 51 46 47 48 44 45
43 45 45 46 46 46 65 154 196 240 121 227 269 212 166 129 64 61 78 147 103 46 46 47 46 46 46
43 45 46 45 46 49 66 147 202 294 141 256 269 203 147 93 63 57 60 84 89 48 45 45 46 45 47
46 44 49 46 46 48 65 172 255 381 174 296 293 212 122 90 65 58 59 68 77 48 44 45 49 45 48
45 46 47 47 46 49 60 104 183 404 183 289 215 148 102 85 61 56 57 56 58 48 45 44 44 44 46
43 44 44 44 45 47 54 65 85 217 110 169 107 79 70 68 54 50 49 50 51 46 50 45 43 44 46
42 44 43 44 48 53 48 48 49 65 52 69 60 50 52 56 45 46 46 46 52 49 46 42 44 43 44
42 43 46 44 53 53 45 52 49 59 50 61 58 53 48 49 48 46 47 52 81 60 54 43 44 43 45
44 46 52 48 49 48 52 50 55 69 53 73 66 56 55 53 48 55 50 64 139 88 50 44 43 44 42
49 52 50 48 49 48 54 59 60 79 62 74 75 66 58 57 51 52 63 56 79 68 54 44 43 42 43
56 50 53 54 55 50 65 78 81 97 65 86 90 70 63 63 61 60 54 59 63 63 57 48 43 44 43
55 48 56 57 60 55 72 72 96 106 67 98 97 72 74 71 74 82 65 56 62 61 52 51 44 44 44
46 53 55 64 62 56 78 73 86 101 65 98 90 74 79 82 77 106 76 57 60 65 53 54 45 43 45
44 49 56 62 62 56 67 65 71 91 60 91 77 68 75 75 68 87 62 54 57 67 56 47 45 42 44
44 45 51 51 62 58 55 61 56 64 52 69 63 62 60 62 61 61 51 49 54 65 55 45 44 42 43
