44 48 44 43 44 42 44 44 44 44 42 43 48 44 43 44 42 42 43 43 43 44 40 43 49 44 42
44 42 42 43 42 43 49 47 45 44 42 43 45 43 45 46 43 44 44 44 44 44 43 44 41 43 48
44 41 44 48 45 43 46 53 48 44 43 44 48 46 48 46 43 44 49 44 43 44 42 42 44 43 44
43 45 42 44 50 44 49 87 72 45 45 44 46 51 63 54 44 43 45 51 45 44 44 43 44 44 44
42 45 51 46 48 48 56 114 280 55 49 46 51 121 126 86 55 48 46 50 47 46 46 43 43 45 42
44 44 46 44 45 49 56 98 93 52 47 46 44 60 79 75 52 48 45 43 46 45 45 44 43 44 44
43 52 43 43 44 44 51 61 52 48 45 42 44 45 53 55 46 50 45 43 44 42 43 44 43 44 44
43 49 46 42 44 44 47 51 46 48 44 47 45 42 46 63 53 44 44 42 44 43 44 46 44 49 44
43 44 44 44 44 46 52 58 48 45 50 44 47 45 45 74 63 46 50 43 43 45 43 44 48 44 44
42 47 45 46 48 57 99 68 46 46 50 45 46 46 51 76 72 48 48 47 43 46 46 42 44 47 43
44 44 45 49 50 74 163 99 55 47 46 47 46 48 50 85 101 70 47 42 47 51 45 44 44 42 43
42 43 46 45 52 59 126 113 54 47 48 46 46 49 50 83 147 96 47 51 46 45 46 42 43 44 44
46 49 48 46 49 104 138 107 55 50 50 50 48 55 62 107 156 145 53 51 48 48 46 43 43 44 43
44 53 48 46 53 110 162 117 61 51 50 50 54 54 77 99 110 122 52 48 51 46 46 44 42 43 46
44 46 49 46 63 167 193 121 75 56 52 56 53 62 98 106 160 174 79 46 44 47 53 44 44 44 43
44 45 49 53 70 219 218 161 107 63 56 58 53 62 79 131 211 221 97 56 48 49 50 47 44 45 47
49 47 49 50 75 244 271 166 103 64 57 59 56 64 76 130 228 230 118 48 50 48 50 49 44 44 45
46 49 49 49 71 175 202 120 77 66 54 57 53 59 64 126 207 218 129 45 48 50 48 44 47 44 46
43 55 51 46 51 123 127 76 61 53 53 50 48 50 54 73 114 131 90 43 47 50 47 45 44 42 44
44 40 50 50 48 71 71 67 56 48 47 48 45 46 53 63 72 92 84 45 44 45 48 44 45 44 45
44 44 44 46 51 72 76 75 58 48 49 47 48 45 52 63 93 110 93 43 46 46 45 44 47 44 49
44 50 46 49 52 66 91 95 60 51 45 49 53 48 56 85 87 110 93 47 45 46 45 43 44 43 48
42 48 49 46 49 82 94 87 81 58 51 50 51 56 59 90 100 112 88 51 49 47 45 47 43 46 46
44 46 55 47 50 92 110 92 106 67 62 53 53 58 83 103 92 108 97 52 49 45 47 46 45 45 43
45 46 50 52 53 106 126 122 129 94 91 64 57 68 127 121 114 104 85 51 49 50 50 49 44 45 44
44 49 50 49 57 106 115 133 129 90 90 63 63 84 118 132 125 103 93 52 48 51 50 45 44 44 46
45 46 54 48 51 98 108 99 106 79 71 58 64 86 96 107 116 88 80 54 46 48 49 44 44 44 41
52 76 65 73 54 117 122 128 115 143 87 77 80 118 136 134 119 124 94 61 56 55 56 44 43 44 45
76 76 66 64 54 86 131 118 119 131 98 90 83 116 136 137 96 103 78 51 54 76 57 44 44 44 46
56 51 53 58 55 72 98 103 101 102 81 104 78 106 102 119 87 81 65 48 48 55 59 46 44 42 44
56 74 108 120 90 131 170 225 192 194 196 3451 170 203 166 191 151 133 90 80 86 107 101 52 48 48 50
50 60 56 54 55 71 94 159 123 116 127 142 103 142 121 136 98 86 72 57 53 54 62 44 44 45 43
50 68 55 52 53 59 102 121 114 136 119 111 112 141 119 105 87 83 62 48 60 57 70 45 43 44 46
49 54 54 54 51 59 88 125 102 119 103 109 118 121 119 101 81 75 64 48 54 66 83 44 43 44 48
51 49 53 51 51 66 87 112 127 116 108 94 109 120 110 102 92 82 60 49 50 56 61 46 44 46 45
50 50 53 52 54 70 97 111 98 110 108 77 90 108 95 84 72 68 57 46 50 57 84 54 48 45 46
45 57 58 50 51 73 81 107 90 91 81 66 71 92 79 86 75 70 60 46 47 56 68 47 50 44 46
48 106 108 50 53 119 92 94 95 82 73 72 68 76 71 76 71 65 55 44 48 57 81 49 45 43 63
47 57 63 54 50 63 77 92 98 84 70 68 60 72 76 69 68 54 49 47 46 54 96 60 47 45 45
55 57 75 50 53 53 70 114 86 79 65 68 66 71 74 63 68 55 48 47 46 57 64 50 43 44 44
50 60 104 57 53 57 89 156 121 106 86 82 83 84 83 86 78 62 52 48 53 93 96 59 45 43 49
44 60 104 61 53 66 98 147 124 89 90 70 76 91 84 86 72 66 51 47 50 72 78 50 44 44 45
51 120 195 95 60 77 130 164 154 132 131 105 108 128 103 101 82 71 55 51 56 100 110 46 46 45 44
52 106 138 93 58 67 115 174 151 143 125 110 113 123 98 103 91 68 57 53 55 121 169 47 46 43 46
63 74 208 124 62 67 92 145 135 142 123 117 127 115 107 99 98 65 55 53 64 166 224 60 43 45 49
50 54 190 173 74 67 85 154 163 152 133 142 150 135 133 124 115 69 56 52 76 234 283 67 47 46 49
47 59 177 160 72 70 93 148 160 148 152 142 154 147 154 137 110 74 58 52 88 240 213 48 44 45 46
47 52 121 146 90 67 107 167 157 143 164 149 169 170 158 156 121 83 59 52 101 210 154 48 44 45 45
52 52 107 159 103 69 125 170 176 175 186 156 182 161 129 149 111 93 64 58 164 208 90 46 44 44 45
46 61 104 134 113 83 137 162 162 156 170 148 189 163 132 146 125 105 73 86 169 177 74 49 45 46 45
53 54 102 145 130 129 167 200 193 165 154 161 184 160 159 174 157 121 114 104 159 140 68 46 45 46 45
50 59 99 212 166 174 226 242 245 195 172 179 179 170 168 227 170 137 120 114 148 112 71 47 44 46 46
51 56 83 148 146 171 258 277 284 212 182 184 176 170 180 219 158 138 123 124 135 79 69 47 45 46 47
48 53 69 101 127 182 195 236 241 200 161 153 145 164 145 181 138 125 92 96 88 67 65 50 45 46 46
46 54 62 68 110 172 172 186 191 162 149 131 122 122 114 134 114 110 84 74 59 62 59 49 45 44 46
45 55 54 57 80 105 143 143 140 129 119 112 107 100 98 107 99 79 67 58 52 57 52 45 48 44 44
44 47 53 55 62 81 90 100 108 104 101 101 88 91 90 85 75 66 52 53 51 56 52 43 44 43 44
46 43 54 58 52 57 69 81 95 105 90 92 86 84 84 80 64 60 49 49 47 50 55 44 43 44 43
51 51 46 53 53 54 63 74 85 94 89 87 85 89 86 72 61 59 50 47 49 50 54 44 43 44 43
72 52 53 53 56 54 66 76 83 90 90 91 88 79 69 69 63 62 52 47 49 50 50 45 44 44 44
50 47 61 61 61 61 74 75 87 87 92 95 98 76 68 77 71 78 59 53 54 52 51 46 44 49 45
49 49 61 69 64 63 81 74 86 83 96 107 93 69 74 90 76 104 76 52 57 56 51 46 43 44 50
45 56 63 70 63 60 72 70 79 80 89 105 81 67 74 85 68 85 66 54 58 56 54 49 44 44 48
44 47 59 58 58 65 62 63 68 68 69 90 70 62 62 63 61 59 54 51 54 61 52 44 48 44 50
