43 42 43 45 44 44 41 44 48 44 43 44 44 46 70 91 87 49 42 44 50 44 44 44 43 45 44
43 43 47 44 45 44 43 45 45 45 46 45 46 53 135 326 75 47 49 48 47 48 44 44 50 46 44
43 41 44 48 44 45 44 42 43 45 44 45 47 54 188 129 50 45 51 46 48 45 43 44 44 44 44
42 46 43 44 49 43 44 44 42 44 45 44 51 65 92 79 46 46 44 44 50 44 44 44 42 43 44
42 44 42 43 50 44 43 44 42 44 45 54 87 106 92 72 44 44 46 50 46 44 45 43 44 44 43
42 43 44 41 44 48 44 45 44 43 45 106 114 148 113 81 47 46 46 46 47 46 49 45 45 43 44
42 46 44 43 43 43 44 44 44 42 46 86 130 151 96 69 48 43 46 50 46 46 47 42 44 44 43
44 45 44 48 45 45 44 43 44 43 44 57 70 73 84 66 44 42 45 46 47 45 44 42 43 43 43
44 44 43 43 43 43 42 43 44 44 45 45 50 51 85 85 46 44 46 42 45 46 44 43 44 44 43
40 44 49 44 43 43 42 44 44 44 44 44 45 49 89 103 58 45 47 46 49 45 44 44 44 44 43
42 44 43 44 43 44 46 44 45 45 43 44 46 45 93 135 94 51 48 46 47 49 45 47 46 44 43
41 46 43 45 46 46 46 46 44 46 45 43 45 47 68 116 123 61 55 55 47 49 46 43 44 46 44
43 45 45 45 43 44 49 44 44 46 44 44 47 46 83 99 123 120 73 73 49 47 47 43 46 50 44
42 46 45 43 45 42 45 50 46 46 47 46 47 58 68 110 157 184 126 76 55 50 49 47 45 48 49
44 44 47 44 44 45 46 46 49 49 64 63 66 82 96 126 142 225 302 92 60 58 53 49 54 53 45
44 44 45 43 46 46 47 48 47 53 68 67 66 96 84 138 174 256 257 125 70 57 56 47 52 58 46
44 45 45 45 46 44 46 47 51 59 68 66 70 86 85 114 201 398 220 185 68 62 58 50 54 59 47
48 48 44 45 44 46 47 46 52 74 66 70 63 70 88 102 153 182 234 193 72 60 56 50 50 54 50
43 49 47 44 45 45 46 46 67 77 63 58 60 68 87 98 90 96 186 197 87 59 54 54 51 51 46
44 41 46 43 45 49 45 46 64 74 63 60 63 64 85 76 63 64 107 141 91 63 49 47 53 50 46
43 44 42 44 42 44 45 48 61 86 72 62 57 62 70 63 59 60 91 110 88 76 50 47 52 49 44
45 44 48 49 45 44 45 46 85 157 64 63 63 59 59 69 65 74 105 129 120 113 59 49 51 51 46
43 44 46 45 50 45 46 46 109 137 74 56 54 60 73 72 70 83 130 136 138 122 77 50 53 52 46
45 45 48 44 47 47 45 48 84 162 104 57 54 66 78 85 73 95 115 128 138 134 91 51 53 55 44
44 49 46 46 46 50 48 48 119 308 79 61 62 72 88 94 90 116 131 158 148 165 101 53 57 63 47
44 49 44 45 46 44 47 54 59 117 72 57 66 76 84 109 117 104 131 147 149 157 99 55 54 58 52
45 45 47 44 45 46 47 48 63 126 68 64 67 76 87 119 98 98 122 153 217 187 128 59 60 62 45
46 48 50 45 47 52 51 51 64 160 76 67 89 108 128 176 140 142 162 191 232 209 179 76 64 68 50
46 44 45 45 45 54 57 51 72 95 67 63 80 110 115 141 108 124 128 142 127 131 104 60 58 60 45
44 44 44 46 43 45 59 54 64 66 63 63 69 92 91 113 93 103 109 109 95 106 78 56 53 52 46
44 44 47 47 46 45 49 70 89 72 87 76 76 103 107 115 104 124 116 129 108 108 73 53 53 56 47
46 46 48 46 45 45 53 85 71 76 77 77 84 103 124 119 106 122 118 134 113 101 70 53 54 58 46
45 54 46 44 46 44 62 95 69 66 68 74 88 100 123 113 83 113 113 112 104 93 63 52 54 55 46
46 67 45 44 47 46 56 110 105 68 75 99 95 101 122 110 89 109 106 100 95 72 63 52 51 53 47
46 48 44 44 46 50 75 76 102 58 58 60 75 89 99 93 113 104 101 103 79 65 57 49 50 52 46
52 45 44 46 54 75 74 77 98 59 71 84 87 116 130 119 94 97 92 87 65 59 56 51 50 53 46
50 46 44 49 61 92 72 67 75 58 67 70 70 83 91 95 77 75 81 75 59 54 50 48 48 49 47
48 55 52 53 92 79 66 66 78 60 61 70 68 77 82 84 78 74 87 70 66 57 50 50 48 47 45
46 43 46 52 84 78 70 68 80 66 64 69 76 72 82 83 77 82 84 81 72 60 51 49 52 50 44
52 46 49 63 85 72 68 70 84 65 66 70 85 76 76 85 76 82 80 86 84 64 54 52 52 51 44
70 65 49 91 94 91 64 71 82 67 64 74 88 82 76 84 74 78 86 90 78 65 52 50 51 50 46
59 49 45 63 62 77 65 88 81 68 68 71 76 94 78 83 72 71 85 95 80 68 54 49 51 51 46
46 49 49 46 47 51 54 72 78 67 76 68 76 99 74 81 76 72 99 108 83 75 57 57 53 55 45
46 45 44 48 46 50 63 82 72 69 69 80 79 90 78 81 84 78 100 119 96 92 65 57 59 64 51
44 49 44 44 46 46 66 76 72 71 69 81 87 88 89 99 110 113 123 153 134 113 93 67 80 115 90
46 51 48 46 49 52 57 71 82 77 68 92 107 100 114 137 135 153 155 201 183 154 133 88 213 359 176
46 48 48 45 48 53 55 66 80 77 71 88 101 109 129 143 123 156 172 208 207 172 149 117 349 490 166
46 50 46 47 46 50 57 70 77 76 77 82 107 127 123 143 134 161 200 224 221 210 159 137 303 503 119
46 48 47 47 48 49 58 68 77 82 80 87 103 115 108 135 126 146 196 229 259 238 222 201 384 589 89
45 48 48 47 51 47 54 72 76 82 77 84 108 113 106 127 120 149 189 275 314 276 292 221 317 503 69
49 52 48 48 50 48 59 71 78 85 75 85 102 103 109 132 118 156 195 330 329 361 416 247 319 277 83
52 57 48 48 49 53 65 62 79 88 76 87 98 103 112 128 109 158 207 317 351 440 415 283 326 166 77
47 53 47 48 49 55 56 63 84 87 78 88 101 96 108 120 102 150 203 314 384 364 413 283 263 125 72
47 47 47 47 50 51 56 59 72 81 76 84 83 89 93 103 95 138 167 282 368 322 349 249 159 108 59
47 48 46 48 48 49 55 56 70 74 75 82 74 80 84 93 80 110 147 242 307 274 252 169 98 89 56
46 53 45 48 46 48 54 50 58 67 67 72 67 68 75 85 65 78 110 150 155 169 145 87 69 67 51
44 47 46 45 45 46 53 50 57 63 58 58 56 57 63 69 55 63 65 68 70 73 69 59 51 48 45
45 44 52 52 48 46 47 45 50 56 52 56 49 50 62 68 69 64 66 71 63 61 59 50 50 49 45
47 53 53 44 48 51 52 52 50 49 51 53 51 51 57 67 76 81 85 79 73 68 66 52 51 51 44
56 58 52 61 55 46 53 48 52 54 49 51 55 53 57 71 91 104 103 94 83 79 72 55 54 52 46
49 48 54 55 53 48 55 47 56 55 53 55 58 56 68 88 135 177 137 106 98 102 87 64 59 62 47
43 49 55 57 54 52 54 52 58 58 55 59 63 61 80 117 167 280 217 132 118 115 94 76 65 68 51
44 46 51 55 51 50 54 52 52 54 54 58 56 60 75 107 132 208 138 115 108 113 89 77 60 64 53
44 46 49 47 51 48 50 54 48 49 48 54 51 53 57 74 94 107 78 83 88 93 78 67 52 54 55
