43 43 44 47 44 43 44 43 44 43 44 43 40 44 49 44 43 41 43 43 44 45 43 46 50 44 42
43 42 41 44 44 42 43 44 43 44 48 43 44 45 44 44 42 43 43 43 48 47 45 45 43 45 44
43 42 44 43 43 43 43 43 43 44 44 44 44 46 50 45 43 43 49 44 46 45 44 45 46 43 44
42 43 42 44 48 43 43 43 42 43 45 44 45 51 61 52 45 43 44 48 45 46 50 50 49 45 43
43 43 44 42 44 48 44 44 44 44 45 46 50 58 163 103 49 45 45 49 48 60 91 106 61 49 42
43 42 44 45 44 46 44 43 44 44 45 48 50 110 149 145 52 49 48 47 52 78 162 145 81 47 50
43 44 48 40 44 49 44 45 45 43 44 46 50 78 196 92 50 48 48 46 49 63 90 124 127 48 51
44 43 46 42 43 43 44 44 43 44 42 45 55 63 87 57 46 43 45 44 46 47 63 85 82 50 44
44 43 42 43 43 43 46 43 44 43 44 42 49 56 52 47 44 44 44 46 42 44 51 54 64 46 44
42 47 44 42 44 41 44 44 43 44 44 44 50 58 50 45 43 44 43 48 43 44 48 56 62 47 48
40 43 49 43 44 43 42 43 44 43 46 44 49 94 49 43 44 44 45 44 44 46 54 71 53 56 45
41 43 43 42 44 42 44 46 43 44 45 44 60 111 51 46 44 42 45 51 46 47 68 99 46 48 44
44 44 43 45 44 42 43 43 43 44 42 46 74 122 61 46 43 46 46 46 47 50 95 133 48 44 44
44 48 44 43 44 42 43 44 43 44 47 51 86 132 82 48 45 47 46 50 53 57 136 172 56 47 46
43 42 44 42 44 44 44 45 43 44 51 62 95 146 96 51 50 48 47 52 50 68 152 160 76 71 52
43 42 44 42 44 44 44 45 44 45 52 77 108 164 116 52 51 47 50 53 52 88 164 187 101 59 47
47 44 44 44 43 44 45 45 45 44 48 91 122 159 118 58 50 48 54 50 54 121 163 168 112 67 47
47 44 43 44 43 44 45 44 45 46 51 96 116 172 119 63 51 52 53 52 57 149 175 184 111 63 51
43 48 44 43 44 42 44 45 44 46 48 80 95 133 95 54 51 47 50 52 55 124 151 191 118 54 48
43 43 43 43 44 39 44 49 44 43 46 62 83 97 76 50 48 46 48 49 50 89 123 167 89 50 52
44 43 40 43 44 43 48 44 43 44 45 53 63 67 63 52 45 46 44 46 48 59 103 108 60 49 47
43 43 44 43 45 47 44 42 43 43 46 51 61 65 56 48 44 44 47 47 45 58 90 81 49 42 47
40 43 47 43 46 44 42 44 43 44 46 46 62 74 52 46 46 47 47 49 52 63 135 60 46 46 42
43 42 44 44 44 43 44 44 43 44 46 58 72 84 58 54 47 47 48 50 54 89 112 65 46 46 45
43 42 45 47 44 44 44 43 44 44 53 82 97 108 78 52 47 49 56 50 60 109 95 75 50 47 51
44 43 47 43 43 44 45 44 45 46 53 104 114 105 116 62 50 50 54 62 91 118 99 71 46 48 51
43 44 47 43 44 44 42 45 50 46 58 89 105 109 95 69 56 51 55 82 116 149 109 76 50 47 48
43 43 44 44 43 44 49 46 47 51 84 122 127 148 116 101 60 57 71 112 152 172 145 115 51 53 51
42 44 44 44 44 44 48 46 46 54 85 101 105 124 112 98 61 53 70 90 92 113 104 89 49 49 48
42 43 44 44 45 42 44 50 46 53 71 84 89 103 94 86 57 51 69 79 76 98 78 71 49 48 46
42 43 45 43 45 43 44 50 47 56 83 100 100 122 85 124 69 58 78 117 87 114 86 78 53 51 47
46 49 48 43 44 43 46 48 54 63 84 106 100 138 107 149 93 73 115 120 104 146 100 84 56 54 50
43 48 46 43 45 44 47 51 48 66 85 102 121 119 129 132 97 97 128 118 108 131 103 86 51 54 52
44 44 51 46 48 45 48 51 51 57 78 100 140 108 140 139 107 116 127 117 124 130 128 87 50 56 51
44 43 46 51 51 46 47 53 54 64 80 84 127 148 169 150 118 129 133 120 125 159 162 91 52 59 54
47 44 44 48 48 45 50 52 52 67 75 103 108 148 132 123 114 119 107 105 121 149 159 82 52 59 53
46 44 43 44 48 44 46 47 49 57 68 83 99 131 97 105 93 102 104 97 99 122 134 75 52 56 51
43 48 45 43 59 47 46 49 49 52 65 85 92 118 99 100 95 112 93 96 96 117 169 69 50 54 51
42 39 44 49 48 51 47 50 49 50 55 84 89 101 105 92 101 93 90 106 109 128 181 66 50 55 54
42 43 39 44 53 54 50 48 47 48 52 68 84 87 83 80 84 84 77 94 95 99 93 65 48 52 74
44 48 44 43 50 77 70 52 48 50 51 68 84 82 72 70 69 67 81 90 85 92 81 52 50 53 126
40 44 49 44 46 63 68 62 49 50 51 68 81 91 78 76 67 71 93 111 102 109 100 54 48 66 149
43 45 44 44 49 47 74 86 53 50 51 65 85 92 89 92 74 79 119 120 104 121 89 56 49 101 184
43 42 46 49 45 46 79 117 63 54 50 70 87 99 84 93 82 85 120 114 105 125 70 56 48 123 258
44 42 48 44 45 50 69 141 96 59 50 63 86 92 95 115 105 110 123 129 116 119 66 57 52 144 303
45 45 46 44 45 46 48 287 166 60 51 60 86 102 125 132 134 140 135 172 153 133 71 59 56 124 124
43 44 44 45 46 45 49 87 106 69 52 58 85 110 135 137 129 126 157 166 162 147 75 62 67 109 82
43 45 44 45 48 45 54 62 96 73 59 59 98 125 141 162 149 142 175 189 173 162 104 65 60 135 78
43 44 45 44 46 46 49 53 93 79 63 62 105 127 121 148 142 146 176 177 192 182 145 81 133 193 78
43 44 46 44 46 48 48 56 74 78 69 73 117 130 122 150 156 160 173 206 218 188 167 126 98 281 91
44 44 46 46 46 47 49 55 76 84 82 95 126 132 143 156 159 164 179 237 219 239 223 177 107 298 131
44 47 50 44 46 46 47 55 63 87 98 96 137 143 156 143 129 147 167 202 242 291 224 220 127 207 93
46 47 49 46 45 46 47 52 56 82 89 113 148 132 144 137 117 129 149 183 207 205 219 183 116 129 63
45 44 44 44 45 46 44 49 54 61 84 102 117 115 107 117 105 103 108 139 156 150 172 133 74 78 56
46 44 43 44 44 44 45 45 47 55 64 83 85 81 78 88 86 84 88 118 103 106 106 68 53 68 51
44 44 43 45 45 44 45 45 48 56 61 75 77 78 83 97 94 91 102 131 101 111 110 68 56 57 51
43 46 46 43 44 44 45 48 46 52 60 70 74 77 87 108 97 103 105 138 111 110 110 74 53 55 52
44 41 45 48 46 43 46 46 47 52 51 64 70 71 89 101 105 105 111 131 101 100 98 69 52 54 51
44 44 41 45 52 45 48 50 49 50 53 56 62 69 89 99 105 111 127 122 102 110 91 71 59 55 52
48 49 46 46 51 46 52 52 52 51 56 57 63 66 82 103 119 141 142 118 104 118 92 70 54 58 53
45 48 54 50 50 47 49 51 54 52 53 61 65 68 87 114 159 214 164 128 112 128 100 79 62 59 54
44 53 53 54 51 47 48 52 55 51 53 69 65 68 84 132 193 282 210 127 112 118 99 78 52 61 58
44 49 50 54 51 49 49 50 50 49 49 61 62 63 76 117 156 200 134 93 92 98 84 69 49 57 51
47 48 49 51 48 48 49 48 47 51 48 57 57 62 67 85 126 129 84 80 84 96 83 66 49 52 51
