42 43 46 43 44 41 44 49 45 45 45 46 44 46 47 44 50 55 54 50 45 43 44 42 42 44 44
43 44 44 44 44 43 44 42 46 55 47 45 45 44 45 45 51 53 67 46 47 44 44 43 40 43 49
45 43 44 41 44 48 44 44 50 84 56 51 46 47 46 45 46 50 79 51 51 44 44 44 42 43 44
43 44 46 46 46 44 45 49 87 381 254 58 52 51 50 53 57 109 211 64 50 46 45 46 44 44 46
42 44 44 45 42 44 49 49 76 113 114 64 53 48 47 54 54 111 167 62 47 50 45 44 44 43 44
42 43 44 44 44 40 44 44 52 54 56 46 45 44 44 42 45 52 82 61 43 43 43 43 44 43 43
43 44 42 43 44 43 44 44 72 65 48 46 45 43 44 44 44 43 59 63 45 42 43 42 43 44 43
43 43 45 44 44 45 44 56 153 133 51 49 48 46 47 46 46 51 106 128 48 43 44 43 43 45 42
42 43 45 44 45 44 46 52 155 124 52 48 50 48 49 49 49 67 248 299 50 48 46 46 46 45 43
43 42 44 43 44 44 46 46 59 54 48 45 44 44 45 44 44 46 102 102 44 44 47 44 44 44 42
43 42 44 44 44 44 53 67 139 96 48 47 45 44 46 46 49 53 106 131 46 45 44 44 44 46 44
48 44 44 46 46 45 54 108 167 127 52 52 49 46 47 49 55 96 183 209 49 45 52 45 44 44 43
43 44 51 45 43 44 45 67 107 86 49 47 48 49 47 46 50 111 164 193 56 50 47 44 44 43 44
43 40 44 49 45 44 46 82 133 74 48 46 44 45 48 46 45 62 102 114 48 43 45 49 44 43 43
49 44 45 46 45 46 49 238 300 190 80 57 54 51 52 54 68 178 230 189 57 47 47 47 43 44 48
44 50 47 46 46 44 47 123 215 182 69 57 59 54 52 55 93 239 347 329 80 48 48 47 46 45 43
43 49 46 42 44 43 44 49 78 59 45 46 49 45 44 45 44 73 131 98 46 46 45 44 44 41 44
42 43 49 43 44 45 43 60 93 63 46 43 45 48 45 43 46 59 69 70 46 43 44 44 43 44 44
40 43 50 44 43 44 47 53 76 61 50 45 46 47 46 44 50 69 80 63 45 48 46 41 44 48 44
43 45 44 44 44 40 45 53 57 47 45 44 45 44 44 45 49 65 60 51 44 45 46 44 40 43 43
47 44 43 45 44 44 45 43 51 63 45 43 44 43 44 45 48 60 50 44 44 44 44 43 41 44 48
43 43 44 42 44 49 48 53 70 60 53 47 46 45 50 47 50 69 69 46 51 45 45 44 42 43 44
43 43 45 45 45 42 46 54 63 74 56 48 47 49 47 54 86 84 127 56 54 45 46 45 43 43 45
42 43 44 44 42 44 50 47 61 62 49 50 46 45 46 52 58 69 76 48 46 49 46 43 44 42 44
42 43 46 44 45 44 43 54 113 110 83 53 50 48 49 60 77 70 69 54 44 44 46 45 44 41 44
43 44 45 46 46 46 48 68 119 118 103 62 57 51 64 111 100 100 86 60 53 45 46 48 46 44 42
43 43 44 43 44 45 45 58 78 81 70 58 51 47 58 88 82 92 72 65 63 51 46 50 44 44 41
42 43 45 44 44 41 44 68 69 70 58 50 47 47 48 57 63 69 59 62 51 46 49 47 44 43 43
44 43 50 45 45 49 47 86 126 128 118 78 57 55 65 100 99 85 67 57 47 48 52 49 44 44 44
44 48 54 49 46 46 48 82 121 119 107 93 76 74 92 109 117 100 96 61 50 46 48 55 51 43 44
45 52 49 46 47 45 48 57 85 147 114 95 77 76 82 124 122 104 83 56 52 47 48 49 50 44 45
53 46 54 47 44 46 48 107 90 87 99 100 87 103 88 107 89 72 66 51 47 51 47 47 47 43 43
54 44 51 53 47 45 53 93 108 117 102 121 115 114 102 118 78 95 86 63 48 45 49 56 49 44 44
45 42 50 52 47 44 66 110 106 121 115 129 119 117 113 117 80 90 89 62 45 48 54 51 51 48 43
44 51 54 49 47 46 54 110 126 127 141 133 132 146 125 148 90 96 83 63 51 49 50 53 50 45 46
44 51 51 50 48 46 73 123 130 130 140 184 167 189 172 139 109 97 80 65 48 50 54 56 51 46 45
41 46 55 50 48 48 61 114 118 135 127 139 128 163 133 119 104 103 87 62 49 51 49 54 50 45 45
42 45 54 50 46 46 48 78 82 127 124 139 136 170 134 125 116 83 62 55 49 49 51 53 50 46 45
42 44 46 46 45 42 45 52 50 59 71 78 74 77 65 64 54 51 48 45 45 45 46 50 46 44 44
46 43 46 46 46 50 49 55 63 75 71 78 67 81 64 64 63 63 56 48 46 46 45 58 59 44 43
44 43 55 57 49 48 49 59 80 95 85 83 81 87 73 68 65 63 64 52 47 48 50 108 75 44 44
43 42 49 53 46 44 46 49 57 91 91 83 83 76 71 67 64 60 61 50 46 46 53 93 71 44 44
44 45 52 52 49 45 47 50 51 64 95 94 117 85 88 83 78 60 52 52 47 46 55 69 54 44 44
63 65 186 139 53 56 58 63 64 94 138 183 194 144 113 121 120 90 71 57 49 51 119 368 174 43 45
54 75 289 250 67 67 54 62 67 106 165 205 225 159 140 149 168 122 81 66 54 54 193 833 557 49 44
45 49 163 149 51 45 47 48 53 61 84 132 142 101 103 118 117 91 58 51 48 47 83 140 77 45 42
46 59 199 228 66 45 48 57 55 83 107 109 121 110 108 108 114 102 72 53 47 53 89 71 61 44 44
50 68 111 160 134 53 56 51 68 93 114 117 139 116 126 119 113 114 92 60 58 94 151 103 53 44 46
44 49 57 88 107 65 50 55 74 98 112 107 125 99 98 111 114 110 109 78 59 113 120 89 51 43 44
42 46 48 51 63 51 54 52 58 74 95 107 128 95 88 98 118 86 78 65 51 56 70 59 48 42 44
46 51 65 64 78 99 82 103 138 191 241 262 273 225 208 247 238 256 283 264 131 142 168 74 59 46 46
49 50 66 69 82 99 105 157 177 227 299 325 290 268 239 252 233 293 322 294 220 282 197 79 62 48 48
45 47 54 55 56 52 61 81 95 97 132 158 168 135 132 150 154 178 148 148 130 114 85 58 50 46 44
44 49 47 45 47 46 52 68 67 71 82 95 84 71 67 78 84 72 64 65 60 57 46 48 50 44 43
46 46 55 54 51 58 68 94 100 137 162 190 159 144 129 143 157 107 98 109 81 57 55 55 51 51 45
48 46 50 52 48 47 53 57 65 75 95 116 105 100 105 120 108 76 72 62 46 48 55 51 47 44 43
45 44 46 46 44 46 51 47 46 50 54 59 61 65 68 71 58 54 55 48 46 45 44 45 45 45 44
45 50 49 46 45 44 46 47 49 47 54 59 57 71 71 68 60 55 51 48 46 44 45 43 44 49 45
58 76 54 49 50 56 59 56 60 61 70 78 89 125 128 105 85 71 62 54 50 49 45 50 52 45 44
46 57 51 59 49 50 59 67 72 70 77 90 111 127 129 123 105 99 73 60 52 51 50 50 47 45 46
44 53 49 52 47 46 49 52 54 56 60 68 81 82 92 92 95 89 74 53 49 47 46 48 46 44 45
44 49 50 48 54 50 52 54 54 58 64 73 71 80 95 115 109 90 77 62 51 49 48 49 46 43 46
54 68 68 66 71 71 78 83 73 80 95 114 102 123 141 202 168 131 79 70 59 54 56 54 50 42 47
51 53 52 58 61 73 72 69 66 78 82 101 80 102 117 141 142 106 70 74 64 59 50 51 48 46 51
