55 58 47 48 47 48 46 56 60 52 55 44 44 44 44 44 43 42 49 51 45 47 46 44 42 44 44
56 49 45 50 46 44 45 50 56 166 178 58 49 50 49 51 50 52 79 48 56 47 44 46 47 48 44
56 45 46 49 46 44 49 58 63 194 456 81 61 56 56 60 60 159 543 71 52 46 46 46 47 49 50
43 44 41 44 49 44 43 45 50 58 65 48 47 46 52 47 42 64 180 63 46 47 44 44 44 44 46
43 43 48 44 45 44 42 44 45 50 46 41 45 49 44 42 45 44 60 49 46 42 43 43 43 44 40
44 43 45 47 46 46 44 43 47 59 46 44 46 44 45 44 42 44 57 48 47 44 44 40 43 48 44
43 47 45 44 46 41 44 56 57 96 47 44 47 46 46 46 45 47 89 65 45 44 44 46 41 44 50
44 43 47 48 45 42 44 46 49 60 46 45 49 45 46 45 45 46 111 85 49 42 45 45 43 44 41
43 44 44 41 45 49 44 43 51 49 44 44 45 44 46 44 43 43 54 61 51 44 43 44 42 43 44
42 43 45 44 43 44 49 48 88 83 46 45 46 44 46 45 45 46 65 59 44 45 43 43 44 44 43
43 44 45 44 42 45 52 54 126 154 55 51 51 49 50 53 53 64 220 145 46 51 46 44 44 43 44
42 46 47 45 45 46 48 58 76 75 57 51 51 51 51 54 63 120 330 253 46 45 46 44 44 45 45
43 44 42 43 44 44 48 62 107 98 56 47 48 46 47 49 50 76 121 85 46 42 44 43 44 44 44
44 50 46 44 44 44 50 113 208 173 89 57 55 53 54 56 67 154 178 137 54 45 48 45 45 45 47
42 44 44 45 45 44 47 62 101 94 64 52 52 52 52 56 84 174 225 181 50 44 49 47 46 45 44
43 42 44 43 44 44 45 46 47 47 47 45 44 44 45 46 52 59 79 76 46 44 44 46 44 43 44
44 42 43 43 44 44 44 45 46 48 45 45 43 44 44 44 47 45 46 44 45 43 43 45 43 44 44
49 44 43 44 44 43 45 45 46 48 45 46 46 43 44 45 46 50 52 45 48 45 44 43 44 44 45
43 43 50 44 42 44 43 44 46 46 46 46 44 44 44 43 43 48 48 44 47 46 44 45 44 43 43
44 40 44 46 44 46 45 44 48 50 45 44 42 44 50 44 43 46 45 45 45 43 43 43 46 44 42
42 44 42 44 46 41 45 52 94 85 59 54 49 46 49 50 58 80 61 48 46 42 44 44 44 46 42
43 45 45 45 45 42 47 59 80 117 73 56 53 53 53 65 102 151 125 56 48 45 51 45 44 45 44
42 44 44 45 44 45 47 59 80 89 62 51 48 48 54 56 71 93 77 56 46 43 45 44 44 47 44
42 47 54 49 47 48 71 196 374 315 289 136 84 81 97 174 168 164 148 84 52 47 49 48 50 48 44
48 47 52 57 51 51 102 232 369 376 351 266 133 112 236 286 295 282 306 203 65 51 54 53 55 53 48
45 50 47 49 47 44 62 129 207 173 163 133 107 87 160 203 218 226 249 172 63 49 49 49 48 48 50
45 46 51 48 50 48 114 205 190 161 149 139 135 105 169 176 166 169 181 141 57 50 49 49 49 47 48
45 48 49 93 91 54 121 239 226 193 207 196 185 155 190 199 180 210 209 223 89 54 50 54 56 48 46
45 47 51 55 45 51 70 138 164 192 159 147 123 128 143 169 144 137 149 145 66 49 45 66 57 57 45
44 47 47 47 46 47 84 204 193 206 173 147 103 105 131 155 131 134 118 97 54 53 48 46 50 54 46
46 50 77 63 51 76 181 286 250 288 253 231 235 268 212 255 254 222 209 168 63 53 53 51 55 51 48
45 52 118 89 53 55 174 316 290 312 259 276 279 325 265 314 237 227 229 229 74 54 59 53 60 59 47
51 59 56 60 52 50 94 208 241 266 252 308 291 341 273 304 195 191 179 151 69 60 76 57 145 127 49
57 63 50 105 54 49 98 177 154 171 181 219 197 218 200 178 127 143 155 92 54 49 51 110 227 89 47
45 46 49 65 50 50 110 188 179 163 176 180 180 179 175 206 132 136 156 108 52 49 50 63 79 54 50
44 44 46 49 47 46 71 90 113 137 107 144 147 133 141 108 92 86 95 64 48 44 47 65 60 46 47
45 45 47 67 47 45 50 54 67 109 93 97 81 101 104 92 76 60 62 51 46 45 46 48 49 45 45
45 49 48 48 48 47 57 61 87 146 126 136 166 164 140 131 135 76 68 58 49 51 48 53 48 45 45
44 42 46 52 47 46 48 49 57 71 84 89 72 77 75 87 67 59 52 50 44 44 47 46 46 46 49
45 50 44 43 50 46 45 46 49 53 56 59 56 52 52 55 56 56 47 44 44 42 43 45 44 46 49
43 59 47 52 46 43 47 54 51 64 74 68 68 60 58 65 65 56 47 48 44 44 50 51 46 44 51
43 59 45 48 44 42 44 43 43 46 47 47 49 47 47 47 46 44 42 46 42 43 44 45 45 49 46
41 46 49 44 42 45 44 44 44 44 47 49 47 47 46 45 46 44 44 43 44 42 43 51 46 45 46
43 45 44 46 45 45 47 44 43 44 47 48 48 48 46 47 45 44 44 43 44 43 44 47 47 46 46
46 47 46 62 53 48 49 52 49 50 59 79 78 67 62 72 67 50 49 47 45 46 46 71 97 45 48
44 50 53 76 54 45 46 47 48 55 55 67 71 63 64 67 61 48 48 46 45 45 48 101 85 45 46
44 44 45 58 67 49 46 47 49 52 58 71 89 81 87 71 63 52 48 49 49 45 53 61 49 44 45
46 51 49 66 91 54 63 74 78 95 125 186 298 257 228 202 192 103 87 72 52 52 59 59 58 47 47
44 45 43 48 63 46 50 59 59 71 89 127 166 119 112 118 112 71 62 60 49 47 55 45 47 46 44
43 46 47 47 49 52 52 57 60 68 93 125 140 100 92 105 104 77 65 66 50 50 64 45 47 46 45
45 49 51 54 54 89 84 83 110 133 162 204 221 172 159 184 182 177 173 156 72 92 151 59 61 49 43
46 49 48 50 52 66 80 95 129 141 172 191 189 162 153 176 153 202 209 188 113 116 110 61 52 49 46
44 44 47 44 45 46 51 56 58 66 85 109 102 96 89 97 82 92 79 69 56 57 53 45 46 46 44
46 48 49 53 52 50 84 120 144 162 208 274 243 216 196 200 215 204 164 177 124 82 57 51 59 49 46
46 50 51 56 53 52 77 124 158 231 287 313 274 238 223 235 248 247 231 225 104 65 57 57 57 50 46
44 46 44 47 48 46 52 60 70 85 103 122 130 121 119 140 143 103 91 72 50 47 48 44 48 51 45
42 44 43 44 46 44 45 44 47 54 52 52 56 60 64 66 56 52 50 46 45 49 46 43 44 42 44
46 43 47 53 50 46 56 65 70 79 94 108 110 167 156 156 120 100 79 71 51 48 49 47 48 45 45
54 61 49 50 50 47 59 76 75 84 90 107 133 178 179 153 123 99 83 69 56 53 55 47 47 46 44
44 58 46 44 45 44 48 54 52 53 60 61 67 78 83 76 68 62 57 52 49 46 47 45 44 44 44
44 56 48 44 46 46 52 55 51 55 62 61 67 69 75 73 78 68 60 58 50 51 48 44 44 48 45
46 87 84 65 63 68 91 96 86 90 104 131 120 123 140 172 158 148 103 74 65 64 61 50 49 46 48
52 83 70 70 68 67 76 76 73 79 89 101 83 99 99 115 92 84 69 63 57 50 54 51 47 45 53
44 46 46 49 46 50 49 53 52 53 62 70 58 59 60 64 58 51 50 56 49 53 49 42 44 45 46
