48 46 44 46 45 46 48 50 51 180 108 47 47 45 43 44 43 47 44 42 44 44 44 45 42 44 48
45 44 49 43 44 45 45 46 47 68 162 49 45 45 44 44 41 44 48 44 46 44 43 43 44 46 44
45 43 44 44 44 44 43 44 47 46 85 51 46 44 43 44 42 43 43 43 46 44 42 43 43 44 44
44 45 45 44 44 46 50 47 45 56 183 223 78 42 45 50 43 42 44 40 44 47 44 42 43 43 44
46 47 47 46 49 47 52 59 53 63 291 456 352 47 46 46 45 44 43 43 46 46 45 43 44 44 44
44 46 46 46 46 46 49 54 51 58 494 98 76 46 43 45 44 43 44 47 45 43 44 44 43 44 43
43 49 45 42 44 43 44 45 46 62 74 60 48 44 43 43 43 44 44 42 44 47 44 42 42 43 44
43 48 45 43 44 46 46 50 57 90 110 62 48 44 43 43 43 44 43 44 48 44 44 43 43 44 44
44 43 44 44 46 47 48 51 86 113 105 49 46 44 45 44 43 43 44 44 44 42 44 42 44 45 45
43 42 43 43 44 44 45 47 62 69 60 44 44 43 44 43 46 44 44 43 44 43 43 44 44 45 44
53 50 46 47 51 57 65 114 258 254 65 50 49 46 46 46 45 44 48 44 45 45 45 44 44 46 44
59 57 51 53 62 73 92 308 414 370 116 56 55 51 51 50 46 46 46 45 47 49 46 47 45 43 44
46 44 46 47 49 54 60 102 175 150 57 47 45 46 51 45 43 43 45 45 44 44 44 44 46 44 43
46 42 46 52 49 50 83 107 114 96 54 46 47 46 46 45 42 44 44 44 42 44 49 44 42 43 43
50 56 48 48 55 62 142 151 146 128 63 49 52 48 46 45 44 44 45 44 44 44 44 44 44 44 44
51 49 49 54 56 64 145 157 171 140 58 50 48 49 50 46 46 45 46 45 44 44 46 46 44 42 44
43 47 52 46 48 57 84 104 112 65 48 44 46 49 46 43 44 43 44 44 45 42 44 45 43 44 42
51 52 48 51 63 102 140 164 133 65 52 49 49 47 47 49 45 46 45 44 45 44 44 44 44 44 43
46 45 47 52 57 62 120 96 68 55 48 46 44 46 48 46 44 43 44 43 44 45 44 44 40 44 48
44 44 48 44 46 52 56 55 49 45 45 42 44 49 44 42 43 43 44 46 44 45 44 42 43 43 44
44 44 46 46 49 55 63 57 48 46 43 44 50 45 43 44 42 44 44 43 44 44 47 44 42 43 44
46 51 49 46 59 75 99 82 64 53 49 47 47 46 43 46 42 44 47 44 46 44 43 43 44 44 44
46 48 48 47 55 64 104 93 76 53 49 47 47 44 47 50 44 43 44 43 46 46 44 43 43 43 43
47 48 48 48 54 69 106 99 96 58 50 46 46 46 46 43 43 44 45 47 46 44 44 42 43 44 44
72 74 67 72 133 303 320 300 308 129 72 66 62 60 55 56 50 51 49 50 49 48 47 45 44 46 44
76 84 72 79 198 323 325 336 343 190 86 74 69 68 73 68 57 55 50 50 50 49 48 47 46 45 42
55 56 54 53 77 102 152 156 151 97 65 54 52 55 57 61 51 50 48 46 49 46 44 44 44 44 44
56 56 54 58 84 142 151 155 137 108 75 60 54 62 58 55 47 46 43 46 44 46 51 45 43 44 43
57 58 55 63 103 135 141 135 145 122 80 61 61 93 85 81 66 57 54 48 48 45 46 50 44 44 44
57 59 53 59 100 154 116 115 108 131 101 56 60 81 70 80 66 59 60 56 50 52 50 47 45 48 44
59 61 58 60 78 142 183 158 139 148 114 68 58 70 62 66 58 55 51 49 49 55 48 46 44 42 44
77 82 69 74 103 168 262 277 243 252 200 155 100 110 87 80 56 52 50 50 50 47 48 51 45 44 44
74 72 64 71 95 126 214 270 244 254 213 259 187 172 136 128 78 72 59 55 52 58 57 47 44 45 45
67 73 58 65 84 106 189 240 225 256 216 216 160 162 138 113 71 69 59 56 54 59 53 51 50 45 44
55 59 53 54 66 75 121 132 151 126 109 75 70 77 65 63 50 51 48 51 45 46 46 46 44 46 44
55 60 60 59 78 106 150 139 141 142 98 81 73 89 80 72 62 54 51 47 48 47 50 45 44 44 44
50 54 56 53 63 87 95 94 104 94 91 67 68 69 67 62 60 56 54 49 49 54 59 47 44 44 46
53 53 57 64 70 96 116 102 93 83 67 61 68 68 64 62 62 53 53 48 49 52 62 47 43 44 44
67 66 62 65 78 129 165 196 205 163 71 60 64 63 59 55 50 47 49 47 48 49 49 46 45 44 46
94 73 70 73 118 183 196 226 221 185 106 83 91 88 73 63 63 54 51 52 51 52 53 49 45 44 45
139 84 71 75 111 186 205 238 244 175 119 104 115 101 76 69 63 57 62 59 56 63 71 75 46 45 45
70 64 53 59 73 116 115 162 157 119 83 68 73 65 61 60 51 50 51 56 54 58 66 53 45 46 44
134 106 58 62 92 138 132 133 121 110 83 74 73 63 56 53 51 48 48 53 48 48 47 44 43 44 44
200 153 63 64 92 159 146 156 128 116 100 100 94 78 70 65 59 60 61 57 61 69 53 46 45 45 42
158 147 63 65 91 150 154 160 129 116 101 99 86 81 69 71 66 65 64 64 70 80 66 47 45 45 43
113 93 63 62 77 131 160 200 150 116 92 75 71 71 62 61 53 54 58 56 57 56 50 46 46 44 44
427 275 112 113 182 334 401 422 324 217 182 145 134 115 92 81 67 60 57 59 62 60 55 49 45 46 46
388 411 184 161 366 407 424 506 378 255 225 198 204 156 128 114 100 85 84 86 86 85 57 53 48 45 47
221 261 126 122 224 270 261 300 236 169 136 125 124 100 96 84 71 70 75 72 89 77 57 52 51 44 45
140 194 122 103 171 151 126 124 104 94 77 82 93 80 64 63 57 53 53 54 53 50 47 45 47 44 43
213 270 198 204 204 171 161 161 140 125 103 117 114 90 85 85 70 66 77 85 76 74 52 50 46 44 44
228 404 364 338 292 217 206 192 160 131 117 130 126 100 92 93 75 79 89 95 105 123 64 47 47 45 46
97 224 278 372 342 260 215 186 144 104 94 108 109 95 81 75 67 66 72 78 74 69 52 48 49 45 44
147 330 456 641 578 507 433 296 191 138 114 114 96 82 74 71 65 62 59 65 61 62 54 48 47 50 46
129 164 260 513 582 509 384 264 200 140 108 116 93 78 68 65 59 56 56 59 58 58 51 48 46 44 46
70 74 82 100 172 233 187 136 102 72 64 65 58 54 52 51 50 47 49 48 49 47 47 46 44 44 49
50 55 62 56 70 74 75 69 58 51 48 48 51 46 45 45 44 42 44 44 45 44 44 44 44 48 44
100 68 64 68 95 118 115 111 87 67 55 53 50 50 53 48 45 44 46 46 47 46 42 44 49 44 43
86 126 92 106 130 149 177 170 140 106 79 68 61 57 58 56 49 48 49 48 50 50 48 46 45 46 45
71 97 79 95 102 125 155 136 128 95 72 63 62 56 55 53 49 50 55 49 47 49 47 46 44 44 45
67 58 54 57 64 66 75 73 63 54 52 49 48 49 46 46 47 48 46 50 46 44 47 45 43 44 45
100 118 125 111 114 125 140 117 88 69 62 61 55 52 51 53 51 50 51 53 49 48 46 45 44 44 44
199 182 182 169 164 171 179 161 124 97 86 75 64 60 63 71 58 77 56 54 57 53 57 46 45 44 45
64 81 83 85 94 106 110 99 76 72 66 63 55 50 52 61 56 58 49 55 56 58 49 45 45 45 49
