46 44 49 44 45 44 44 44 56 136 75 58 48 50 46 43 43 43 43 42 45 44 44 40 43 49 44
43 47 44 44 45 42 45 44 46 73 118 56 49 46 45 45 43 43 44 41 45 48 44 42 43 42 43
48 44 42 43 44 43 45 44 44 46 53 63 53 43 44 44 43 42 46 41 43 44 43 43 41 43 47
44 50 45 44 46 45 46 47 48 48 65 212 234 73 63 44 45 42 50 43 44 44 42 43 49 44 43
46 49 46 45 48 49 51 53 52 54 196 376 249 122 287 65 48 45 44 47 44 44 45 43 44 48 45
42 44 47 44 43 44 44 44 45 46 88 80 54 50 59 46 43 43 44 43 42 43 48 43 43 43 43
42 44 40 43 48 43 44 44 43 52 62 49 45 42 46 47 41 43 43 43 45 42 43 46 43 44 44
43 43 44 44 45 47 46 51 47 81 100 81 48 47 45 45 43 44 43 43 43 43 44 43 43 42 44
44 45 44 44 50 46 45 50 51 111 136 69 49 51 48 46 44 46 45 51 46 42 43 42 43 44 42
43 43 44 41 44 49 45 43 48 66 61 47 44 44 48 44 42 43 42 44 44 48 44 41 42 44 44
45 44 45 49 46 47 49 50 82 220 121 50 45 47 50 45 44 46 46 43 46 44 42 43 44 44 44
50 50 47 49 54 57 66 78 210 417 302 76 58 51 53 55 51 49 49 46 49 45 45 45 45 45 45
50 45 45 46 48 49 52 57 143 226 144 56 56 54 53 45 55 45 56 44 44 45 45 44 43 44 44
44 46 42 44 46 46 47 55 91 91 62 45 49 52 50 46 44 49 45 47 45 43 44 44 44 44 44
46 47 46 46 48 50 57 88 122 109 96 80 71 97 79 67 57 50 49 46 48 47 46 42 43 44 44
48 48 47 48 50 51 61 129 145 125 93 88 80 113 106 99 106 82 88 61 67 49 50 47 43 44 45
45 45 44 44 46 46 48 65 81 78 55 48 54 63 60 55 51 59 53 46 47 60 47 45 42 43 44
44 44 45 45 46 47 51 63 109 72 53 48 52 54 53 46 48 44 44 41 45 43 45 48 44 42 43
47 47 46 45 49 52 76 101 98 68 70 59 76 92 98 88 80 58 52 50 49 47 50 44 44 44 44
45 45 50 45 44 46 51 61 67 50 48 51 50 57 62 62 57 58 51 45 46 52 47 44 43 44 43
44 42 44 44 45 44 47 52 47 45 45 45 45 44 46 48 43 44 45 40 44 49 44 43 43 43 44
51 46 45 46 49 50 63 82 78 54 56 61 60 63 66 62 56 52 52 44 45 47 46 44 41 44 49
48 53 48 48 51 54 69 104 117 68 63 72 71 89 99 90 84 74 84 65 56 53 56 56 55 45 43
46 46 47 44 46 51 59 81 88 59 57 49 50 52 52 51 52 50 52 53 46 47 52 50 45 51 44
62 57 54 58 62 99 168 199 217 105 65 65 71 61 60 56 50 50 51 48 44 46 52 49 44 47 44
71 70 57 69 86 191 249 262 300 191 103 121 146 148 191 166 111 82 91 71 58 51 50 59 50 49 47
56 54 52 53 61 95 138 159 165 101 66 73 84 81 98 106 90 76 79 81 76 62 54 64 57 47 53
49 53 56 52 65 90 114 116 116 82 61 61 54 58 51 49 47 46 46 46 46 44 46 46 44 49 43
58 54 54 63 80 130 129 129 133 100 79 84 69 88 74 77 61 55 51 47 46 44 45 46 45 47 46
56 52 53 62 72 148 117 121 98 96 84 76 76 86 76 82 70 68 66 62 54 49 47 45 47 46 45
56 56 50 60 68 103 142 150 127 100 96 74 73 72 64 66 56 53 53 50 47 46 46 47 47 48 49
70 65 61 64 78 123 215 233 206 188 137 142 109 99 75 65 56 51 49 47 47 46 47 47 49 52 46
70 68 58 64 83 103 178 240 234 211 189 216 169 155 114 122 82 78 70 59 53 52 48 47 49 48 49
67 69 56 62 72 89 160 224 204 213 184 187 157 122 95 87 73 79 77 67 59 56 55 56 55 61 57
54 54 51 53 61 71 104 155 137 106 78 85 77 68 54 54 49 48 45 47 46 46 46 47 48 48 48
54 54 51 53 65 87 113 125 118 103 79 83 79 83 74 67 56 53 48 47 50 46 50 47 45 45 51
50 49 48 51 63 68 75 86 87 80 71 66 71 75 64 59 61 60 60 51 50 50 58 53 50 49 48
56 57 52 56 73 104 107 130 105 72 62 68 67 72 63 61 59 58 61 51 52 49 61 58 53 57 52
62 60 59 64 81 108 142 188 163 97 63 69 67 61 56 53 50 48 49 47 47 48 48 46 46 48 48
74 73 65 80 126 151 169 198 166 134 86 91 101 101 82 75 68 54 55 54 49 47 48 47 49 48 46
102 82 66 79 106 163 187 215 211 150 93 99 113 110 90 86 81 74 80 75 59 56 65 68 61 53 49
63 59 54 59 65 94 110 156 148 95 65 71 78 65 59 57 52 49 53 52 50 47 49 51 57 56 48
114 65 53 56 70 108 104 110 94 83 70 64 59 54 51 50 51 47 46 49 46 44 46 42 46 53 45
177 90 58 63 86 136 136 145 112 105 81 96 91 78 63 62 56 54 56 50 49 47 56 50 45 46 47
193 132 58 69 101 153 153 162 122 115 100 94 96 88 72 73 71 64 66 60 59 60 71 66 52 47 52
134 96 62 66 87 143 190 211 131 108 78 75 75 67 61 62 52 50 52 48 47 46 58 53 54 46 47
546 298 106 123 203 333 410 405 271 185 148 140 131 106 96 74 65 58 58 53 51 49 52 51 51 52 52
504 435 159 218 324 421 412 463 340 244 206 197 215 192 161 135 115 79 71 60 56 53 59 56 62 59 58
263 296 118 142 243 289 292 357 253 166 146 134 151 111 97 87 65 61 57 53 50 51 53 51 63 50 50
136 190 131 112 163 141 112 110 83 72 61 62 63 57 55 53 44 48 48 48 44 44 46 45 48 43 46
208 271 211 197 198 179 152 147 136 111 99 113 118 87 76 70 59 54 55 50 49 47 48 46 54 56 51
223 387 349 298 280 220 198 186 153 120 107 131 130 106 94 90 73 76 78 63 60 55 53 59 66 52 54
98 189 226 319 318 268 204 169 140 98 78 103 96 80 68 67 60 58 55 53 51 47 51 66 56 63 102
145 234 401 617 613 526 450 235 157 119 97 108 98 85 75 74 64 60 58 54 53 50 52 54 51 52 53
187 204 332 611 709 680 555 316 215 152 151 180 151 128 108 104 84 72 62 63 61 53 55 55 53 62 55
88 87 103 148 229 278 256 167 119 84 85 101 97 88 85 93 74 68 67 56 53 52 48 49 52 54 49
53 55 58 56 65 72 76 74 66 52 49 49 51 47 48 44 44 45 46 44 48 46 47 44 43 50 45
80 58 59 59 66 77 84 88 76 60 52 56 51 48 48 46 46 45 45 43 45 44 45 45 44 45 44
89 90 82 90 102 117 149 158 131 102 77 70 62 55 55 53 48 46 51 50 47 44 48 45 45 55 45
117 84 70 74 93 113 149 153 153 113 83 70 66 59 59 58 54 50 49 47 47 47 47 46 45 47 46
57 53 51 53 58 65 85 86 78 69 57 53 51 49 47 47 47 48 53 44 45 44 42 46 49 45 43
66 68 86 72 86 96 118 116 89 73 70 66 55 52 51 50 57 50 54 52 46 47 47 42 44 50 46
133 143 137 131 138 148 173 175 143 113 105 98 71 64 64 72 60 70 56 51 56 48 56 46 45 47 47
64 73 74 79 95 108 122 118 100 95 84 80 58 56 55 63 63 54 49 55 49 50 46 45 45 45 50
