46 43 42 43 44 43 44 45 47 54 45 42 44 43 44 44 42 41 49 50 44 42 43 42 43 44 44
46 43 44 44 45 43 44 49 111 229 78 46 50 46 45 47 46 54 77 67 50 45 44 44 42 43 44
44 44 46 46 45 45 46 56 72 281 231 56 54 52 52 54 58 194 577 203 49 49 50 46 47 46 44
43 42 44 43 44 44 44 46 54 78 76 46 46 46 46 47 50 74 146 56 45 44 44 44 44 46 44
47 44 42 44 45 43 44 47 61 56 60 46 46 44 43 44 47 48 59 51 46 43 44 45 44 44 44
46 44 42 44 44 43 44 49 59 57 56 46 46 43 44 44 42 47 60 66 46 46 46 47 44 42 43
42 40 44 44 44 46 44 48 51 53 48 45 46 42 44 49 43 46 58 64 46 47 45 45 43 42 43
42 39 43 46 44 45 44 44 72 67 46 44 42 44 50 45 43 45 61 67 45 44 45 44 46 44 42
43 45 44 47 46 42 46 59 183 120 52 46 47 46 46 45 47 49 106 104 46 46 45 44 42 44 46
43 49 45 44 45 43 45 57 151 95 51 49 52 48 47 49 47 62 247 316 55 46 46 46 45 42 44
40 43 49 44 44 45 44 65 108 70 50 44 47 46 47 47 45 52 149 206 49 44 48 44 44 43 44
40 44 51 44 44 47 50 150 140 103 51 46 47 50 47 46 47 63 126 132 49 46 48 41 44 48 44
44 47 47 45 45 45 49 171 143 133 68 50 50 50 48 51 65 132 198 174 69 50 49 45 45 42 45
43 46 45 45 45 42 46 111 145 123 60 49 50 49 47 50 56 137 162 182 78 48 46 45 42 45 51
43 44 44 42 46 50 58 174 223 125 56 50 49 49 52 50 49 78 136 138 54 51 46 43 44 43 44
44 44 46 44 50 49 58 274 372 231 71 60 52 54 59 57 67 114 220 154 66 51 46 46 45 45 45
43 44 45 45 42 46 52 81 138 88 55 53 52 50 51 56 66 166 278 229 56 54 46 45 46 45 50
44 45 44 42 44 44 44 48 48 47 51 45 44 44 44 44 46 61 86 72 44 45 44 42 43 49 44
43 43 46 44 42 43 44 53 62 49 46 49 45 43 44 43 42 50 55 47 46 47 44 43 44 43 44
42 43 42 43 45 44 48 51 69 63 51 45 46 45 47 46 51 89 89 52 51 44 44 43 43 44 41
44 43 44 42 44 44 44 48 53 54 51 45 44 44 44 44 46 68 63 45 52 44 43 43 43 45 44
49 43 42 43 46 44 51 55 62 67 49 44 46 43 44 46 46 55 60 46 45 44 50 44 43 44 42
43 44 45 46 46 46 57 127 239 210 125 61 54 53 56 67 92 108 88 59 50 50 47 49 46 46 44
44 45 49 48 47 46 65 135 285 276 238 96 69 67 74 146 166 212 187 106 59 54 51 55 49 46 48
47 44 45 46 46 45 49 78 116 114 101 66 58 54 64 115 139 148 146 99 59 55 49 49 46 43 45
44 42 47 46 46 45 65 139 112 99 110 81 60 55 81 122 95 93 100 67 48 55 47 46 46 44 44
42 42 49 52 46 45 59 89 89 96 92 76 55 62 84 98 90 86 102 97 45 53 53 53 46 45 43
43 48 46 47 46 45 46 55 70 72 86 70 56 56 65 102 103 101 105 108 49 61 46 61 53 46 45
46 56 50 46 45 45 44 59 78 98 88 66 53 53 54 65 59 63 64 58 44 46 46 46 50 51 44
42 47 96 53 48 51 56 127 161 179 150 140 94 89 131 145 129 119 103 73 47 56 50 48 50 56 45
42 47 57 52 49 48 55 111 144 218 178 168 149 178 156 202 177 152 126 94 55 63 51 50 53 58 46
45 46 49 51 49 45 54 112 114 158 144 145 147 182 146 183 136 120 104 76 55 81 50 53 54 69 46
51 49 54 52 52 51 61 108 97 106 108 125 109 119 106 126 94 107 105 75 62 3609 63 54 53 62 56
44 48 52 50 47 46 57 102 100 115 109 124 106 106 111 129 85 85 94 62 50 86 47 48 50 46 47
48 45 49 50 47 49 62 89 92 123 130 115 106 124 112 137 89 86 83 61 52 56 46 50 48 46 45
43 46 48 49 45 46 57 75 99 118 131 147 133 125 140 110 81 71 62 56 50 52 53 49 47 46 44
44 46 48 51 49 49 53 94 115 150 146 149 138 172 149 145 117 111 74 59 50 59 50 48 50 47 45
46 45 49 51 49 45 49 73 91 150 140 151 142 191 149 141 141 96 69 60 50 57 48 50 52 48 45
43 47 44 45 46 44 45 44 50 62 77 85 71 80 70 72 58 59 50 46 46 45 45 45 46 46 42
52 54 50 49 45 45 47 48 59 85 84 83 70 83 66 67 67 72 62 49 46 47 46 46 49 45 44
54 47 60 88 47 43 47 54 74 92 89 82 83 80 70 71 68 65 58 51 44 48 51 50 70 52 46
45 44 54 74 48 44 43 48 63 79 95 84 83 73 74 69 67 62 55 46 46 45 46 56 90 63 48
44 45 51 54 48 44 42 48 56 58 78 75 83 64 70 69 70 56 50 44 46 44 45 55 56 47 45
57 46 146 170 63 51 54 54 60 88 113 157 172 126 110 118 121 84 65 53 50 59 51 110 138 70 46
52 48 244 305 101 58 52 58 63 85 117 182 200 162 136 143 156 108 75 60 52 63 54 369 555 324 49
44 42 100 106 57 52 46 50 52 64 78 101 121 89 91 99 100 82 64 51 47 50 47 90 124 80 49
51 52 81 158 111 51 47 53 56 72 99 107 120 110 105 110 112 96 78 57 49 58 52 78 108 56 49
49 53 70 157 160 67 52 58 63 88 113 126 113 108 110 111 114 102 91 66 48 57 91 118 121 55 46
43 45 51 77 126 70 50 53 72 95 111 116 114 99 93 109 104 113 95 80 49 61 106 101 91 53 45
44 44 51 52 55 54 59 53 61 75 95 119 145 105 95 104 122 95 98 86 52 56 64 65 52 47 48
48 48 63 71 67 104 88 110 160 205 280 309 346 282 248 289 271 285 342 261 128 109 161 94 68 56 47
50 50 62 69 74 86 98 169 207 253 373 389 373 331 302 322 277 352 406 317 216 258 204 90 74 62 50
46 47 52 56 52 57 61 81 98 110 161 210 229 184 168 192 197 230 189 168 112 132 103 58 62 52 46
44 43 49 54 47 49 53 68 74 84 103 145 121 106 94 111 119 93 78 75 59 65 50 48 49 46 45
45 47 55 60 55 63 66 95 113 157 201 254 217 200 178 194 199 159 151 150 95 70 56 55 58 50 46
44 45 46 51 57 49 50 59 64 76 100 132 137 135 140 157 149 100 87 76 53 54 50 48 51 48 45
43 44 45 42 47 51 45 46 47 47 51 58 58 62 65 66 57 55 56 48 45 45 44 44 45 44 44
42 47 44 45 46 45 46 44 48 53 53 54 56 72 72 70 57 59 53 46 46 44 44 46 45 44 43
43 58 51 48 50 50 56 57 60 65 78 85 90 130 136 117 93 78 69 59 50 51 48 46 47 46 44
43 58 49 52 48 46 53 64 68 67 72 87 104 121 119 115 102 93 66 59 49 53 52 48 46 45 45
43 51 47 47 46 45 44 49 56 52 54 62 68 70 75 72 81 72 62 47 48 48 42 44 45 45 42
44 52 53 49 50 49 56 55 55 59 61 74 77 74 84 100 92 87 76 59 50 51 48 46 48 42 46
56 67 74 72 71 74 77 88 83 91 108 122 108 128 140 196 163 142 88 75 66 62 56 50 53 47 50
52 50 53 59 58 69 71 69 68 75 85 111 84 98 107 133 132 96 70 75 63 63 51 46 49 48 54
