53 43 41 45 49 44 43 44 43 43 45 44 46 44 46 45 44 44 46 45 44 45 55 74 64 46 45
47 44 44 44 44 42 44 48 44 42 44 43 44 44 43 44 45 46 49 50 52 63 193 278 60 56 54
44 45 45 41 44 48 44 42 43 43 43 44 44 44 47 44 42 44 42 45 47 64 81 58 45 44 44
43 43 44 42 44 47 44 42 43 44 44 44 42 43 49 44 40 44 40 45 55 59 52 46 44 44 44
42 44 44 44 41 44 50 44 42 44 43 43 45 42 44 47 42 44 46 52 66 80 92 58 48 46 45
42 44 44 44 42 43 49 44 42 43 43 43 44 42 44 49 42 44 50 50 57 90 76 55 48 46 46
43 43 42 43 44 43 44 43 43 43 44 45 45 42 43 44 42 41 44 50 48 56 63 48 45 45 44
43 45 42 43 45 43 44 41 43 49 44 42 44 43 44 44 43 48 48 47 48 65 110 66 47 48 43
42 43 44 44 45 42 45 48 44 43 44 43 44 44 45 45 46 53 55 62 61 160 362 213 73 66 58
48 45 42 43 44 43 44 43 43 48 45 42 44 43 43 44 44 47 46 52 50 63 168 189 57 60 49
42 42 43 43 44 44 42 43 48 44 43 44 43 43 44 43 46 45 44 42 46 46 66 76 50 47 45
43 43 44 42 44 44 44 44 42 44 49 44 44 43 43 43 44 47 46 51 57 68 127 138 98 66 52
43 44 48 44 44 44 43 43 44 43 44 42 45 48 44 42 44 47 52 51 54 74 137 142 143 105 59
44 41 44 44 44 44 47 44 42 43 44 44 44 42 44 47 44 47 50 48 53 64 98 128 151 114 55
49 44 43 44 44 43 44 44 44 41 45 48 45 42 44 45 46 49 54 54 56 64 111 178 211 136 81
44 48 46 45 45 45 45 45 45 45 45 47 45 45 45 44 52 61 70 74 76 96 223 357 363 349 180
43 48 45 42 44 43 44 44 44 44 46 44 45 44 43 44 46 54 56 63 60 69 102 175 253 285 161
40 43 49 44 43 43 43 43 43 44 44 44 42 44 44 44 46 45 45 51 45 48 51 56 83 96 92
41 44 48 44 43 43 43 43 44 44 44 46 44 44 44 43 43 46 48 50 51 53 58 70 108 157 128
42 44 44 45 44 42 44 47 44 43 43 44 44 43 44 42 42 45 46 47 49 49 53 64 96 101 123
43 43 44 44 45 44 45 46 44 42 43 44 44 43 42 44 44 43 46 46 47 49 50 55 75 96 109
43 43 44 42 44 46 44 42 43 43 44 44 42 44 44 44 44 45 45 48 47 46 49 52 75 85 79
44 44 44 45 45 46 45 43 44 44 46 44 42 44 50 45 49 55 59 64 67 76 86 136 250 310 256
44 45 45 45 44 44 48 45 43 44 45 44 45 42 45 51 51 61 68 76 77 95 123 257 355 372 289
44 44 46 44 46 44 46 44 42 43 44 44 44 41 45 49 49 53 60 62 62 75 102 190 195 181 129
42 45 43 44 45 44 45 43 44 47 44 44 44 43 48 44 46 51 56 59 60 85 114 142 117 127 123
43 46 43 43 45 44 44 41 44 48 45 43 44 43 44 45 47 60 60 66 69 128 148 161 127 111 98
43 44 45 44 45 42 45 50 44 43 44 44 44 44 44 45 51 62 66 81 86 182 216 223 173 151 124
43 44 45 44 45 42 45 49 44 43 44 44 44 44 43 45 49 58 62 73 72 129 185 198 175 143 107
44 44 44 44 45 44 42 45 50 44 43 44 44 44 45 45 53 65 74 101 111 177 214 204 184 195 165
44 44 45 45 46 44 42 45 49 45 44 44 44 44 45 44 56 72 96 153 157 216 224 213 243 243 189
46 45 51 45 44 44 44 44 44 44 45 44 45 46 45 45 54 71 89 133 143 253 226 214 216 180 126
44 46 44 44 50 44 43 44 43 44 45 44 45 45 45 47 51 77 92 108 116 149 147 142 137 126 100
44 40 45 50 45 43 44 43 44 44 45 44 46 44 45 46 49 70 98 104 106 144 128 144 113 135 110
44 44 45 44 43 44 44 44 44 42 44 49 45 43 45 45 52 69 112 103 108 203 157 159 131 122 95
44 46 45 43 44 44 45 44 42 44 49 44 44 44 44 46 55 71 93 151 149 206 280 185 177 111 87
44 45 45 45 46 45 46 44 44 44 43 45 49 45 45 47 59 77 113 166 164 215 348 274 184 127 90
46 46 47 45 44 44 45 45 44 42 45 49 45 44 45 46 56 80 130 149 151 220 333 339 176 127 98
46 44 46 45 45 45 46 45 44 45 44 44 46 45 46 46 58 86 128 159 162 253 414 326 179 145 108
45 44 46 43 45 48 45 45 44 43 44 44 45 46 43 47 55 78 97 123 125 188 288 286 141 119 91
44 43 45 47 45 45 45 43 44 44 45 45 45 42 45 45 53 73 89 103 104 129 167 287 132 125 99
44 42 44 49 45 43 44 44 44 44 45 44 47 44 45 46 51 77 95 110 111 134 180 270 159 140 103
44 45 42 45 50 44 44 44 43 44 45 44 45 44 45 46 50 77 108 139 138 170 192 197 117 103 79
45 46 43 45 51 45 45 46 44 45 45 45 46 48 46 48 69 117 206 221 222 309 302 219 130 118 90
47 50 46 46 47 46 46 44 46 49 46 45 46 46 48 52 79 174 283 304 306 470 543 381 216 180 129
46 49 46 47 47 46 47 46 46 48 46 45 46 46 49 53 75 150 209 323 324 491 449 304 200 178 142
44 44 46 45 46 42 45 49 45 43 44 44 45 45 44 47 69 85 109 169 171 232 188 116 95 90 76
48 45 45 44 44 44 44 44 44 41 45 50 45 44 45 49 85 104 116 122 125 172 161 101 91 97 87
44 48 46 46 46 43 44 44 44 45 42 46 50 45 44 56 89 116 132 166 163 181 169 140 166 225 162
46 50 46 46 46 44 45 45 45 45 42 45 49 45 45 50 89 130 162 178 176 189 218 206 254 409 216
48 49 52 49 50 47 47 48 46 48 47 44 48 52 50 65 166 262 329 369 373 438 507 427 488 697 424
51 51 52 48 48 49 49 49 48 45 48 51 47 48 50 74 177 336 373 475 473 571 598 514 537 561 384
50 48 49 49 48 46 47 48 47 47 44 47 50 47 48 58 137 304 364 474 480 507 528 382 319 263 176
45 46 45 45 46 45 46 42 45 49 45 44 45 44 46 49 74 157 232 295 299 236 196 138 117 109 84
49 47 47 46 47 47 46 46 43 46 50 46 45 45 47 55 161 334 342 431 426 331 258 167 139 143 104
48 46 47 47 47 44 46 46 46 46 43 46 50 47 47 58 128 295 337 403 400 281 214 153 130 131 99
55 45 46 46 44 44 45 45 45 42 44 50 45 44 45 50 68 137 189 181 181 117 117 96 77 76 64
63 43 46 45 45 45 50 44 44 44 43 44 44 45 46 48 47 59 70 70 71 60 60 62 53 50 48
67 50 54 45 53 56 51 50 49 46 47 50 46 49 57 60 68 89 123 126 126 135 109 103 88 75 62
64 52 53 46 50 47 52 54 46 46 50 46 48 54 53 59 74 102 127 130 132 162 140 127 109 92 74
57 48 50 50 46 44 48 46 44 45 44 46 51 46 46 51 54 82 82 88 88 106 97 86 76 64 56
52 54 56 48 52 47 52 48 46 45 46 45 48 45 46 54 50 63 67 59 59 65 61 57 54 51 48
63 79 64 61 63 56 60 59 51 50 52 50 50 49 53 84 84 123 92 96 96 113 111 95 79 66 59
47 55 49 51 53 55 52 52 48 49 48 51 49 48 54 76 87 92 83 107 107 126 111 103 84 70 62
