51 52 94 178 113 71 60 57 55 60 289 501 72 49 46 45 43 44 46 44 45 46 44 46 44 43 44
46 44 69 234 292 64 57 56 54 65 374 291 56 49 51 45 43 44 45 45 45 44 44 44 44 44 44
42 44 54 95 271 56 52 54 47 45 60 61 52 45 42 44 43 44 40 43 43 44 47 44 42 43 43
46 48 120 119 108 59 46 49 52 50 72 100 78 48 45 44 44 44 46 40 44 41 44 43 44 44 44
43 44 76 97 75 53 45 47 50 46 54 94 66 46 45 42 44 42 43 40 44 42 44 47 43 42 43
43 44 51 63 50 44 44 41 44 48 46 57 55 45 44 44 43 43 44 41 44 48 44 42 43 42 44
44 44 87 134 62 46 44 45 44 45 49 64 64 49 45 43 43 43 44 42 44 47 44 42 43 43 44
49 48 148 281 75 51 49 50 49 52 66 154 137 49 46 44 42 44 44 44 42 44 48 44 42 43 43
47 45 75 133 57 48 49 49 48 46 65 160 198 55 46 44 44 43 49 44 44 44 41 44 49 44 43
45 45 59 70 49 45 45 45 42 45 54 66 78 47 43 44 44 43 43 47 44 43 44 41 43 48 44
45 59 159 151 96 50 48 47 48 49 65 92 105 68 44 44 46 44 42 47 44 44 44 40 43 49 44
47 63 188 163 149 51 51 53 52 50 120 132 129 112 51 44 43 43 45 44 45 42 44 48 44 43 45
45 52 101 108 90 49 49 50 49 50 93 120 123 106 51 45 42 43 45 44 44 40 44 48 44 43 44
43 72 202 148 99 55 48 48 48 47 58 87 70 49 45 44 44 42 44 44 44 44 42 43 48 44 43
50 72 325 270 199 56 54 55 56 58 80 157 151 66 52 46 43 46 46 45 44 43 44 44 43 44 49
44 46 90 94 60 46 47 47 49 49 56 126 111 59 48 44 42 44 49 44 43 43 43 43 44 43 44
43 44 46 49 52 44 43 43 44 44 45 48 46 49 44 43 42 43 50 44 43 43 42 42 44 44 44
45 49 56 54 54 44 44 44 43 45 46 47 48 44 44 46 42 42 42 48 45 43 43 42 42 44 44
43 47 55 52 48 51 45 45 44 47 47 50 48 45 45 45 39 43 48 44 43 43 42 43 44 43 43
42 47 44 47 46 44 44 45 44 46 45 45 45 45 44 44 42 47 44 42 44 42 43 44 43 43 46
43 45 48 46 46 45 44 44 43 44 48 48 44 43 45 44 42 43 44 48 44 42 43 42 43 44 43
46 45 48 63 86 56 48 50 48 52 78 76 64 46 42 44 42 44 41 43 46 43 46 43 42 43 43
43 45 53 74 97 65 51 53 56 60 125 132 98 52 46 42 44 44 44 41 44 44 40 43 46 44 42
44 44 49 63 61 57 49 48 49 54 78 75 64 46 44 42 43 43 44 40 43 45 44 46 44 42 43
43 45 59 105 96 82 54 53 54 69 97 101 77 56 46 44 43 44 45 44 44 43 44 43 44 43 44
45 46 78 137 106 95 60 61 62 74 103 110 104 76 48 46 46 42 45 50 45 43 44 42 43 44 44
44 50 62 70 74 73 66 61 59 74 95 89 87 76 45 47 49 47 43 46 49 44 44 44 44 44 44
43 48 116 191 80 72 66 62 68 105 109 98 91 66 48 53 46 46 53 46 45 44 42 44 48 44 43
47 86 179 266 237 157 98 131 143 161 188 204 114 80 50 48 49 47 55 50 45 45 45 41 44 49 46
48 93 197 203 194 175 138 210 161 180 138 175 152 86 52 48 49 46 53 50 45 45 45 42 44 48 46
52 60 96 146 122 118 121 181 152 171 144 176 127 76 49 47 43 46 50 47 45 41 44 49 44 43 44
49 66 153 138 98 92 117 160 165 175 142 128 94 65 49 50 43 45 49 46 45 42 44 48 44 43 44
50 67 129 109 83 85 104 164 150 161 129 133 112 124 57 46 44 45 48 46 45 44 41 44 49 44 43
46 51 104 132 90 76 97 150 150 146 135 127 123 114 48 46 44 44 47 46 45 44 42 44 48 44 44
46 46 63 87 85 93 117 179 179 170 141 120 103 79 48 46 46 46 54 47 44 44 43 44 45 44 44
49 54 72 112 204 203 249 266 282 225 194 169 93 67 56 49 47 46 54 49 44 44 44 44 45 42 46
46 52 71 76 104 140 175 227 225 170 166 150 126 78 52 46 46 47 53 52 46 43 44 44 44 44 43
46 52 58 69 93 118 134 151 160 138 134 122 100 68 50 51 45 46 56 52 46 44 44 42 44 49 45
44 49 49 56 65 78 85 95 83 84 76 66 59 50 46 45 43 46 49 46 44 43 44 44 42 43 50
45 46 60 63 90 115 113 117 113 108 92 94 90 59 47 46 45 46 57 53 44 44 44 44 41 44 50
45 48 56 60 79 130 128 134 126 116 99 101 97 61 46 46 45 49 64 85 51 44 45 49 43 44 45
44 47 54 59 62 99 119 129 132 114 107 101 92 57 47 46 44 51 79 101 42 44 48 45 46 44 43
45 51 57 61 66 116 164 168 142 128 123 104 74 56 48 46 45 47 93 81 45 49 44 45 44 42 44
51 64 83 100 138 228 366 394 318 338 295 278 207 93 57 54 50 59 107 74 51 47 46 45 44 45 56
53 61 82 98 132 197 277 351 328 318 312 291 189 104 62 56 51 78 123 73 47 45 45 44 45 46 46
44 54 59 64 72 84 115 142 148 125 129 131 93 68 49 47 45 58 66 48 45 44 44 46 44 43 44
53 51 70 95 120 137 154 159 153 140 132 123 102 82 59 50 46 51 50 47 46 44 44 46 47 45 44
74 59 105 159 164 164 155 170 148 126 132 132 141 132 94 64 66 69 58 51 46 45 45 44 45 45 50
64 52 70 90 125 201 176 170 154 136 135 135 160 140 93 76 72 63 56 49 46 45 45 43 46 47 45
74 99 116 151 190 315 239 187 156 133 137 139 166 110 66 57 56 52 54 48 46 45 45 44 44 45 45
99 173 173 201 235 357 402 343 312 280 242 253 296 203 102 84 68 57 60 54 51 46 46 48 46 44 48
56 72 96 109 119 150 239 243 223 211 192 198 205 151 97 74 56 49 54 51 46 45 43 45 48 44 49
45 47 66 55 59 67 108 108 94 87 94 85 78 63 48 48 44 44 46 46 44 44 44 44 46 44 46
44 45 63 66 62 61 87 97 98 86 74 70 65 54 46 46 44 46 51 45 43 43 43 43 44 42 45
46 47 60 58 74 89 109 112 136 101 90 73 61 53 52 46 43 46 47 46 43 43 44 44 44 41 44
43 47 63 54 63 79 100 109 108 95 81 66 61 56 46 44 45 45 45 47 45 42 43 44 44 44 41
47 46 49 51 58 67 80 80 80 75 62 60 54 46 46 49 43 45 44 44 45 43 44 40 43 50 46
78 49 52 70 64 71 95 99 95 90 70 61 57 51 47 46 45 45 46 43 44 44 44 44 40 44 51
75 63 75 70 122 88 137 149 131 111 98 84 71 63 52 52 50 48 51 47 46 44 44 44 41 44 49
52 53 61 63 105 85 106 115 108 90 81 77 64 56 55 50 50 54 51 48 53 44 46 44 42 43 45
55 49 58 64 60 95 98 88 78 71 64 64 58 52 46 50 49 53 49 46 46 44 44 43 43 44 46
53 65 83 79 78 107 113 103 88 77 76 72 66 52 51 62 49 50 53 44 46 47 45 42 43 43 44
58 96 97 89 89 84 107 109 93 76 81 76 70 57 62 65 67 68 55 54 54 47 48 44 44 41 46
45 60 63 65 68 71 74 75 66 69 62 61 56 49 52 65 58 61 51 63 62 49 48 43 43 44 44
