46 44 44 43 43 43 44 46 46 43 48 57 58 59 67 43 51 46 46 46 45 41 45 43 43 44 44
42 43 44 43 44 44 46 48 48 50 49 56 62 231 138 44 50 43 48 49 46 43 44 42 43 44 43
45 49 47 46 51 50 56 61 64 69 64 78 248 1206 172 45 59 48 49 45 46 44 42 45 49 44 44
49 51 48 47 50 51 59 70 70 68 69 78 222 1540 240 45 67 51 49 46 46 45 43 45 48 45 44
43 43 44 43 45 44 46 47 45 48 53 49 79 191 116 43 54 44 44 45 44 43 44 40 43 48 44
42 44 44 46 45 42 44 45 45 46 43 46 63 89 64 43 49 44 44 43 42 43 47 44 42 43 44
42 44 40 44 50 45 44 46 47 49 49 48 56 67 92 43 48 44 44 44 44 40 44 49 44 42 43
43 41 44 44 44 44 49 46 44 46 47 49 63 69 93 48 46 44 45 43 44 42 44 48 44 42 43
41 44 49 44 43 44 45 46 47 47 47 51 52 60 103 43 50 45 45 42 44 43 43 44 43 43 45
42 41 44 49 44 44 44 44 45 45 46 43 47 55 67 42 46 43 45 41 43 43 43 44 40 43 49
43 48 45 46 46 45 50 54 55 55 51 56 61 80 143 44 67 47 44 45 43 43 44 43 43 41 44
45 48 47 47 54 51 58 68 72 72 68 73 71 167 268 46 200 54 46 46 45 45 42 44 49 44 44
45 46 42 45 46 47 57 58 58 59 56 59 59 99 167 45 127 49 44 46 45 44 46 42 43 48 45
42 49 45 44 46 45 49 56 53 53 52 54 53 103 127 44 86 48 43 43 44 44 44 41 43 49 44
44 45 43 45 53 47 50 54 54 55 54 56 58 115 133 46 135 52 46 51 45 43 44 42 43 44 44
43 44 45 43 46 48 48 51 51 50 49 52 52 65 106 44 117 51 48 40 44 47 46 44 43 42 44
43 44 44 41 45 49 45 45 46 45 46 46 46 51 63 44 51 44 42 43 49 43 44 43 42 43 44
42 44 44 44 44 45 51 52 51 52 50 52 53 58 102 43 72 47 46 44 43 44 47 44 43 44 42
43 44 44 44 44 45 52 48 48 49 48 49 50 56 69 44 61 46 50 44 44 43 42 43 44 43 44
43 42 45 44 43 44 44 44 44 42 45 50 46 44 50 43 46 45 44 43 44 43 44 43 42 43 44
43 44 42 43 44 45 46 45 45 49 46 46 46 46 53 43 50 42 44 48 45 42 43 42 43 44 43
42 44 44 44 46 46 53 51 53 61 54 50 54 59 93 44 90 48 44 44 45 43 44 43 43 49 44
42 44 44 44 47 46 51 56 56 59 55 53 55 62 113 44 105 49 44 46 44 44 44 44 45 44 43
44 43 45 44 46 46 48 50 54 56 55 51 51 59 84 44 77 51 43 46 44 44 43 44 43 44 44
46 48 49 46 51 52 61 89 131 131 105 74 74 101 181 45 145 68 46 47 47 44 47 44 42 43 44
49 55 50 49 60 60 75 108 171 187 157 104 108 165 278 45 266 92 54 46 46 45 46 48 45 43 44
45 49 47 46 46 51 63 71 99 106 85 71 71 86 146 50 159 69 46 45 45 45 45 46 44 42 43
46 49 50 46 48 50 104 126 118 110 82 78 76 95 123 44 117 76 51 44 44 45 44 44 42 44 48
46 50 48 47 54 56 104 129 130 110 109 82 79 118 119 43 111 103 69 45 44 45 45 44 41 44 48
46 55 48 46 50 53 102 135 118 104 97 117 104 114 103 44 100 85 51 48 43 44 44 44 44 41 44
72 108 84 69 101 113 184 295 300 307 281 4092 311 316 264 49 184 118 64 58 53 56 51 51 52 47 49
52 62 51 51 58 66 146 246 234 246 212 239 231 232 184 50 134 67 48 46 46 46 46 43 45 49 46
54 70 58 53 66 77 165 259 278 313 284 295 270 327 278 45 179 116 54 49 47 47 47 43 46 48 46
54 67 58 53 65 66 127 225 243 279 268 354 284 308 268 46 155 98 54 47 47 47 47 46 42 45 50
48 54 50 45 56 60 78 146 143 155 134 144 163 203 153 50 92 56 46 48 46 43 44 44 44 44 42
47 51 49 48 51 56 80 141 132 138 106 116 104 131 124 45 76 53 46 45 47 45 43 43 44 43 44
44 47 46 45 46 49 60 80 82 85 74 83 78 101 83 44 60 50 48 43 47 44 42 43 43 44 44
44 48 47 46 49 50 60 84 78 88 77 83 81 90 84 49 67 48 47 44 43 43 43 43 44 42 44
46 51 48 46 51 53 69 107 103 106 97 118 93 100 86 44 59 49 46 44 47 44 43 43 43 43 44
46 56 49 48 60 56 84 145 142 161 133 140 147 146 106 44 74 53 46 47 45 44 44 44 44 44 42
50 63 56 56 62 63 91 220 227 218 191 182 191 214 132 45 84 57 48 46 46 46 45 46 45 45 45
50 60 55 48 56 57 69 154 194 197 180 145 166 163 113 45 69 53 46 46 45 45 49 45 45 44 44
63 95 52 45 52 52 65 122 119 140 107 97 98 95 80 44 59 48 46 45 44 44 43 44 46 44 45
273 450 56 48 57 58 92 170 140 156 127 120 121 110 93 45 62 51 45 46 49 45 46 44 43 44 45
175 227 64 49 55 58 95 180 141 149 136 125 122 114 99 43 64 50 47 44 45 44 45 44 44 44 44
67 94 62 49 52 56 78 154 153 145 131 147 132 111 98 43 61 50 46 43 45 49 45 43 44 43 47
108 201 111 54 63 91 118 198 254 238 219 203 182 171 125 45 74 55 53 45 46 46 46 45 51 44 46
76 191 231 77 157 224 270 362 360 319 348 349 389 325 260 46 108 68 56 49 49 49 48 47 46 46 48
66 89 94 63 180 207 280 415 313 311 326 305 337 289 243 46 126 68 52 51 46 48 48 47 47 44 46
50 61 87 63 105 124 113 148 139 133 133 138 155 142 124 44 72 53 46 48 44 45 46 44 44 44 45
54 70 116 94 183 161 163 169 156 142 135 153 169 151 141 44 95 56 47 46 46 46 46 42 45 48 46
55 61 79 167 224 183 183 181 170 151 142 169 172 160 151 45 103 60 55 49 47 46 44 45 44 45 46
52 60 57 65 109 123 195 191 189 164 149 190 189 183 194 45 140 70 49 50 46 48 46 44 44 44 46
51 59 52 56 76 101 159 170 173 162 135 165 167 184 208 49 123 63 49 49 46 44 46 45 45 44 42
50 56 53 63 64 76 111 132 149 161 151 165 161 180 180 46 135 69 56 53 49 46 45 44 44 44 45
46 52 50 47 54 55 72 89 110 110 108 129 110 98 110 44 97 72 62 59 50 46 45 45 44 43 44
45 49 44 45 52 50 59 69 74 77 77 80 70 68 76 47 72 64 59 59 46 44 48 46 44 41 44
45 52 45 46 51 53 62 70 76 81 76 76 68 69 69 43 72 63 59 58 47 47 50 53 44 41 44
50 64 54 51 66 72 101 110 113 127 119 115 111 108 107 45 97 93 78 74 59 60 50 61 46 44 41
45 56 51 50 60 59 85 112 103 100 111 110 106 103 90 44 87 89 75 75 56 67 57 54 52 43 44
44 49 48 47 53 57 67 76 73 70 78 84 77 73 69 44 70 79 54 54 49 58 58 54 44 43 44
45 56 56 56 67 67 82 82 84 84 99 109 94 83 93 45 82 96 63 53 48 58 49 48 52 44 44
48 64 64 77 79 84 104 115 123 117 139 149 127 109 123 44 128 110 73 66 64 76 60 50 44 44 50
45 51 54 56 58 63 67 73 73 75 81 87 83 79 85 43 84 71 58 58 60 69 70 49 43 44 55
