49 44 44 44 43 43 45 45 44 41 44 51 48 48 111 226 161 81 54 52 56 57 62 65 51 46 45
44 42 44 43 45 47 46 47 44 43 45 45 48 51 65 242 511 81 56 54 66 69 144 201 74 52 48
43 43 42 45 50 44 43 44 42 43 44 44 45 49 50 73 123 52 48 46 49 53 145 106 47 46 47
44 41 44 48 44 42 44 44 43 44 44 45 49 55 66 109 196 63 51 50 52 68 196 89 60 53 47
43 43 44 44 44 47 44 42 43 43 44 44 47 48 69 115 95 50 49 46 49 60 95 91 59 47 46
42 43 41 43 49 44 42 43 42 43 44 43 46 48 51 68 58 45 43 44 44 47 66 74 47 44 44
42 46 42 42 44 43 44 43 40 43 46 44 43 44 49 60 54 44 43 43 44 44 49 55 45 46 44
43 45 42 43 45 43 44 43 43 46 44 42 45 47 85 136 51 50 46 44 46 46 59 84 54 44 45
44 43 44 43 44 42 44 44 44 44 44 44 48 50 131 175 58 46 49 54 50 51 103 153 67 45 45
43 43 44 41 44 48 44 44 44 43 43 44 45 46 79 74 45 44 40 44 50 46 73 113 53 43 44
42 43 44 44 44 43 46 44 44 44 44 44 45 51 102 95 49 45 40 45 52 46 63 74 44 43 45
42 43 44 44 42 44 50 46 44 45 44 47 50 77 200 190 100 51 56 52 53 61 149 202 84 46 46
44 45 46 44 43 43 45 46 44 42 47 52 49 68 165 135 85 52 57 53 55 101 202 279 170 56 46
44 43 44 44 43 43 45 45 44 41 44 49 46 61 104 81 52 44 47 52 48 56 114 162 79 48 44
43 44 43 43 44 44 46 44 44 49 45 44 47 105 220 169 84 51 53 52 53 67 151 166 64 52 46
42 43 43 44 44 44 46 44 44 49 45 44 49 74 197 155 75 55 57 54 59 92 245 290 90 58 45
43 43 44 42 43 43 44 44 41 44 49 44 44 46 60 53 46 47 46 45 47 48 88 103 48 44 50
43 42 44 42 44 43 44 44 41 43 49 44 43 45 46 46 47 45 43 47 45 44 52 48 45 49 44
46 43 44 44 43 43 44 43 44 41 44 50 46 43 47 46 43 44 44 44 46 45 53 51 52 44 42
42 42 44 44 46 44 42 43 43 44 44 41 45 50 47 45 42 44 44 44 46 46 53 56 45 44 43
44 40 43 43 44 46 44 42 43 43 44 43 42 43 51 46 43 42 43 44 45 44 46 45 43 44 44
40 43 48 44 42 43 43 44 44 43 44 45 45 46 59 70 47 45 45 44 50 49 56 50 44 44 44
42 41 44 49 45 43 45 44 44 44 44 45 47 52 101 123 66 50 50 50 57 98 124 73 46 46 45
42 43 44 42 44 47 45 43 43 43 44 45 44 51 84 84 53 50 48 50 52 92 99 76 46 43 45
42 44 43 44 47 44 43 45 44 44 44 44 47 62 101 88 66 49 47 48 55 82 74 61 46 47 45
43 44 44 43 45 46 44 46 44 45 45 49 58 103 170 146 109 60 59 60 96 152 128 93 53 46 47
44 42 49 45 44 44 45 47 44 44 44 46 53 76 110 117 83 61 60 63 108 163 175 126 58 45 47
48 44 44 44 44 45 49 48 43 44 44 46 52 147 133 112 90 59 61 77 97 119 126 74 51 46 46
43 44 44 41 45 52 47 56 53 46 45 47 74 102 133 140 105 67 58 67 100 96 109 72 48 46 48
43 44 45 44 45 45 53 53 49 45 45 46 65 114 121 145 120 99 82 98 115 126 122 101 61 49 48
43 44 44 44 42 44 55 51 44 44 45 47 56 103 116 159 138 123 125 138 124 134 127 108 57 51 49
43 44 44 45 44 44 49 50 45 49 46 46 65 106 115 164 111 119 118 127 108 105 84 67 50 47 48
43 43 44 44 44 44 52 53 46 46 46 57 125 171 155 167 131 148 138 143 128 151 129 93 61 49 50
44 43 44 44 45 44 50 53 45 45 46 56 114 148 142 156 127 143 149 130 135 161 156 131 75 50 54
42 44 44 44 45 45 50 50 46 48 46 46 62 113 131 134 110 127 131 137 127 167 131 110 62 49 50
43 43 44 43 44 45 49 51 42 45 49 47 52 83 127 122 103 115 143 132 119 141 110 66 51 48 46
43 43 44 47 46 45 50 50 44 44 46 48 53 76 130 121 104 129 126 139 127 154 144 66 50 48 49
43 44 44 44 45 44 51 50 43 43 45 46 51 72 95 109 93 111 109 94 89 103 79 59 48 47 46
42 43 47 44 44 44 50 49 44 44 45 42 47 59 59 68 68 79 86 80 80 83 61 51 46 44 45
42 40 44 48 45 47 92 86 44 44 44 46 47 65 73 83 87 80 89 94 80 74 57 55 46 46 46
48 45 44 44 46 49 137 136 45 43 46 52 55 73 79 93 91 92 111 118 107 120 69 64 45 47 53
43 48 44 45 45 45 65 66 45 45 43 46 56 63 71 87 80 91 110 111 104 121 68 63 48 47 44
43 50 46 43 46 46 86 87 45 45 42 45 51 49 54 63 57 67 80 86 66 67 51 49 45 42 45
44 45 52 45 47 75 384 467 53 46 46 48 57 85 108 123 118 123 159 159 136 100 68 60 50 49 50
43 45 43 45 46 49 145 288 47 45 48 54 69 103 140 178 180 170 195 208 207 165 118 72 57 54 56
42 46 45 46 45 43 58 76 47 44 46 51 62 75 106 155 156 154 180 213 221 156 109 69 55 51 79
43 44 44 46 42 45 56 63 50 46 46 49 61 83 123 149 148 132 146 147 124 87 68 59 65 49 71
44 45 45 44 46 49 58 66 63 48 50 70 154 158 197 184 206 183 187 254 241 217 126 91 79 80 78
44 45 46 46 47 44 59 69 49 48 49 79 160 173 161 177 191 169 195 221 314 386 234 184 135 86 143
43 44 44 45 44 46 56 56 45 47 48 63 101 118 112 113 112 109 132 164 229 234 130 84 68 100 128
43 45 46 47 46 47 57 67 52 56 67 126 180 206 192 191 187 186 225 273 270 351 202 134 81 94 86
45 46 45 46 46 47 60 67 49 56 80 128 152 184 183 197 179 197 246 294 287 405 250 248 189 153 111
44 45 45 43 45 46 52 56 45 46 51 63 74 89 98 116 116 138 153 199 162 163 125 110 76 98 73
41 43 43 43 45 44 46 47 44 46 46 46 52 56 67 73 72 71 73 90 72 64 61 54 51 52 47
43 42 44 43 46 46 47 50 45 45 46 48 53 56 72 84 84 84 86 123 75 68 64 52 52 47 46
43 42 44 44 45 46 46 51 50 45 45 49 52 60 73 91 104 104 112 135 91 74 68 61 56 47 48
44 44 43 43 44 44 46 46 44 49 46 46 50 53 62 74 76 80 81 95 78 66 63 57 49 46 47
43 43 50 45 43 44 45 47 45 45 46 46 50 56 64 72 76 76 87 72 65 66 58 53 46 46 46
47 43 44 50 46 46 52 59 49 51 55 54 59 69 81 96 103 112 144 116 95 89 75 68 51 47 50
50 45 43 44 44 45 53 58 48 49 53 57 62 66 79 99 125 139 150 121 101 108 91 72 55 48 56
46 49 45 43 45 43 49 51 45 46 44 49 61 57 64 81 109 144 111 93 80 84 72 62 48 47 52
44 50 46 45 49 46 57 56 46 47 48 56 59 60 76 106 142 188 149 94 78 78 69 59 47 47 54
43 46 51 59 59 59 67 70 60 57 54 61 62 71 98 154 165 219 147 110 103 115 86 70 55 49 59
42 45 42 47 53 51 54 55 48 50 48 56 55 55 72 92 110 110 79 85 89 95 77 64 50 49 56
