54 43 45 45 45 41 45 50 44 42 44 43 46 46 45 44 43 40 44 49 46 43 46 45 43 44 44
49 43 44 43 45 42 43 44 44 44 42 43 48 44 43 43 43 43 42 43 50 44 44 46 42 43 44
45 44 44 44 45 43 42 43 48 44 42 42 45 44 44 41 44 43 43 39 44 41 44 49 44 42 43
43 44 44 44 45 43 44 41 44 49 46 42 45 43 44 44 43 42 47 43 44 44 43 44 43 43 44
44 44 48 45 46 44 42 43 43 43 45 41 46 50 44 42 44 43 44 46 45 42 43 44 43 44 41
46 44 44 45 44 46 44 42 43 43 44 43 43 44 50 44 42 45 44 41 44 44 44 44 43 42 44
44 46 45 44 44 42 43 43 43 44 42 44 50 44 43 43 42 44 42 43 46 44 46 44 42 43 44
43 44 44 44 46 44 42 43 43 43 46 41 45 50 45 42 42 43 45 43 44 44 45 43 43 44 45
44 44 44 42 44 44 44 44 41 44 50 44 43 44 44 43 44 43 43 46 44 43 44 41 43 50 45
45 44 45 44 42 43 44 43 44 42 44 49 45 42 44 42 43 43 44 41 43 43 43 44 42 44 44
42 44 45 43 47 44 42 42 44 44 46 43 46 50 44 42 42 43 45 41 43 43 44 44 40 43 51
43 46 44 45 46 43 43 43 44 45 48 49 52 46 44 44 43 42 44 43 44 44 42 43 47 44 46
43 43 44 43 44 43 43 46 44 43 53 48 45 46 44 44 43 42 43 44 44 44 41 43 48 44 50
43 43 42 44 43 44 49 44 44 45 59 160 51 45 45 45 45 44 43 43 44 43 44 43 43 48 45
43 45 45 44 45 45 47 47 47 47 70 334 154 51 53 49 46 46 53 46 44 44 44 43 44 42 44
43 43 42 44 49 44 43 44 44 44 46 88 132 56 46 45 44 45 45 50 46 42 44 42 43 44 43
42 43 44 41 44 42 45 44 43 43 43 46 49 44 44 48 43 43 44 48 45 42 43 42 43 44 43
43 43 44 41 44 49 48 44 44 48 47 89 69 55 55 45 43 45 44 43 51 45 43 43 42 44 44
42 43 44 43 42 44 52 45 44 48 49 64 66 57 49 47 43 47 46 42 44 44 44 44 42 44 48
44 43 47 42 43 44 45 45 43 45 48 50 46 45 44 44 40 43 49 44 43 44 42 42 44 43 44
42 43 43 43 43 44 45 49 45 46 61 69 48 45 45 44 43 44 47 44 43 43 43 43 44 42 44
43 44 45 44 45 48 49 69 70 84 256 258 68 55 50 49 49 51 49 43 47 47 46 48 44 42 44
42 44 44 44 45 46 49 57 87 144 305 110 52 49 49 50 50 49 47 47 47 46 45 44 44 46 44
42 44 44 44 46 47 52 76 294 155 134 53 49 48 49 50 47 48 48 49 52 47 46 46 50 44 43
45 44 45 44 45 50 59 120 355 463 148 68 56 53 59 59 52 56 59 53 60 54 52 50 45 43 44
44 50 46 43 45 50 70 190 190 295 115 59 61 55 63 66 56 58 62 60 69 54 55 46 43 44 46
43 43 47 44 44 46 116 136 106 97 91 46 50 52 51 48 48 50 50 55 49 58 48 45 49 50 42
44 43 45 43 45 68 190 231 159 91 64 66 51 52 57 64 61 62 64 76 65 51 60 44 48 49 45
51 47 47 46 47 223 391 316 281 133 96 140 107 108 108 189 132 174 126 139 113 94 65 49 46 46 48
51 46 46 46 47 136 196 206 147 106 118 128 177 137 154 208 162 178 165 160 149 164 122 53 43 46 49
45 50 46 45 47 58 111 125 77 77 73 113 119 135 125 182 157 167 153 194 175 193 138 68 45 45 46
45 42 46 43 63 84 97 110 112 98 85 132 97 150 136 150 151 154 155 166 154 175 131 60 52 47 46
46 45 44 46 49 61 80 114 106 102 96 106 109 125 126 142 162 145 136 136 132 155 124 86 49 52 46
44 46 46 45 43 50 57 74 83 94 92 100 98 112 122 142 132 132 165 121 135 132 124 92 52 50 45
44 44 42 45 51 50 54 57 54 54 56 62 68 118 122 156 135 177 185 178 133 131 127 104 51 48 45
44 44 46 46 43 50 59 58 55 52 53 58 61 89 136 128 129 116 160 153 143 280 236 60 49 46 46
44 45 46 44 46 52 53 53 52 50 51 53 51 57 67 70 78 86 106 149 135 320 389 90 44 46 45
43 44 46 44 46 47 52 59 51 48 50 52 54 62 68 86 97 107 128 126 146 211 461 108 45 47 51
44 43 46 43 45 46 47 50 52 48 47 50 50 57 62 70 77 80 102 104 103 181 312 90 46 44 45
43 44 42 43 46 45 48 49 46 47 46 48 50 59 66 70 75 73 80 103 90 121 168 66 44 42 46
43 44 44 44 43 46 53 50 47 47 46 48 52 63 68 69 72 72 85 95 90 138 212 100 44 42 47
41 43 44 44 45 45 48 49 47 46 47 48 50 54 63 67 71 74 87 100 98 140 148 65 43 43 46
42 43 44 44 45 44 50 56 49 46 49 50 52 54 62 89 99 103 149 157 104 106 77 50 43 44 43
44 43 45 45 48 51 54 59 61 54 54 59 62 71 97 159 182 166 234 266 236 136 74 49 44 45 45
45 50 46 45 47 53 62 63 59 57 60 65 69 77 122 212 243 237 268 302 279 167 94 53 45 45 46
43 44 51 45 45 50 55 57 54 52 53 57 60 63 78 145 179 168 199 233 157 107 71 49 44 44 45
43 42 45 44 47 51 54 55 51 50 52 52 54 65 98 104 135 105 117 112 77 57 53 44 45 47 44
50 46 46 46 52 72 92 93 74 60 59 64 69 95 104 110 124 116 129 159 138 62 56 43 46 44 44
49 46 44 45 46 71 106 149 103 77 69 71 78 92 92 97 103 104 136 138 103 58 55 46 43 44 46
46 51 46 45 50 110 143 138 85 81 73 83 93 93 105 136 145 140 159 169 79 62 58 47 44 44 44
53 56 50 48 56 174 262 239 238 215 252 294 312 239 225 247 259 274 282 142 90 79 72 53 50 46 46
48 49 45 48 50 70 99 89 110 150 264 373 376 302 287 280 230 292 295 138 88 81 73 53 46 46 48
45 46 43 46 52 57 67 69 66 64 77 180 262 257 279 308 255 246 135 84 74 70 65 54 45 45 45
43 45 49 45 47 50 54 58 55 54 56 93 146 175 201 179 74 63 63 60 54 50 51 46 44 44 44
46 46 52 47 54 67 91 95 84 65 73 75 108 133 154 135 74 61 59 56 55 49 50 45 44 44 41
45 51 47 52 49 69 80 87 87 70 72 63 67 76 91 81 66 58 55 52 54 48 46 44 44 44 44
47 49 47 46 47 66 65 69 75 61 56 56 52 52 52 52 50 47 48 45 46 45 45 45 41 43 49
87 76 66 59 57 71 75 82 88 80 64 63 57 52 54 51 53 49 49 47 46 45 45 44 44 41 44
87 89 77 69 66 80 105 127 102 110 111 98 73 71 63 60 65 58 56 57 51 49 47 46 46 41 44
64 63 55 59 56 67 81 89 79 90 87 79 66 65 59 62 59 63 57 50 55 56 47 46 48 42 44
64 54 52 52 52 55 60 60 64 61 59 60 54 54 50 48 54 56 53 47 49 51 46 44 44 43 44
64 76 77 61 63 62 69 72 62 57 64 66 57 54 50 57 57 61 57 49 48 48 50 45 44 43 43
84 76 76 77 72 72 76 80 77 67 76 75 64 58 63 72 66 77 63 58 58 48 47 44 47 45 42
50 58 51 53 56 58 54 61 54 53 61 57 51 51 56 60 61 56 53 57 61 48 45 44 43 46 46
