44 42 43 43 44 44 45 47 49 47 51 52 47 44 45 43 52 51 68 67 49 44 44 44 44 44 44
42 47 43 43 44 42 44 47 44 45 47 47 46 45 46 43 49 71 106 60 46 43 44 44 42 44 48
42 42 44 43 44 44 44 46 44 43 45 53 47 45 43 43 61 51 47 46 46 44 46 44 44 44 44
44 44 45 43 46 50 49 52 53 55 82 411 134 66 71 44 122 76 60 57 54 50 51 53 51 48 46
43 44 44 45 45 46 49 49 52 53 65 754 239 59 65 42 164 66 58 48 48 51 49 52 50 46 45
43 42 44 43 44 44 43 44 44 44 46 58 47 45 44 43 55 48 48 44 44 43 42 43 44 43 44
43 42 46 44 42 43 44 43 44 41 44 54 48 43 44 42 61 46 44 46 44 45 44 42 42 43 44
43 43 44 45 50 44 42 44 50 46 46 53 51 48 47 41 92 58 51 46 45 44 44 42 44 48 44
42 43 41 44 49 44 43 44 43 44 46 47 47 50 46 43 87 66 54 51 45 42 44 43 44 45 43
42 43 44 44 44 43 43 44 44 42 44 47 45 42 44 43 54 48 45 44 44 43 42 44 46 44 42
43 42 44 43 44 44 44 45 44 46 51 50 47 48 50 43 157 88 51 50 46 44 45 43 45 49 44
49 44 44 44 45 46 49 52 54 59 58 72 68 67 69 43 387 250 99 56 50 50 54 52 50 48 46
43 44 41 44 49 47 46 48 52 63 74 85 78 79 66 43 223 139 117 52 48 45 47 53 48 45 44
44 40 45 41 45 50 54 52 69 71 67 68 56 53 61 49 73 83 53 46 46 44 45 49 46 43 44
42 44 49 45 49 55 111 99 112 106 109 101 87 95 104 43 130 146 68 50 48 47 47 50 49 47 48
43 41 44 49 46 45 57 54 73 83 84 92 75 82 100 44 143 147 62 49 47 48 48 50 45 46 49
42 47 44 44 44 42 44 44 45 47 46 49 52 47 50 43 71 91 48 46 43 43 44 45 45 41 44
43 44 47 44 46 47 48 50 70 95 90 78 62 63 60 44 124 87 54 48 52 46 45 46 46 46 45
43 44 43 44 49 47 46 50 64 85 86 77 65 66 63 43 147 92 68 49 46 46 46 47 47 48 45
43 46 42 43 45 44 45 42 45 49 46 44 44 45 46 43 51 60 50 45 43 43 44 44 44 41 44
42 46 44 44 47 45 51 56 51 49 49 47 46 46 46 43 50 56 48 46 44 43 44 44 41 44 49
43 44 48 43 51 62 73 75 88 95 74 70 60 63 62 44 72 91 64 50 47 46 46 50 46 44 44
43 45 45 42 46 52 50 50 56 58 61 66 57 63 72 44 92 94 71 52 53 46 46 46 45 45 45
42 43 46 44 42 44 49 46 46 47 46 47 48 47 51 43 54 63 53 43 45 44 44 44 44 44 42
46 49 46 49 47 51 60 56 76 80 81 83 68 68 111 46 106 103 78 57 48 48 47 49 49 47 45
47 50 46 50 49 55 60 65 104 135 163 171 142 140 213 44 235 201 191 111 58 59 58 60 61 54 47
44 45 44 45 45 46 49 51 53 54 60 74 69 83 113 44 149 135 130 90 52 54 50 51 51 50 45
42 46 44 44 46 47 49 46 54 62 59 62 60 74 81 44 91 86 80 59 49 48 44 47 54 46 43
44 47 49 47 47 58 58 67 76 87 83 85 76 90 84 44 89 83 81 84 49 48 50 50 50 47 44
46 49 44 45 45 46 51 53 62 71 69 71 66 76 69 44 76 73 74 68 47 47 47 47 47 49 45
43 44 44 44 45 44 46 49 50 53 59 68 74 87 85 43 86 99 93 78 51 48 50 53 46 46 45
47 47 50 47 49 49 54 74 87 96 98 123 132 172 152 43 135 141 106 63 53 54 54 62 58 54 46
46 44 47 49 48 50 65 98 111 113 111 167 181 202 175 50 165 192 152 75 57 60 58 63 61 59 48
45 46 46 47 49 53 59 76 91 123 124 203 195 234 231 45 171 184 143 74 58 58 58 63 63 62 56
44 44 46 49 47 48 53 60 65 67 76 108 126 203 157 42 136 148 105 59 52 54 53 56 53 51 52
45 51 48 47 53 55 69 82 80 82 76 89 94 125 111 44 86 91 74 63 47 48 49 50 50 46 47
42 46 50 47 51 57 67 74 70 74 67 72 74 100 94 44 80 75 65 61 46 47 49 50 49 45 46
40 44 51 45 45 47 49 54 60 65 62 66 74 89 81 42 65 63 59 57 48 46 46 44 47 51 46
44 48 44 46 47 45 51 60 57 62 67 78 81 92 85 44 70 67 62 51 48 47 47 45 48 51 46
45 48 50 52 65 86 110 145 118 117 121 121 112 113 108 44 124 96 91 61 52 52 53 55 52 57 53
45 46 46 44 51 66 75 123 126 117 125 136 127 115 108 44 122 100 94 71 53 59 54 56 76 132 76
44 44 45 42 46 52 49 51 53 55 63 86 95 103 95 44 86 80 72 57 49 50 51 56 131 208 111
44 46 46 46 50 56 53 54 54 55 66 66 69 76 70 43 65 70 68 52 45 46 46 55 66 84 60
49 48 51 58 77 109 95 108 91 86 93 85 82 79 74 44 75 75 82 59 50 50 55 130 131 108 50
43 45 46 51 59 61 68 78 78 89 92 89 94 82 87 48 97 86 90 67 52 53 54 197 180 200 55
44 46 45 45 56 50 52 53 57 66 70 86 105 110 111 44 117 111 108 72 53 52 57 192 144 122 51
47 46 47 48 52 55 63 77 94 108 133 166 170 150 190 44 186 175 129 88 60 62 72 145 185 77 51
56 52 51 53 55 61 72 116 142 168 211 247 243 221 228 46 293 305 228 151 78 95 155 274 279 96 52
50 46 47 48 53 62 64 71 81 94 129 185 196 171 174 45 254 255 212 180 98 156 221 315 306 100 52
46 45 46 46 48 51 51 56 63 64 74 95 101 91 111 44 119 120 119 136 100 136 185 142 106 53 46
50 46 47 50 54 63 74 85 89 96 95 119 117 106 114 44 120 119 133 200 180 233 262 172 85 55 46
47 46 46 49 63 75 96 111 113 105 105 127 120 110 115 48 111 118 143 189 225 355 258 198 86 68 46
45 42 47 52 50 57 60 67 78 89 94 128 120 113 125 45 122 125 155 229 218 253 245 130 65 58 45
49 48 59 54 56 75 83 98 110 116 127 160 134 139 148 44 144 182 217 377 283 200 132 77 66 56 48
60 73 63 71 96 174 159 146 151 153 154 181 152 142 132 45 204 249 325 532 294 226 131 85 73 63 50
42 45 52 48 54 65 65 65 62 62 63 73 73 73 86 44 109 125 143 254 104 87 64 59 54 52 46
40 44 50 45 44 45 45 45 46 46 47 50 49 52 56 42 55 62 55 64 51 48 50 44 45 49 45
44 45 44 44 46 44 48 47 49 49 50 55 53 66 73 44 69 64 55 52 48 47 48 44 46 51 45
52 48 45 46 51 52 62 67 67 64 71 86 88 124 140 44 134 109 91 68 61 59 56 56 51 51 51
49 47 46 43 47 55 57 62 65 65 70 85 94 115 137 50 145 129 88 74 65 62 60 58 55 55 44
50 42 44 49 46 46 49 48 50 51 53 61 60 68 82 44 100 90 75 57 56 54 50 50 49 49 45
44 45 46 46 54 51 62 59 53 55 62 74 69 81 99 44 130 105 81 65 57 54 51 52 51 49 46
47 54 53 59 64 67 85 83 77 88 100 134 117 149 187 50 250 224 119 92 77 76 74 68 65 55 51
45 45 44 47 52 58 64 65 65 78 86 113 95 123 145 44 209 149 89 89 74 80 67 60 59 55 54
