41 44 43 43 44 43 44 42 44 49 44 42 44 43 44 43 43 43 46 42 46 49 45 42 43 44 44
43 43 40 43 42 43 49 44 43 44 43 43 44 43 44 45 43 43 43 43 47 44 44 41 43 49 44
43 46 42 44 50 43 44 44 42 43 44 44 44 42 44 46 42 42 44 48 45 43 44 42 42 44 43
43 45 43 43 42 43 49 44 43 43 43 43 45 43 44 47 43 43 44 49 46 42 43 43 43 44 43
43 44 44 41 44 48 44 43 44 43 44 44 43 44 48 44 43 43 44 44 51 44 42 44 42 43 44
42 44 44 43 44 41 45 48 44 43 44 42 44 44 44 44 42 49 44 44 44 42 43 44 43 43 42
43 44 44 42 44 44 46 45 41 43 48 44 43 43 44 44 40 43 50 46 45 43 42 43 44 44 44
44 44 45 44 45 45 57 62 48 45 46 44 46 44 43 44 42 44 57 63 44 43 43 43 44 43 44
42 43 43 44 44 45 61 51 49 44 43 43 45 44 44 41 44 45 62 115 46 44 44 46 44 42 43
41 43 43 43 44 48 73 59 53 44 45 44 44 43 44 44 42 46 50 51 47 46 44 45 43 42 43
43 46 45 45 49 159 482 186 101 56 54 52 53 52 51 50 47 68 109 153 69 46 45 44 46 44 43
44 46 46 46 51 80 404 198 92 56 55 55 55 53 51 50 48 114 341 553 133 47 46 44 44 48 46
43 45 45 46 46 50 108 74 56 46 44 46 52 46 44 45 44 60 240 397 72 45 47 45 43 44 46
43 45 42 44 49 51 127 156 86 50 49 48 49 47 47 46 44 78 118 123 53 45 44 44 42 43 45
47 55 51 49 56 66 365 783 429 83 80 78 74 72 66 63 61 366 509 312 59 52 47 43 46 50 46
52 56 52 49 56 65 158 876 429 82 78 83 76 73 67 65 66 532 871 329 62 57 51 47 45 46 47
43 45 44 44 48 49 64 92 66 50 47 47 47 43 46 51 46 142 318 67 53 49 45 42 43 43 44
42 44 46 46 47 57 78 81 79 62 48 46 47 46 44 51 56 78 83 58 47 47 44 44 40 43 42
43 49 44 43 45 46 56 55 56 51 44 46 49 44 44 49 63 63 72 63 49 48 42 46 49 44 43
44 43 41 45 42 44 51 48 45 46 44 43 45 43 44 47 45 48 46 48 46 44 44 44 40 44 46
42 43 40 44 47 44 49 46 45 44 44 44 44 41 44 49 42 44 44 44 45 43 44 44 43 45 45
42 43 44 44 47 44 49 45 48 46 47 42 45 49 45 43 44 45 45 49 46 42 44 44 43 44 44
42 43 41 43 49 44 45 47 46 46 47 44 45 47 46 45 43 46 47 50 46 42 43 43 43 45 44
42 43 44 41 44 49 46 45 46 45 46 45 45 44 47 45 43 46 45 43 51 44 43 45 43 43 44
41 43 45 44 45 43 48 49 47 46 46 46 45 44 44 44 43 46 46 42 44 43 43 44 42 44 49
43 43 48 43 45 45 48 46 54 50 49 50 46 44 50 46 44 45 50 44 43 43 43 44 44 41 44
42 43 44 47 45 45 44 44 45 46 49 45 45 44 44 45 46 44 46 44 43 43 44 43 43 41 44
42 43 44 44 44 44 48 45 49 49 45 44 46 46 46 44 43 42 45 40 44 49 43 44 44 42 43
41 43 44 44 45 44 49 50 60 55 52 49 49 52 54 49 44 43 45 39 44 49 44 43 43 42 43
42 44 46 44 46 46 48 57 67 67 64 54 61 66 61 60 47 45 45 44 44 44 46 44 44 44 42
43 44 46 44 46 46 52 62 72 94 80 76 83 98 74 75 48 44 46 50 46 43 44 42 43 44 43
45 59 51 46 53 55 68 118 177 202 172 171 162 185 137 143 70 53 51 51 55 50 44 44 43 44 45
50 62 60 51 63 65 114 208 284 302 278 318 247 301 259 233 104 69 61 61 61 55 48 45 44 45 46
50 63 61 51 63 67 108 202 273 299 292 394 294 296 262 196 107 76 64 60 58 59 48 46 45 44 45
50 57 53 48 56 59 92 138 176 218 207 216 227 263 181 164 80 60 56 51 53 49 46 49 44 44 45
46 52 48 47 53 58 99 133 152 179 151 164 142 163 136 103 73 56 57 51 50 49 43 44 48 44 44
45 51 47 44 49 51 86 109 123 111 101 129 86 137 102 83 60 52 54 47 48 47 44 44 44 44 45
45 55 48 46 50 53 98 109 108 125 137 122 117 131 97 97 72 52 51 51 49 47 44 44 47 44 43
44 51 47 47 51 56 92 129 130 136 141 154 126 120 98 95 65 52 53 49 49 48 45 44 42 44 47
46 54 46 49 58 61 122 158 147 170 158 167 158 145 104 105 73 56 55 54 51 50 46 42 44 47 45
47 58 53 52 64 73 105 208 201 209 192 186 170 204 123 108 78 64 61 57 54 52 46 44 44 44 46
48 57 52 50 60 59 72 148 183 196 179 142 162 167 117 87 63 55 56 57 52 49 45 43 44 45 46
71 80 50 45 56 57 70 121 121 140 119 108 105 108 84 70 54 50 52 49 49 50 46 44 43 43 44
182 507 55 51 57 63 104 159 136 156 129 122 124 111 95 82 61 56 56 52 59 81 64 46 44 45 49
113 187 62 51 54 62 112 170 148 151 144 131 125 115 95 93 73 55 61 55 123 281 102 48 45 45 46
51 72 66 49 57 61 83 165 173 162 146 165 153 142 109 90 69 55 57 55 110 168 55 46 45 42 47
65 122 111 54 63 92 118 183 251 254 224 214 200 186 165 110 76 62 66 57 78 69 47 45 46 43 45
58 155 202 67 153 201 207 294 343 315 328 341 365 303 271 194 126 75 76 98 138 89 50 46 46 45 47
53 70 76 56 165 171 208 314 276 286 304 269 285 232 187 191 151 98 78 115 142 74 54 46 46 46 45
47 61 70 52 96 116 109 139 134 135 132 127 138 120 104 122 85 68 56 95 71 51 51 44 43 44 44
56 59 99 86 182 166 163 168 159 140 128 146 151 130 123 133 122 106 76 110 78 53 47 44 43 44 46
49 57 65 149 215 188 171 174 163 148 141 150 145 131 120 120 107 128 113 122 71 52 49 45 43 44 46
48 55 58 59 105 116 187 184 177 159 140 159 155 138 124 118 111 120 111 81 55 56 47 45 44 43 45
51 55 50 54 72 99 168 174 176 160 136 145 132 121 104 98 79 73 63 58 53 49 46 48 44 44 44
49 56 50 59 66 76 118 140 166 183 160 169 155 140 109 102 78 60 60 59 54 51 45 44 46 44 46
45 57 48 46 53 54 74 93 122 116 110 133 106 82 83 69 54 50 56 48 49 47 44 44 47 44 44
44 51 46 43 47 52 59 67 71 73 75 73 62 59 60 53 47 45 46 46 45 45 46 44 45 44 42
46 48 43 46 54 55 67 72 75 81 74 72 62 59 58 53 47 47 47 47 46 45 48 44 44 43 43
49 67 51 55 68 76 104 118 116 130 120 116 100 84 82 72 57 56 56 53 51 48 45 45 45 45 44
45 57 51 51 62 64 86 111 106 108 108 102 92 87 69 63 58 63 56 53 50 52 48 44 48 44 43
43 50 48 49 51 60 71 73 74 71 71 74 67 59 57 53 54 59 50 44 46 50 46 46 45 42 44
44 67 62 58 72 73 92 85 84 87 95 95 79 64 66 68 60 65 57 48 48 50 47 42 43 44 46
48 79 79 91 85 88 114 121 124 120 136 135 107 81 84 84 79 81 68 63 55 64 49 45 42 44 55
44 57 58 60 62 65 69 76 79 78 78 83 72 63 67 65 66 59 54 56 58 59 52 44 43 45 56
