44 44 45 44 45 45 48 48 82 146 170 67 54 48 50 53 61 81 154 119 48 44 45 42 44 46 44
43 45 45 44 45 43 47 55 57 120 305 61 50 49 47 50 50 74 318 110 47 45 44 44 42 44 48
44 46 45 42 45 46 52 54 89 124 289 65 51 49 55 56 49 100 303 63 46 43 44 44 44 44 42
44 44 44 47 45 45 47 51 103 106 81 52 44 46 51 46 49 71 208 69 55 46 42 43 44 44 44
42 44 43 44 46 44 47 46 62 77 52 46 46 46 43 45 45 54 92 61 49 44 42 43 44 43 44
42 43 43 45 47 44 46 46 55 64 47 46 45 42 45 50 47 50 67 50 46 43 44 43 44 40 44
43 44 42 47 45 44 48 44 78 102 48 46 46 45 45 46 49 49 71 62 49 43 44 43 43 41 44
43 46 42 44 46 44 49 47 97 101 48 45 46 45 46 46 44 58 131 96 53 44 43 43 43 44 41
43 45 44 44 45 42 46 53 80 77 48 44 45 45 46 45 47 56 134 88 48 42 44 48 44 43 44
42 43 44 44 45 42 47 61 113 73 48 45 46 46 46 48 44 51 86 71 42 43 49 45 43 44 43
46 45 46 46 46 52 63 145 289 220 63 55 55 55 54 55 52 119 272 236 46 45 42 45 50 45 44
46 46 46 46 46 50 55 108 213 170 62 55 53 54 54 53 82 281 519 481 57 48 46 44 44 44 46
44 45 50 45 44 47 47 80 109 90 53 46 49 51 48 46 54 144 275 198 48 44 50 44 44 44 43
46 45 51 46 44 47 51 147 138 122 58 50 52 53 52 49 63 158 174 108 50 50 48 44 44 42 44
49 45 44 44 44 46 50 91 124 94 53 54 49 47 48 48 71 175 177 138 46 49 45 45 44 42 45
49 44 43 44 43 45 47 55 65 51 48 49 46 44 45 46 59 132 147 77 47 45 44 44 41 44 48
43 49 44 43 44 43 44 45 49 48 42 44 49 44 43 44 46 71 67 57 42 43 44 44 43 44 44
44 46 44 42 44 43 45 48 49 51 49 46 44 44 44 45 50 116 57 54 43 44 44 43 44 46 44
40 43 48 44 42 44 44 49 50 46 45 47 45 44 45 49 43 64 50 49 46 43 43 44 44 46 44
43 43 44 44 40 44 46 64 62 49 45 44 45 44 45 44 46 53 45 44 44 43 44 45 44 44 44
43 43 44 44 44 45 46 53 56 53 45 44 45 45 42 48 55 55 46 44 44 44 44 43 44 43 46
44 44 44 45 47 47 51 82 107 70 55 50 50 48 57 84 78 78 51 45 45 43 43 44 43 44 43
44 42 44 50 46 47 53 70 99 74 60 51 50 50 74 93 82 78 53 45 45 44 43 43 44 44 44
44 45 45 45 46 49 66 93 110 84 60 52 52 51 75 90 68 67 52 46 44 44 43 44 44 44 44
47 48 44 47 53 55 143 200 220 166 94 67 68 72 142 146 132 103 68 52 45 44 45 45 44 42 45
47 49 45 46 50 57 129 157 172 135 103 65 69 82 158 193 165 131 80 54 44 45 45 45 44 43 44
45 48 43 44 46 50 64 83 116 100 71 54 57 78 113 127 102 81 54 46 45 42 43 44 44 44 42
45 46 46 46 48 85 160 105 108 98 74 80 61 84 102 114 119 129 62 51 46 45 44 43 44 44 44
46 47 46 46 48 92 110 136 126 107 97 76 74 115 110 114 95 98 71 49 47 45 46 44 43 43 44
46 46 46 46 47 59 122 131 120 114 100 99 106 118 96 122 94 84 53 48 49 44 46 44 43 44 44
46 46 46 46 47 52 79 124 123 120 112 120 149 167 104 113 81 68 55 47 47 45 43 43 44 44 45
51 50 52 50 50 63 131 201 198 210 200 202 194 190 151 177 123 97 63 53 48 46 48 46 43 44 45
53 54 53 51 53 71 143 225 241 262 261 280 251 283 221 203 136 134 74 58 47 48 46 44 45 45 46
53 53 50 54 53 63 110 198 212 248 248 331 248 274 223 179 113 100 65 53 47 47 47 48 45 44 45
48 48 46 46 48 54 79 132 134 150 127 140 157 178 130 119 78 55 56 47 46 45 42 44 49 44 44
46 49 46 46 46 53 79 133 124 129 110 109 105 115 104 85 66 54 50 53 44 44 45 45 42 44 49
44 45 45 43 45 47 56 76 72 75 76 78 73 92 74 73 56 50 46 49 44 44 45 42 44 49 44
46 45 47 45 44 50 56 78 80 81 80 89 81 86 74 75 59 48 47 45 45 44 44 44 44 44 44
44 46 42 45 50 50 63 96 94 98 95 95 87 93 71 67 50 48 49 46 45 42 44 48 44 42 43
47 44 46 44 48 57 76 119 124 135 125 127 139 143 92 80 60 50 51 48 46 44 41 44 43 44 44
49 51 52 50 49 58 77 179 198 208 190 174 177 206 110 93 70 60 57 50 46 45 45 45 45 44 47
47 46 48 53 49 52 64 106 155 174 165 134 144 150 94 74 54 53 52 48 45 44 44 43 44 44 45
45 46 46 42 46 56 56 86 85 107 92 90 85 85 70 58 45 47 47 46 43 43 44 43 44 43 44
46 48 43 46 52 51 68 126 103 119 107 104 102 95 79 72 56 50 48 46 44 44 44 44 44 43 45
47 53 46 46 48 55 65 142 120 119 117 111 102 94 86 78 60 51 49 47 44 44 45 44 44 45 47
45 49 45 46 48 54 63 123 132 124 114 127 119 102 87 72 53 56 51 46 44 43 44 44 44 44 47
49 51 49 49 50 61 85 138 212 214 198 194 174 158 116 84 62 56 57 56 46 45 45 43 52 45 45
59 60 54 53 59 108 177 291 331 302 329 339 377 294 234 149 86 72 64 58 52 48 48 46 45 46 46
57 58 53 54 55 108 159 276 288 287 295 262 299 248 191 184 104 69 60 56 52 48 47 46 45 46 46
48 50 48 48 49 95 110 135 153 137 126 136 164 142 116 120 67 53 55 46 46 50 45 45 45 43 45
50 51 49 50 67 155 168 174 160 142 120 136 157 138 133 137 89 59 60 51 46 46 44 44 45 44 45
54 56 52 59 104 241 286 236 182 158 138 153 159 161 150 150 100 64 59 57 47 47 46 44 45 46 46
56 57 53 56 76 145 327 280 204 177 139 169 170 177 178 180 128 86 61 59 47 47 46 44 45 45 46
55 57 51 64 73 102 343 253 191 161 120 136 142 167 183 206 106 67 62 53 47 47 44 46 50 46 44
59 69 62 104 106 126 180 176 169 139 136 144 142 162 150 152 116 82 60 63 52 47 49 45 42 45 50
57 81 80 91 104 113 119 122 126 110 107 116 97 90 102 108 96 84 78 76 53 49 52 43 45 50 45
77 75 70 70 90 84 79 80 79 71 69 78 63 63 65 65 63 67 62 63 53 47 58 46 50 45 42
153 185 116 98 94 90 85 85 84 86 72 68 62 68 63 62 58 60 62 62 54 50 51 54 50 47 44
279 222 167 132 114 123 153 147 133 129 120 111 96 94 97 87 82 84 94 86 70 75 59 53 50 49 46
172 147 100 88 86 90 123 141 124 113 113 114 96 90 76 76 76 81 86 76 64 78 63 59 57 45 50
98 100 73 70 62 71 78 82 76 74 71 73 72 64 60 61 59 73 61 54 51 63 58 58 46 44 44
160 189 117 98 93 95 106 97 88 86 84 92 85 68 69 76 65 81 64 56 52 61 55 52 49 42 46
219 217 152 130 114 112 129 128 122 110 119 119 98 86 84 93 101 105 79 68 61 83 66 55 48 44 51
67 87 73 73 64 74 78 75 70 70 68 71 67 58 65 66 70 63 54 57 62 70 66 51 46 49 55
