44 45 44 46 45 42 44 45 44 46 45 50 56 52 52 49 58 125 204 49 46 48 44 45 49 46 45
43 42 43 43 45 42 44 44 44 44 43 45 51 49 49 53 128 209 78 47 46 46 45 44 44 46 45
42 43 44 43 44 43 46 44 42 42 43 43 46 43 45 53 51 49 45 42 44 46 44 42 43 43 43
42 43 44 44 44 42 44 48 44 44 44 45 131 135 80 137 91 51 44 46 45 44 44 44 45 45 45
42 43 45 44 45 42 45 50 45 44 46 47 156 216 57 130 286 57 49 50 46 46 51 45 45 46 45
42 42 43 43 44 43 42 44 48 44 43 43 49 54 46 54 72 46 42 44 50 44 44 43 42 43 44
42 43 44 41 43 43 44 44 42 43 49 44 44 44 44 49 58 46 44 43 47 44 42 42 43 44 44
43 43 49 45 42 44 44 44 44 44 44 48 47 48 49 101 156 77 48 44 46 49 45 43 44 44 44
43 45 44 42 44 44 44 44 42 44 50 45 45 46 48 84 163 104 49 43 46 42 45 50 46 44 44
42 43 42 43 44 44 44 41 43 49 44 42 44 44 44 47 66 49 48 43 44 44 42 44 49 44 43
43 45 45 44 44 44 44 44 45 44 46 50 47 47 50 89 156 129 54 46 46 46 45 44 49 46 45
44 48 46 44 46 44 46 50 47 52 59 56 60 68 71 165 276 280 81 56 52 49 50 47 50 48 46
43 43 41 44 45 44 45 45 47 50 53 58 70 81 77 102 213 241 82 53 48 48 53 46 46 47 46
43 44 40 44 50 44 44 46 46 46 49 49 49 51 54 59 72 98 52 46 46 42 44 49 45 43 44
43 61 53 46 47 48 63 70 84 107 113 105 110 138 171 188 281 292 147 62 58 53 51 46 52 58 51
45 46 48 45 44 45 47 50 55 59 71 89 90 118 154 173 303 262 182 62 57 53 51 49 50 52 54
43 42 44 48 45 42 44 43 44 45 45 45 46 46 47 55 76 91 57 46 46 44 44 44 45 44 45
50 44 46 50 46 43 50 45 51 55 54 56 55 55 58 63 82 108 61 47 47 46 44 44 46 46 45
44 48 44 44 51 44 46 51 53 56 62 63 62 66 65 76 100 142 135 57 52 49 47 46 53 48 46
44 43 44 44 44 44 48 44 45 45 44 45 46 47 47 46 54 71 88 52 46 45 46 44 45 47 45
44 48 44 44 45 46 51 47 45 47 46 43 45 45 45 45 45 51 62 47 45 44 42 43 44 43 44
46 52 46 47 45 58 74 66 73 78 66 63 55 53 60 69 66 125 133 65 53 50 48 44 47 53 47
45 46 47 46 43 45 49 48 52 51 53 62 54 61 67 75 86 186 184 132 64 55 51 54 51 50 48
42 44 45 44 44 42 44 49 47 43 44 44 45 46 45 47 50 72 68 61 48 46 50 45 44 45 44
59 78 46 54 47 51 49 47 66 52 55 52 52 54 63 66 92 135 116 105 69 54 50 48 50 51 47
51 54 50 46 47 55 52 54 65 68 85 83 80 91 130 148 173 210 233 213 156 71 60 55 61 60 54
44 45 45 46 44 44 47 47 48 46 51 56 54 57 70 90 126 141 198 191 207 76 60 55 57 57 52
44 45 44 44 45 44 42 45 51 47 46 49 49 56 59 62 81 136 143 114 82 55 51 57 51 51 48
49 50 48 48 46 46 48 50 57 69 77 80 88 121 130 127 146 158 142 152 106 72 53 53 59 56 51
48 46 44 44 44 44 47 47 49 52 61 76 84 114 104 117 122 117 106 112 105 89 53 52 57 54 48
44 44 45 43 44 44 46 46 43 47 52 50 51 71 73 92 104 125 122 135 87 65 58 51 51 51 49
46 46 47 42 46 44 46 46 46 47 50 59 72 111 113 123 101 104 124 114 69 57 56 52 50 55 49
45 47 42 46 50 45 46 51 53 58 63 77 92 134 160 169 125 118 131 133 100 73 56 59 58 60 52
44 42 44 45 46 45 50 48 51 59 61 79 109 173 177 157 130 117 128 115 98 72 56 57 58 60 55
42 44 50 44 44 45 45 46 48 49 50 51 59 101 120 120 119 113 119 106 65 53 51 49 52 54 49
49 48 49 50 53 56 61 75 86 79 82 103 107 158 122 128 116 104 109 104 83 56 54 51 51 54 57
47 51 46 46 50 53 60 77 88 78 81 87 103 119 93 101 95 97 98 97 84 55 53 49 52 50 51
44 44 46 44 47 46 45 47 51 50 53 63 69 94 86 87 87 94 103 78 85 54 51 48 53 51 51
44 44 44 44 46 45 45 46 49 47 46 47 50 56 55 50 59 69 78 65 55 47 47 46 46 48 51
48 50 47 50 55 63 56 77 78 78 78 80 78 87 82 76 94 88 92 101 68 54 52 48 52 56 62
44 45 46 46 48 52 52 69 79 73 80 83 86 84 84 77 91 93 101 117 76 63 54 49 58 76 126
43 44 45 44 45 44 45 51 48 47 50 51 56 60 63 59 73 87 105 97 68 60 52 49 59 108 193
44 44 46 43 45 55 47 49 48 49 52 55 58 62 60 56 65 74 98 72 59 50 48 46 47 63 98
49 47 49 53 51 75 76 101 95 117 119 136 133 115 93 85 107 110 133 140 88 64 60 54 63 176 227
45 47 49 48 49 49 50 55 52 65 76 86 108 98 96 91 121 125 156 150 105 72 62 59 90 298 331
45 45 47 46 52 46 47 48 49 47 52 60 59 59 63 68 97 116 153 157 98 68 63 58 139 250 245
49 46 46 46 48 48 57 52 56 58 60 70 80 87 93 77 117 124 158 139 114 74 63 62 157 140 99
56 54 53 52 52 52 59 62 72 81 103 130 154 155 156 134 188 197 218 242 216 122 89 108 353 283 100
68 48 49 49 53 51 57 59 59 61 66 80 98 105 112 110 166 175 209 231 295 219 123 236 456 348 119
51 48 47 46 47 48 48 51 52 54 58 64 65 69 71 71 89 101 134 169 229 206 149 200 264 265 78
51 49 49 47 50 54 58 70 80 87 102 133 151 134 132 124 142 188 245 307 316 423 427 313 299 225 80
51 51 45 49 57 55 58 70 89 97 118 150 157 148 149 129 139 212 274 324 329 563 479 372 345 242 87
48 49 49 48 47 51 56 58 59 59 64 76 79 85 90 93 103 174 231 308 334 438 494 355 235 127 67
49 47 53 46 46 51 51 54 59 56 62 76 68 67 67 67 77 88 117 223 321 368 366 139 96 80 62
64 62 63 54 59 79 87 92 104 98 103 121 104 106 90 80 93 110 200 372 348 421 353 128 104 93 70
46 46 46 47 47 46 50 51 51 51 50 56 61 56 56 59 57 72 103 172 138 155 105 69 69 60 51
44 44 44 44 46 44 44 42 44 44 45 46 44 46 52 48 48 49 54 60 57 55 51 47 52 48 44
44 44 42 44 44 44 48 45 46 46 44 45 47 48 51 56 61 61 59 57 53 50 49 47 47 51 46
53 49 45 45 48 49 51 52 54 53 53 55 56 67 81 100 110 120 113 89 78 72 61 53 60 61 51
47 51 45 45 52 48 49 57 55 54 56 58 64 74 91 113 143 167 130 120 85 89 73 63 59 62 53
47 51 45 42 46 51 47 46 46 47 48 50 51 53 59 78 104 130 98 81 66 63 58 51 51 55 48
45 49 49 44 52 54 56 52 48 47 50 57 54 59 73 103 147 164 118 77 73 64 56 51 52 54 52
47 59 58 58 63 62 74 70 61 63 68 76 72 91 123 244 275 324 180 129 115 105 91 65 65 68 69
45 46 46 46 51 53 54 57 59 60 62 66 62 78 99 168 225 201 113 116 102 102 84 68 64 61 64
