44 43 42 43 45 43 44 41 44 49 48 42 44 44 46 44 43 48 46 45 44 42 44 43 44 45 42
44 42 44 39 44 50 44 44 46 63 91 50 46 49 51 48 47 47 60 45 44 44 42 44 49 44 43
46 47 46 45 45 46 46 49 58 160 419 60 52 52 54 54 54 90 197 52 44 45 50 45 44 44 44
43 43 44 44 45 44 42 48 63 94 140 54 50 48 49 48 51 126 298 61 50 45 46 50 45 43 44
43 44 42 43 45 44 44 44 44 53 59 46 45 44 44 44 44 50 82 50 47 43 44 49 44 42 43
42 44 43 43 45 43 44 41 45 56 47 43 44 43 44 44 43 44 54 45 46 49 44 42 42 42 43
43 38 43 49 44 42 43 46 48 62 46 44 45 46 45 45 43 44 53 47 45 48 44 42 43 42 44
43 38 44 49 46 42 44 47 53 68 46 45 47 45 46 46 42 46 78 69 43 43 49 44 42 43 43
43 49 45 42 45 42 43 45 49 51 46 45 45 44 45 43 44 45 103 71 46 44 42 44 49 44 43
42 45 44 42 44 43 44 47 74 67 50 45 44 44 44 44 46 46 58 57 44 44 44 43 43 48 44
42 44 47 44 43 44 46 87 178 175 54 54 49 48 49 50 52 58 126 127 48 45 46 42 44 50 44
45 45 47 45 44 45 46 67 152 142 62 61 53 51 52 53 61 130 308 294 57 45 47 48 45 45 44
44 43 45 44 45 46 46 56 76 64 51 49 49 48 46 49 51 105 219 188 49 44 47 44 44 47 45
43 42 45 44 45 50 49 160 224 145 63 51 50 50 49 52 51 72 112 85 48 45 45 44 48 44 46
44 44 45 49 46 46 52 112 196 171 87 58 53 55 61 60 80 195 298 209 52 50 47 44 45 45 45
43 41 44 49 45 44 46 49 63 61 51 49 46 48 52 50 57 105 208 174 50 45 44 49 44 44 44
43 44 43 45 46 45 46 45 47 45 45 44 44 41 44 49 43 45 51 47 46 44 44 43 42 43 44
44 43 44 44 49 44 45 46 59 49 46 45 45 43 46 48 44 48 56 50 47 44 44 42 43 44 44
43 43 44 44 44 46 45 47 55 49 46 45 46 45 43 45 47 65 70 48 54 43 44 44 44 44 44
42 47 43 43 44 44 44 45 51 51 45 43 44 44 44 44 43 51 49 43 47 43 43 44 43 44 44
43 43 47 42 43 44 45 70 104 76 58 47 46 45 46 47 45 59 59 46 46 44 44 43 44 46 44
45 45 44 45 46 46 48 91 164 199 114 64 57 57 61 73 116 151 123 65 52 46 50 46 46 45 45
43 44 45 46 46 46 45 61 97 115 90 61 58 57 60 76 151 179 183 89 56 44 48 53 46 49 44
43 44 45 43 45 48 50 97 198 152 115 64 54 52 56 64 68 76 78 56 47 45 47 51 45 43 44
44 46 47 52 52 50 108 244 396 314 277 191 100 85 146 207 207 189 199 108 55 55 54 54 51 46 48
45 46 47 52 51 49 71 177 227 222 218 168 111 89 202 241 216 221 246 185 68 52 56 50 54 52 46
42 47 44 46 47 43 47 79 103 107 91 73 63 60 74 105 111 117 120 102 57 49 48 52 47 48 50
46 48 49 74 78 74 87 275 275 266 276 252 167 155 234 276 280 230 213 130 61 58 54 60 62 50 46
46 47 54 93 57 62 82 205 229 234 200 175 169 216 179 212 198 174 170 166 59 52 55 55 53 57 46
46 45 47 48 46 46 50 78 105 109 113 115 94 105 122 143 122 140 133 135 61 50 50 46 47 63 45
48 46 52 51 49 50 64 165 176 190 159 142 129 158 146 175 135 134 100 71 53 47 51 56 50 59 47
46 45 91 78 54 56 89 229 203 195 182 203 174 229 198 239 166 163 168 107 54 49 57 57 54 51 48
47 45 56 58 54 55 59 150 187 200 194 229 210 257 202 236 155 170 159 102 58 56 65 55 77 66 48
54 65 44 51 50 48 57 117 143 161 155 175 161 170 158 165 112 106 96 64 50 49 51 65 149 63 46
45 45 49 57 53 49 79 197 166 226 166 183 180 193 173 191 141 145 135 68 51 50 52 52 57 49 46
44 47 45 53 56 49 105 142 145 159 142 164 174 167 159 130 105 101 105 63 51 49 51 52 53 46 47
43 43 46 64 48 47 48 58 74 78 85 88 81 90 93 78 74 62 54 49 46 46 46 49 46 46 45
49 46 46 52 49 46 51 53 58 84 101 103 116 119 107 100 84 57 56 51 47 46 46 48 48 44 45
45 48 46 59 51 47 48 56 56 72 122 113 98 122 98 113 83 68 57 50 46 45 47 52 51 45 51
47 44 47 50 49 44 45 46 47 51 62 60 58 59 58 56 54 53 51 46 45 44 44 50 48 46 45
56 48 48 46 48 48 46 51 51 64 83 82 84 82 71 71 68 56 45 47 49 45 47 52 46 44 45
45 46 46 52 50 46 46 52 55 71 88 95 93 83 80 79 77 60 52 45 46 46 47 68 52 48 50
43 45 44 47 47 45 47 45 46 47 51 56 55 50 51 49 50 45 46 41 44 46 45 57 51 44 48
48 46 46 98 74 48 50 50 51 58 81 103 104 76 75 77 79 56 52 50 46 48 54 114 79 46 46
50 49 58 186 137 57 48 53 56 59 84 106 115 93 89 92 103 66 57 56 48 49 56 362 515 48 46
44 57 50 103 71 47 44 46 47 50 53 62 69 57 58 61 63 52 48 46 46 47 55 126 129 45 44
52 50 51 142 192 67 49 55 57 59 79 106 127 118 121 117 107 74 62 53 51 53 75 95 69 45 44
46 49 49 101 178 87 54 68 67 86 111 160 223 196 190 182 183 108 79 67 56 61 136 134 73 46 46
43 46 46 56 85 65 50 57 62 77 86 128 166 137 123 133 142 92 72 61 50 59 100 59 56 48 45
49 45 45 48 48 52 51 53 56 58 74 96 117 87 81 92 93 71 69 56 49 58 75 48 44 44 48
46 52 50 58 58 95 83 87 115 132 170 223 247 197 184 209 199 198 197 175 102 122 205 71 60 46 46
45 46 50 56 62 72 79 104 150 157 224 291 269 220 199 229 209 268 260 217 148 188 157 66 61 52 46
43 45 43 47 46 47 55 58 65 69 85 124 126 109 95 110 101 117 88 93 66 65 80 49 53 46 44
44 43 47 56 52 51 65 91 100 116 147 199 172 156 134 146 156 144 116 124 91 74 62 51 51 46 45
46 47 48 57 60 53 65 101 127 175 241 281 240 197 183 194 208 209 202 195 106 68 61 56 56 46 47
44 45 43 48 54 47 49 59 65 72 99 123 125 115 110 135 135 101 92 89 53 47 50 47 48 46 44
43 43 44 41 46 50 45 44 46 46 50 53 53 57 57 61 53 51 50 48 43 43 45 44 44 43 44
42 49 46 46 48 44 47 58 58 59 69 72 76 116 108 104 88 74 62 54 47 46 48 47 43 44 49
44 53 51 49 51 50 55 69 79 78 87 103 118 167 167 145 114 94 79 70 55 50 53 49 48 45 42
43 53 47 45 48 52 50 61 62 60 66 78 85 100 113 96 79 72 57 54 57 51 49 47 45 44 46
42 50 46 46 45 47 53 51 50 53 54 59 62 64 70 66 64 60 55 47 50 47 46 45 44 44 45
44 67 61 57 59 62 75 79 71 76 91 109 95 101 113 131 121 115 81 65 53 55 55 48 48 46 47
42 72 79 74 74 83 86 95 91 101 118 147 117 127 137 173 132 117 81 72 62 59 61 50 50 46 54
43 48 47 51 57 60 61 65 63 78 80 102 77 82 86 96 86 73 59 63 55 55 49 46 46 48 50
