47 43 42 43 44 43 53 50 45 45 44 47 45 44 45 44 43 50 50 46 48 42 44 47 44 43 44
43 42 44 44 43 43 49 100 57 48 46 51 46 44 46 46 46 50 74 73 78 44 44 42 43 43 43
44 44 43 44 44 43 46 54 69 142 69 52 49 48 50 50 50 66 261 130 59 45 42 44 49 45 44
44 44 47 46 44 44 46 55 98 404 255 59 53 50 51 53 55 106 268 69 49 46 46 46 48 45 43
43 42 44 43 44 44 44 52 95 79 91 60 51 48 47 48 51 84 101 74 48 47 45 42 44 48 44
42 43 44 44 44 42 44 46 62 52 52 47 50 45 43 44 43 52 65 75 46 47 48 44 42 43 43
42 42 41 44 48 44 42 46 69 59 47 44 45 49 45 44 42 45 60 68 45 42 44 48 44 42 43
43 40 44 45 45 46 44 61 187 126 48 48 48 44 46 52 44 49 94 102 48 44 44 47 44 43 43
43 44 48 45 44 44 45 64 243 153 55 55 52 48 49 50 51 61 266 342 57 46 46 46 45 45 48
43 41 44 49 45 43 46 53 76 61 48 46 47 51 46 45 46 53 204 237 51 45 45 44 42 44 48
42 48 44 44 44 44 49 86 127 80 44 46 51 46 44 45 42 50 99 119 45 43 46 44 44 41 44
42 44 47 45 47 50 52 131 145 125 50 49 49 47 53 49 51 81 162 190 58 45 44 45 49 44 43
43 42 42 44 42 46 50 97 112 95 48 47 48 46 47 50 53 109 161 163 66 45 48 42 44 50 45
43 47 44 44 45 42 44 88 109 64 48 46 46 46 46 46 44 80 116 135 56 44 45 41 44 49 44
44 44 42 45 51 45 50 306 297 189 69 52 53 53 51 54 52 119 177 127 60 46 46 44 46 45 44
44 45 47 44 47 50 48 172 266 199 70 58 56 55 55 58 74 239 356 342 79 55 49 48 47 48 45
46 44 43 44 44 44 45 51 74 59 48 47 47 45 46 47 48 86 175 155 53 51 45 44 46 44 45
44 48 44 42 44 43 45 55 70 50 46 44 46 44 43 44 43 50 58 61 44 45 44 44 44 44 42
42 44 44 44 42 44 51 52 68 56 48 44 46 44 47 47 45 62 72 58 44 44 43 43 44 43 44
42 43 44 44 43 43 46 48 57 49 46 49 46 43 45 44 46 70 69 56 45 45 46 44 42 43 45
42 44 42 44 44 43 44 46 49 55 45 44 45 43 44 44 45 56 49 49 45 42 43 42 43 44 43
41 43 43 44 45 45 46 54 71 59 50 44 45 45 46 45 48 61 57 46 46 44 45 44 44 43 44
42 43 45 45 45 43 46 58 95 114 64 51 49 50 51 57 87 112 119 56 50 45 50 46 46 44 42
43 42 44 44 44 44 44 50 66 70 54 53 46 46 47 53 77 95 75 56 46 44 46 45 45 43 45
43 42 45 44 45 44 46 64 126 103 89 53 48 48 51 71 74 72 66 53 50 45 47 45 43 44 44
43 45 47 46 47 46 46 78 114 102 96 57 55 59 66 99 87 85 87 56 49 47 46 49 47 44 43
43 44 45 46 44 45 49 60 79 77 76 53 49 48 57 83 81 77 87 62 50 53 46 52 45 43 44
42 44 44 43 41 44 50 52 57 60 50 48 47 45 47 62 59 68 74 44 45 54 47 45 44 43 43
42 43 46 46 46 45 46 90 138 143 126 78 58 60 69 99 105 84 79 53 46 47 47 48 45 46 47
44 51 47 47 46 45 48 95 127 132 125 108 90 79 98 123 121 113 102 70 46 47 48 48 49 44 45
45 47 54 48 46 46 47 60 94 145 128 110 93 92 99 137 138 119 96 64 48 47 47 51 54 47 43
45 44 45 47 44 45 60 102 105 100 104 103 93 113 96 133 95 83 71 58 47 49 48 45 49 52 44
43 49 48 48 47 43 58 94 96 113 103 114 100 107 100 120 80 93 80 63 48 49 48 46 49 51 47
43 52 54 50 50 45 68 113 103 128 120 127 106 110 110 125 84 92 86 62 47 48 48 51 48 60 49
46 47 55 47 48 51 57 124 125 141 147 134 118 142 124 156 91 95 83 62 49 47 48 51 51 51 43
44 46 52 58 49 49 67 115 137 136 156 204 167 198 196 149 115 104 86 62 53 50 49 53 54 49 45
44 48 50 52 49 47 59 116 121 148 138 145 143 176 146 135 115 115 96 64 49 49 46 54 57 49 44
46 46 51 51 47 46 49 79 83 134 137 147 142 178 144 135 128 96 68 57 46 48 55 55 53 50 45
42 43 42 45 48 44 46 48 48 58 69 81 73 69 63 68 55 55 47 46 47 45 44 45 46 46 44
46 47 45 48 47 46 48 51 62 81 71 74 68 72 62 62 63 68 60 50 46 43 44 48 52 48 42
44 44 55 58 50 47 50 63 84 90 82 75 77 80 67 67 65 65 62 52 48 44 46 64 82 66 44
42 44 51 53 47 44 46 56 63 94 87 81 82 76 68 68 65 64 56 49 45 45 50 58 91 72 44
44 43 60 63 47 46 45 49 57 67 91 85 103 79 82 81 83 64 53 47 46 46 46 54 62 56 44
61 51 256 244 60 52 54 61 65 97 138 185 207 161 121 133 133 96 78 59 51 50 52 182 215 112 47
56 58 383 339 84 63 52 61 70 95 145 206 245 182 151 152 187 129 89 67 52 52 57 546 577 295 50
46 47 130 153 50 52 46 51 54 64 84 125 150 104 101 111 113 86 65 51 48 51 50 115 148 83 46
53 56 136 168 77 47 47 52 55 82 98 102 111 99 99 103 104 94 90 53 47 48 58 84 91 56 46
47 61 98 154 133 53 51 55 65 85 108 111 123 104 110 106 103 104 97 64 48 50 90 114 106 53 47
44 51 58 88 111 63 49 54 71 90 106 102 108 87 84 100 95 99 103 80 47 57 108 98 97 49 45
44 46 52 60 57 51 58 54 62 77 96 119 171 124 106 122 137 108 101 88 51 52 66 66 55 50 45
46 50 72 68 75 109 85 107 150 190 255 300 334 273 249 296 284 281 340 260 121 106 170 87 70 58 46
48 52 66 70 79 86 99 158 192 231 341 348 335 303 283 295 256 327 394 298 197 238 202 89 72 60 47
46 46 55 57 56 58 61 84 96 98 140 189 197 167 156 186 179 202 177 155 104 119 95 59 58 52 47
44 45 49 47 47 48 53 70 72 74 86 123 106 93 82 101 101 79 68 69 55 55 51 49 49 46 43
45 44 56 61 52 59 66 91 106 127 158 216 183 174 156 168 167 124 108 114 82 54 52 55 56 50 45
44 46 49 50 54 48 52 58 63 72 91 114 117 106 116 129 113 81 70 59 50 47 47 49 50 46 44
43 44 43 45 52 45 44 46 46 48 51 58 57 59 63 66 63 54 48 46 44 43 45 45 45 42 44
43 49 47 45 47 46 46 44 48 55 53 56 56 68 68 66 62 53 50 47 46 44 45 46 45 42 44
43 68 49 51 51 50 57 53 61 67 69 77 85 119 119 104 82 75 63 52 49 46 47 48 47 46 42
43 56 50 53 49 46 56 71 67 68 72 87 105 119 121 111 100 88 68 54 51 46 48 55 49 45 44
42 51 48 46 46 44 48 56 52 51 56 64 70 74 79 81 79 74 58 51 47 47 52 47 45 45 43
44 46 52 48 50 51 53 55 59 57 62 75 72 76 90 101 93 81 71 54 51 50 42 47 54 46 44
56 67 77 69 71 74 76 85 84 86 98 123 106 122 140 189 157 131 76 69 67 55 54 52 52 47 49
51 50 61 61 60 69 72 70 67 76 81 109 85 104 110 138 136 100 68 70 62 59 56 49 48 47 53
