50 44 43 43 43 43 44 44 43 41 44 43 44 44 45 43 43 45 45 44 52 85 73 61 59 55 46
44 40 43 44 44 46 44 42 43 43 44 44 42 44 49 44 43 43 43 45 50 81 110 83 62 50 45
45 42 44 47 44 42 43 43 43 44 43 43 48 44 44 43 42 42 44 41 44 48 69 65 42 45 53
43 44 44 46 44 42 44 43 43 44 42 44 50 44 43 44 40 45 45 45 52 61 211 114 46 54 84
43 44 42 44 48 44 43 44 43 44 45 42 44 48 44 43 44 45 44 50 67 64 163 56 46 150 361
42 43 44 43 47 44 42 43 43 43 44 41 45 49 44 42 45 45 47 48 48 47 55 45 45 63 117
42 46 43 43 44 43 44 44 44 45 44 42 44 43 44 44 43 50 49 65 57 44 45 44 44 44 62
43 46 44 44 44 41 45 49 44 43 44 44 45 45 43 45 47 51 95 215 84 47 48 44 42 56 88
43 44 45 42 45 49 45 44 44 44 45 45 45 44 47 47 49 51 146 224 60 46 51 45 47 108 124
43 44 44 41 44 49 44 42 43 43 44 44 44 44 47 46 48 51 102 63 50 44 43 45 44 58 59
42 46 44 44 42 44 50 45 44 45 45 45 46 46 47 56 98 165 236 71 45 50 45 45 52 60 58
44 47 46 46 43 46 51 47 46 48 48 49 49 48 51 66 241 309 382 117 46 46 46 66 173 229 55
43 44 44 44 44 44 45 45 46 44 46 49 46 45 45 55 124 189 155 62 46 45 48 96 230 217 76
42 43 45 44 44 44 43 44 45 45 46 44 46 48 46 70 154 150 68 56 45 43 49 58 79 114 60
42 44 43 44 45 44 46 43 46 51 48 46 47 47 51 139 268 189 64 50 46 46 117 209 145 87 44
43 48 45 44 43 44 44 44 44 47 45 44 45 44 46 58 78 58 49 47 44 51 202 287 227 117 46
43 42 43 43 44 44 43 44 46 44 44 44 43 43 45 47 51 47 45 44 47 44 76 140 100 59 47
46 44 44 44 44 44 44 44 43 44 47 45 44 45 45 47 47 45 45 44 46 44 70 95 49 46 44
45 43 42 43 44 43 44 43 44 47 45 44 46 53 56 45 47 44 48 45 56 61 93 96 51 45 47
43 40 44 45 44 43 44 44 44 43 44 44 46 50 67 50 43 44 45 42 50 53 51 51 44 42 44
43 39 44 48 45 45 45 43 44 44 45 45 46 53 63 47 42 44 44 45 48 48 49 46 45 43 44
43 46 45 46 45 45 46 48 48 51 50 58 88 97 84 53 51 46 50 53 79 74 46 48 44 44 46
43 49 46 44 46 44 46 47 49 51 57 79 83 79 59 48 46 54 62 79 131 107 47 46 44 43 44
40 46 52 46 45 46 45 47 49 67 83 76 76 59 49 48 47 50 58 61 96 63 45 44 43 45 44
42 63 52 54 51 50 51 54 64 85 121 156 133 95 62 60 65 97 118 77 84 73 45 42 45 49 45
47 53 56 67 55 50 55 63 63 95 135 137 121 98 77 76 145 158 182 124 81 90 46 45 46 46 46
43 47 46 48 47 46 49 56 64 97 96 89 62 57 59 60 76 66 83 60 71 66 45 44 42 45 47
46 48 53 47 53 58 64 76 103 160 137 126 78 90 66 78 98 106 87 50 63 48 44 43 45 44 45
49 50 54 54 61 63 80 106 140 149 142 121 85 115 107 168 142 134 109 92 57 48 44 46 46 47 46
47 49 50 52 54 54 74 119 105 107 140 113 110 149 127 134 123 103 85 67 49 46 50 46 43 46 50
81 95 90 113 133 145 177 228 251 287 4066 249 230 212 145 148 117 107 97 84 72 61 53 49 51 52 48
50 55 47 55 63 60 69 131 135 176 180 164 195 189 159 197 114 103 63 51 49 47 45 46 46 46 46
51 59 52 58 63 66 144 161 175 199 170 193 183 268 200 199 140 142 94 57 50 46 46 46 48 53 43
51 57 56 57 62 66 119 172 163 191 181 233 216 227 182 184 125 108 65 54 52 47 45 46 47 66 49
46 48 48 51 53 51 60 82 111 130 120 152 147 187 138 113 64 52 46 47 45 46 49 44 44 47 44
46 47 47 51 55 54 61 74 80 124 136 159 143 168 138 103 84 62 49 44 47 44 44 49 45 45 44
48 53 48 51 56 61 75 102 92 95 104 120 114 150 114 92 62 50 47 44 46 42 44 49 49 44 44
46 50 46 49 52 55 66 87 96 104 90 87 90 83 70 53 46 47 47 43 46 49 44 44 45 43 44
44 46 46 47 49 49 56 66 66 69 69 83 85 75 66 50 48 45 44 44 45 44 44 43 44 46 44
47 57 55 55 59 72 106 145 143 128 107 122 118 100 72 60 48 52 49 46 46 44 44 44 44 44 46
52 58 59 63 72 117 162 215 206 163 138 143 156 104 70 57 51 50 53 49 49 47 44 45 47 45 45
54 63 56 59 66 88 127 192 212 166 150 132 145 92 59 54 50 50 50 53 47 46 45 44 44 47 45
70 57 59 61 70 103 136 172 159 128 138 116 129 75 56 53 50 51 49 54 46 46 45 43 44 48 45
102 87 85 94 140 224 252 264 222 195 179 181 160 92 60 58 52 53 55 65 77 52 46 46 45 47 46
112 147 108 167 202 251 236 270 228 193 173 167 142 77 61 58 52 54 68 108 121 56 46 48 46 46 50
62 119 93 117 133 142 163 191 167 139 133 136 95 71 52 55 50 50 64 88 75 47 44 44 46 45 50
248 159 179 306 358 302 287 279 247 189 195 136 104 74 63 61 57 57 85 78 55 47 46 46 46 46 47
157 287 298 419 389 344 311 337 271 227 228 199 139 90 68 67 67 96 169 223 60 50 46 47 47 48 48
70 132 103 148 232 233 239 276 254 204 226 206 154 87 64 65 70 82 81 62 52 48 48 46 44 46 46
54 79 76 89 124 121 125 128 119 97 107 95 79 56 53 58 55 52 49 49 48 46 44 42 43 44 44
88 98 127 162 199 223 223 231 211 178 165 173 150 85 71 80 66 55 55 55 53 47 45 44 45 46 46
74 74 72 136 160 183 228 215 203 191 179 181 160 108 96 89 57 59 55 54 51 46 45 45 45 46 44
61 62 63 62 74 89 120 134 129 116 112 117 99 76 62 56 45 48 48 48 48 45 44 42 44 45 44
50 48 54 51 56 62 79 88 73 64 58 59 55 50 45 46 43 44 42 45 43 44 48 44 42 44 43
68 61 65 81 80 105 103 91 92 70 64 65 56 51 49 46 45 45 46 44 46 45 44 43 44 44 44
60 59 67 83 99 128 106 85 85 63 58 58 54 50 48 45 47 45 49 43 46 43 44 48 44 42 44
49 52 58 59 86 94 78 56 54 57 50 47 48 45 45 45 44 44 45 42 45 50 44 42 43 44 44
69 94 100 92 98 88 78 67 59 54 52 54 50 46 46 44 44 44 46 43 45 48 44 42 43 43 44
189 206 185 170 150 138 135 111 87 72 67 65 61 54 50 50 47 49 49 52 45 48 51 45 43 44 44
127 157 123 125 116 109 103 96 79 63 62 66 56 51 49 49 46 54 55 50 48 48 47 48 49 44 44
75 94 78 81 74 68 66 59 53 50 55 49 47 46 44 45 47 50 47 50 44 44 47 43 44 48 44
101 119 118 101 94 75 76 67 57 53 51 53 56 47 45 46 46 46 48 51 45 45 45 42 44 49 45
209 207 170 148 110 104 101 90 74 64 67 66 58 51 51 57 51 59 53 53 54 50 52 48 45 45 46
68 80 76 84 72 72 66 63 59 55 51 51 51 48 50 54 48 50 50 55 55 56 47 44 44 46 45
