46 43 43 43 44 44 46 46 46 49 53 54 51 47 45 45 48 84 137 62 50 45 43 44 43 44 45
44 43 50 44 43 44 44 44 45 48 50 61 48 50 46 47 96 245 108 46 46 51 45 43 44 43 45
50 44 43 43 43 43 44 44 44 42 54 116 50 47 47 56 65 55 47 42 45 42 44 48 44 43 44
45 44 44 44 46 46 46 46 47 54 105 996 237 73 87 193 95 61 61 53 50 50 47 46 50 47 49
43 46 44 43 45 44 45 46 45 47 69 368 176 72 62 115 193 58 53 49 50 47 46 46 46 44 45
42 43 44 42 44 46 44 44 44 42 49 65 57 56 44 47 63 55 45 46 45 42 43 43 43 44 41
42 46 44 42 43 43 44 44 41 44 51 57 49 45 44 44 47 46 44 44 44 44 42 43 46 44 44
42 43 40 44 49 44 44 44 44 46 64 156 60 49 51 59 102 71 48 45 50 43 45 47 44 44 44
43 44 47 44 46 44 43 44 45 46 61 103 50 53 51 69 214 155 62 50 48 46 46 44 44 45 46
40 43 48 44 44 43 42 43 43 44 47 46 45 48 45 44 63 62 48 45 45 42 43 43 43 44 41
42 42 44 46 45 45 44 43 43 45 64 65 43 45 50 50 95 100 54 46 48 45 45 43 44 44 45
43 42 45 49 45 45 45 45 46 48 111 118 51 49 53 83 159 193 157 60 49 48 48 46 43 46 52
44 42 48 43 45 45 43 46 51 46 56 59 48 47 49 69 154 202 156 57 47 47 47 44 46 47 47
44 43 45 43 44 43 41 43 49 44 49 49 46 44 45 46 73 78 57 46 43 43 44 43 44 40 44
43 44 45 45 43 45 51 46 46 51 124 117 74 51 56 100 223 266 132 52 51 56 48 45 46 46 48
43 44 44 44 46 46 44 48 52 49 75 96 64 53 58 99 337 293 217 71 57 56 50 46 48 49 50
42 43 46 44 44 42 44 48 44 43 46 48 46 45 43 48 73 103 69 53 45 45 49 44 42 43 44
44 44 44 43 44 44 44 41 43 48 46 44 45 44 44 45 50 65 47 50 45 44 47 44 42 43 43
42 43 43 44 44 44 43 44 48 45 45 46 47 45 50 47 65 84 65 57 50 49 43 43 43 44 45
43 43 49 44 44 44 44 43 44 45 44 44 49 45 45 45 49 65 66 51 49 46 43 43 43 43 45
44 43 48 44 42 43 43 43 44 43 44 47 44 43 44 43 44 47 50 43 46 48 44 42 43 43 43
47 44 42 44 44 43 45 45 44 44 46 45 46 46 46 50 53 81 71 49 47 43 46 49 44 44 44
42 44 43 43 45 44 46 44 46 52 50 49 50 50 49 64 95 170 172 71 59 50 47 46 52 47 46
43 44 44 42 44 44 44 45 43 45 45 46 46 47 46 49 63 92 94 52 47 46 45 44 48 45 45
43 46 44 42 44 44 44 46 45 46 51 48 48 48 47 72 99 97 108 70 51 48 47 45 47 46 45
42 44 42 44 46 45 50 48 46 49 53 55 53 54 61 110 129 116 151 107 63 59 54 47 46 47 47
43 45 40 44 51 45 45 46 46 47 50 51 51 52 56 89 117 110 134 123 89 64 50 52 47 47 48
41 44 50 44 44 45 45 47 48 51 51 51 54 61 52 82 108 105 128 93 64 64 46 45 47 47 47
41 44 57 45 46 49 58 71 81 78 86 81 79 84 77 151 163 143 161 118 62 60 51 50 49 48 50
42 46 45 45 48 57 56 70 73 78 87 87 87 101 114 140 141 136 162 145 76 61 53 46 49 51 51
44 43 45 50 46 46 48 51 53 62 69 77 84 114 103 157 132 126 132 126 61 58 51 47 46 49 53
46 46 47 45 48 50 57 78 87 99 92 100 101 127 119 143 115 120 105 98 57 55 50 46 48 50 48
45 46 48 46 48 49 60 80 104 116 103 111 109 134 117 163 110 116 110 95 57 56 52 47 49 48 50
44 47 45 45 47 47 57 69 78 105 107 128 118 130 126 149 112 120 108 93 56 54 51 47 50 50 50
44 45 44 46 50 46 51 60 65 80 100 126 128 144 135 162 110 127 113 98 57 56 53 46 48 50 51
43 44 46 49 50 53 68 74 84 111 117 157 155 165 150 132 116 124 109 96 62 57 56 48 50 51 52
43 46 45 49 53 54 67 70 72 90 105 111 118 158 133 120 119 114 105 109 72 57 56 48 48 50 51
43 44 46 45 49 51 55 59 61 66 70 93 99 104 91 107 102 113 99 68 66 53 48 45 47 49 50
44 44 45 48 48 47 55 61 56 56 61 62 60 63 55 63 61 72 71 63 52 47 44 44 49 46 45
47 46 48 54 54 57 64 72 68 74 76 79 78 70 63 83 76 73 82 88 65 53 49 43 47 53 49
45 45 51 60 59 66 60 78 74 71 79 78 79 70 71 77 81 72 84 92 69 60 50 50 48 46 48
42 44 44 45 48 52 53 58 64 66 63 62 68 62 61 76 74 77 85 89 59 54 46 46 51 49 46
43 43 46 45 50 55 55 62 62 59 67 69 68 57 65 73 92 93 93 79 54 54 46 46 52 48 47
47 48 55 57 62 74 85 104 87 102 101 108 99 91 77 112 128 131 157 147 71 69 61 50 52 54 66
44 46 46 59 67 76 78 85 77 88 89 99 109 89 88 134 166 155 183 171 91 87 63 51 58 60 226
44 45 42 47 54 50 51 57 57 59 65 74 74 70 84 90 127 140 149 135 84 69 57 54 56 62 350
42 45 54 58 70 67 68 73 69 70 77 88 86 87 94 108 112 120 136 152 125 72 63 47 59 80 101
49 50 52 64 81 84 85 99 85 82 98 110 115 117 107 129 140 140 150 178 181 110 70 56 132 206 144
45 47 47 53 70 69 72 84 78 85 92 104 125 98 86 123 134 128 162 174 219 204 83 67 286 303 193
43 45 46 47 53 55 59 67 61 67 82 85 95 72 67 84 112 122 136 143 148 124 87 70 148 184 104
47 48 57 66 84 99 93 113 109 106 128 155 191 144 135 166 204 241 288 334 325 381 273 159 220 213 111
47 47 51 58 81 88 102 111 106 115 129 172 211 187 146 164 198 249 307 389 367 541 351 268 278 328 137
46 50 46 50 55 57 68 79 71 77 83 104 120 128 84 107 125 184 222 305 344 355 400 200 172 147 109
44 45 43 47 61 55 67 71 65 66 68 78 85 74 68 68 70 80 92 174 215 245 234 88 77 76 58
46 54 51 58 72 88 91 87 82 81 88 119 113 110 84 89 108 131 170 373 320 361 263 109 77 83 66
44 45 49 46 51 59 57 59 58 56 59 70 70 80 66 74 86 98 134 194 161 165 110 60 57 59 55
42 44 44 46 44 47 54 52 51 48 46 49 52 55 52 56 54 64 73 77 63 60 55 47 47 49 46
44 45 45 44 47 46 46 47 44 47 52 53 50 54 57 71 67 75 81 66 55 52 48 48 46 46 46
57 58 51 49 51 49 54 54 54 51 56 64 64 72 90 118 121 122 120 93 71 72 61 49 52 51 51
46 50 47 47 50 49 54 57 57 56 63 63 68 78 99 126 149 162 130 97 76 85 67 56 54 51 53
42 46 44 44 47 47 49 51 50 53 54 56 57 61 69 93 132 150 109 76 68 70 58 51 52 50 48
43 46 47 46 50 48 52 55 51 53 57 64 61 61 76 127 166 176 127 78 69 68 59 49 52 52 54
45 52 55 57 63 63 67 69 63 64 75 78 71 87 115 236 257 281 161 120 100 102 84 54 56 58 64
43 46 45 51 55 56 58 56 54 64 62 68 63 74 100 148 195 180 102 101 88 93 71 54 50 55 66
