47 44 44 43 42 44 50 44 43 88 90 47 46 43 45 50 43 43 43 43 44 43 44 42 43 47 44
44 42 43 44 44 43 45 45 45 55 124 67 46 44 44 46 43 40 44 49 45 42 43 42 42 44 44
44 43 43 43 44 44 44 40 44 49 49 44 46 47 45 45 43 42 47 43 44 47 44 42 42 43 44
44 42 44 49 46 45 46 45 46 47 50 71 150 128 84 132 45 44 45 44 46 44 42 43 43 44 45
47 47 46 46 51 49 53 54 53 56 58 229 264 248 200 469 62 48 47 45 46 45 45 45 43 45 45
43 44 42 44 49 45 45 45 44 47 48 124 58 55 50 91 54 44 44 43 43 43 44 43 44 41 44
42 45 42 42 44 43 44 42 43 49 49 49 44 43 44 44 42 46 44 44 44 42 43 44 43 43 44
43 47 43 44 46 46 46 45 46 51 94 138 52 52 51 47 47 49 47 42 44 42 43 44 43 43 45
44 45 45 44 46 44 47 53 50 58 204 133 59 51 53 54 48 47 47 47 44 44 49 44 42 43 44
44 44 43 43 45 44 44 42 45 51 74 62 46 45 45 44 45 46 41 45 44 43 46 44 42 43 43
43 43 44 44 45 45 44 47 50 58 120 63 46 45 45 42 46 44 44 41 44 42 44 48 43 42 44
47 48 46 44 48 51 53 57 54 204 322 148 58 61 55 51 48 49 49 49 50 45 43 43 43 44 45
46 45 50 46 45 47 50 52 53 149 187 113 61 63 63 54 50 58 46 57 45 49 44 43 43 43 44
44 42 44 43 45 44 45 45 47 66 67 51 47 55 62 53 51 45 53 46 46 46 44 42 43 43 44
49 46 44 45 46 48 51 54 94 127 115 90 81 107 125 90 94 66 61 45 46 46 43 44 47 44 45
48 52 46 45 49 51 56 67 119 142 122 99 92 134 151 137 172 135 114 54 56 66 42 51 50 46 44
44 44 45 43 44 45 47 47 48 71 69 51 50 61 73 79 83 76 64 47 46 48 47 43 43 49 46
46 44 45 44 43 43 45 46 51 62 48 45 50 47 50 53 53 45 44 47 44 43 44 40 43 49 44
49 46 44 44 44 46 49 56 66 76 54 58 57 82 104 111 104 65 57 51 46 42 45 49 44 44 44
42 41 44 42 44 50 46 46 54 49 46 46 46 53 74 68 67 64 54 48 45 44 44 51 44 45 43
44 40 44 41 44 50 45 43 46 44 44 44 44 45 48 46 44 43 44 44 44 43 41 44 49 44 42
44 42 45 50 46 45 51 58 78 83 50 50 48 60 64 63 53 58 50 45 44 45 44 44 45 44 45
47 44 46 51 48 49 55 86 114 106 66 62 59 79 107 101 78 84 80 76 51 55 49 46 47 44 46
43 44 42 44 50 47 49 55 64 59 53 49 48 48 52 54 48 48 53 50 45 44 45 48 42 43 44
48 48 43 48 54 54 60 110 136 111 80 58 53 56 62 54 54 48 48 47 44 44 45 45 44 42 44
55 58 49 51 56 63 110 192 223 182 137 98 90 126 177 163 127 82 76 73 56 54 47 48 46 47 46
49 53 46 46 50 51 77 124 140 114 84 63 62 71 100 119 84 78 71 71 68 66 56 50 43 48 52
47 51 47 46 49 62 101 107 116 102 63 58 54 54 50 52 48 47 43 46 46 45 47 46 44 44 44
52 54 51 47 54 97 137 134 139 113 86 85 72 82 81 80 64 56 47 48 49 45 46 45 43 46 45
51 51 48 48 52 97 115 115 97 94 84 79 76 92 82 97 87 78 65 58 49 47 47 44 44 45 45
49 50 47 47 51 55 85 115 116 111 104 72 68 65 61 62 55 53 53 50 46 45 44 44 45 45 45
59 64 54 52 57 72 130 197 193 192 160 146 110 100 84 76 57 52 50 49 46 48 46 44 46 50 46
64 66 54 54 64 76 130 199 206 213 212 217 178 180 145 131 95 80 66 57 48 50 47 45 46 46 46
62 60 52 55 60 66 118 175 185 209 183 192 176 161 131 112 85 84 72 58 49 49 49 48 46 49 47
51 51 48 48 50 56 82 118 115 109 93 140 101 93 70 65 54 49 49 46 46 45 44 46 48 47 43
53 52 50 49 54 65 123 128 119 124 105 120 101 122 95 88 73 58 49 51 47 46 46 42 45 50 48
55 51 47 47 52 60 76 95 92 88 89 87 95 102 83 84 77 68 61 56 50 48 49 44 46 48 47
54 48 45 46 48 54 62 79 80 65 71 84 86 84 76 76 65 56 56 49 50 44 59 55 48 47 50
51 47 47 45 51 56 77 115 105 93 79 76 83 64 57 59 48 47 48 46 46 43 47 52 44 46 47
75 57 51 50 59 89 117 166 143 135 119 122 128 112 94 79 67 52 51 49 47 46 43 46 50 47 44
95 68 53 57 61 83 122 172 167 137 130 128 130 128 106 95 91 72 73 67 56 54 51 57 49 50 52
60 58 48 48 53 57 73 125 124 104 102 88 93 77 63 60 50 52 49 53 47 49 46 47 53 46 47
116 67 49 48 55 56 75 128 116 93 100 80 74 59 54 52 44 47 46 47 43 44 45 44 47 42 44
298 126 57 53 62 70 129 174 146 127 131 132 131 100 83 74 67 56 56 54 49 50 50 46 46 51 47
217 154 54 55 63 75 156 195 157 141 142 140 141 107 97 92 88 74 77 71 59 72 55 70 48 48 48
116 99 52 52 57 69 121 170 142 116 112 105 85 77 63 59 55 52 51 50 47 49 51 48 55 46 54
339 254 81 62 86 150 289 287 243 223 186 159 136 109 89 75 63 57 54 51 49 49 48 49 47 46 46
265 323 138 79 138 260 299 328 266 254 243 263 231 230 185 160 129 90 66 65 58 55 51 53 48 51 47
119 145 92 76 135 200 225 283 239 249 221 201 177 138 116 107 83 68 61 54 52 51 50 49 52 47 46
66 134 120 92 141 154 138 118 108 114 99 89 85 65 59 59 52 47 49 42 46 51 46 45 49 44 45
94 243 198 199 224 215 192 210 188 163 153 160 160 113 98 94 70 60 58 56 49 49 49 48 47 48 46
79 161 266 299 271 246 228 220 191 178 170 182 163 135 120 126 96 90 77 68 55 52 56 60 49 58 46
64 71 88 142 184 198 185 168 153 142 134 142 114 101 78 77 60 57 51 53 54 50 52 53 56 53 49
65 74 81 196 352 382 290 159 144 144 106 110 93 80 67 65 63 57 51 50 49 47 49 47 48 49 44
88 88 76 99 319 532 397 227 172 230 196 199 155 124 103 99 85 67 59 63 56 50 51 48 48 58 47
57 60 57 53 72 106 123 114 95 83 92 104 93 88 92 100 97 72 66 59 53 49 48 47 45 47 45
54 48 47 46 50 58 70 74 66 59 56 56 53 49 49 50 46 46 47 48 45 47 52 48 44 46 44
55 46 48 49 52 60 74 80 72 66 63 56 50 49 49 48 51 45 45 45 43 44 46 45 46 42 44
64 65 65 62 85 94 122 128 130 115 93 84 69 62 60 56 51 53 49 48 47 47 47 45 48 48 42
63 68 64 63 72 96 121 133 135 118 97 80 74 68 63 58 56 52 54 50 47 49 46 46 43 47 48
56 55 51 50 53 61 77 87 76 67 60 59 57 52 48 48 46 51 50 46 43 44 45 46 44 43 44
55 60 82 65 71 87 102 109 85 79 76 71 57 56 57 55 53 51 56 48 44 46 46 44 44 43 45
102 110 119 105 114 117 144 150 135 119 124 118 77 72 68 74 62 72 58 53 51 48 49 42 45 50 47
56 66 62 65 78 86 104 108 89 98 95 93 63 62 60 64 59 58 50 57 50 47 47 42 44 50 51
