43 44 44 44 45 47 97 171 93 59 48 54 49 47 50 53 103 169 173 49 46 44 44 44 44 44 44
46 46 47 45 45 47 81 275 127 54 53 62 53 51 53 61 334 719 199 46 48 49 46 47 45 43 45
45 44 43 43 46 46 60 111 119 53 45 44 46 44 46 46 61 104 55 44 45 43 41 43 49 44 43
46 44 44 43 47 50 106 144 74 47 51 46 47 46 47 54 72 101 58 49 45 44 42 44 41 43 49
44 43 44 42 48 49 93 105 53 45 50 46 45 45 46 47 62 75 68 52 44 44 44 40 43 48 44
47 44 44 43 44 45 59 59 46 42 44 50 45 42 44 44 45 57 54 44 45 43 40 43 46 44 42
44 44 43 43 46 48 80 81 45 44 44 42 45 49 45 43 44 52 54 44 44 43 44 46 43 42 43
47 40 45 44 47 55 206 232 52 46 46 46 44 46 52 47 55 96 76 48 46 44 44 44 44 49 44
47 44 46 44 44 48 153 151 51 44 46 51 47 45 47 46 67 162 163 51 48 44 44 44 43 44 49
43 43 44 46 45 46 85 78 46 45 43 44 50 44 44 44 45 79 86 46 44 43 43 43 43 43 44
43 42 45 49 48 76 213 163 65 46 46 46 48 46 46 46 63 96 111 51 44 44 43 44 44 44 44
44 45 42 46 61 78 254 207 103 50 49 49 50 49 50 56 143 163 253 84 44 44 45 46 45 42 45
44 47 45 43 45 57 140 153 86 50 49 48 47 48 49 57 140 194 271 75 45 44 46 43 44 48 45
43 49 43 44 47 83 228 187 74 48 47 46 46 47 47 49 76 140 104 46 44 43 44 45 43 44 47
45 46 45 46 52 78 422 358 180 58 52 53 54 53 54 60 181 293 151 62 48 43 46 50 45 45 44
47 46 44 44 46 55 154 162 81 56 51 51 51 49 52 55 207 339 175 55 46 47 45 46 46 44 45
45 48 44 43 44 47 68 54 47 45 45 43 45 44 44 45 58 78 50 44 49 44 43 43 42 43 44
42 44 44 44 41 50 56 53 47 46 46 44 45 44 45 50 50 69 57 38 44 49 45 42 43 42 43
42 43 44 43 44 48 49 50 57 46 47 44 44 44 46 52 58 67 60 44 44 43 44 43 44 43 44
43 43 43 44 43 44 46 51 51 46 45 46 45 42 44 46 48 47 47 49 44 42 44 42 42 44 44
42 42 44 44 44 44 44 52 49 46 44 43 44 49 45 44 46 44 46 48 44 42 43 42 42 44 44
42 44 43 43 45 45 50 71 98 71 49 45 46 46 47 59 77 69 50 44 44 44 42 44 48 44 42
44 45 44 43 44 46 56 81 127 106 62 51 51 51 57 110 135 120 56 45 44 44 50 46 45 44 43
43 43 44 44 44 44 46 63 89 76 51 47 47 47 54 72 81 75 55 44 46 44 44 47 44 44 44
47 46 43 44 44 46 54 95 125 104 59 51 51 49 58 81 81 70 54 45 44 44 47 46 46 44 42
44 47 49 45 45 48 63 112 131 103 84 52 56 59 86 111 116 100 76 45 46 47 49 52 46 44 44
44 43 44 46 46 49 57 74 97 95 67 53 51 54 77 99 93 92 74 49 47 44 46 50 46 46 44
49 48 47 44 45 47 68 112 101 88 65 63 60 93 78 84 91 82 68 44 44 44 46 47 46 45 50
53 67 55 57 47 49 91 122 135 159 120 87 73 80 98 120 114 101 70 51 46 45 46 54 47 44 44
56 56 47 47 46 47 70 109 117 165 138 144 116 148 150 159 153 114 89 53 46 46 54 56 48 50 50
49 54 46 46 46 47 54 78 119 146 149 155 151 170 159 170 137 125 90 51 52 46 50 56 49 48 54
48 53 46 47 46 46 58 99 108 148 131 139 127 167 136 163 114 93 65 48 47 46 48 53 48 51 45
50 55 50 47 46 44 62 123 127 138 131 173 135 164 132 141 112 99 94 53 47 46 48 55 49 49 48
49 56 46 46 46 44 70 122 112 143 118 145 138 170 132 140 100 98 85 56 46 46 48 55 45 53 51
48 55 46 43 46 51 54 87 113 149 135 145 146 172 170 139 102 97 67 50 52 46 49 56 47 46 46
51 59 47 46 47 47 56 71 116 187 190 207 188 230 170 136 102 71 51 50 52 47 50 60 50 45 46
50 57 46 46 44 49 60 68 80 157 170 170 170 217 148 137 105 63 57 44 47 51 49 58 50 44 44
48 53 46 45 45 46 46 56 82 104 109 130 120 140 106 97 76 69 54 47 45 44 46 53 59 47 47
46 51 43 43 44 44 46 49 57 67 71 72 83 78 70 67 61 51 46 49 45 42 44 49 54 47 47
64 88 47 45 45 45 47 56 80 93 78 89 81 86 71 70 65 56 48 45 45 42 46 71 59 49 45
80 130 52 45 45 47 48 57 87 97 89 88 97 95 78 70 68 59 49 46 46 43 47 155 108 51 44
58 79 46 48 45 46 47 52 67 92 101 88 94 87 71 70 67 56 46 46 43 45 59 233 156 55 44
99 136 48 44 45 45 44 48 59 71 97 92 79 76 71 69 61 48 46 42 45 42 47 98 67 44 44
462 613 100 48 48 50 57 67 101 241 276 271 218 168 136 136 98 69 58 53 54 51 69 432 185 51 47
210 563 98 50 48 50 58 79 122 219 289 254 264 198 169 179 132 84 66 53 51 60 159 504 255 53 48
55 71 52 52 46 46 51 58 68 89 120 140 142 122 113 121 82 66 53 45 47 54 160 214 83 46 45
59 62 89 70 46 49 54 78 109 105 118 129 127 111 106 97 78 63 56 46 46 59 112 65 47 45 48
54 63 71 89 60 52 69 134 126 113 112 124 136 123 119 118 113 106 94 81 56 85 106 69 50 46 43
49 60 50 50 51 51 78 152 154 136 131 122 128 109 98 111 115 116 101 129 79 132 99 63 51 50 45
45 54 51 50 65 53 74 85 130 140 120 110 128 97 85 91 100 88 71 75 65 56 52 55 47 46 45
54 68 56 55 75 103 161 178 257 261 221 225 254 209 205 239 226 171 143 122 88 65 56 67 56 51 46
55 68 50 51 51 70 117 149 171 197 200 214 247 235 202 231 183 175 155 131 107 83 54 75 55 49 46
46 48 46 44 47 53 54 68 85 85 92 107 110 94 86 87 76 77 67 61 51 47 46 54 48 44 45
44 46 44 44 45 49 49 54 58 68 66 80 73 68 73 61 52 50 47 46 48 44 45 47 45 44 44
44 46 45 49 47 54 60 51 55 60 72 91 79 75 84 63 51 49 50 46 46 44 43 46 44 43 44
44 47 44 46 46 46 53 51 53 60 68 86 82 76 86 70 59 52 50 44 45 47 46 46 44 44 44
43 46 43 44 47 45 47 48 49 53 57 63 62 61 65 60 55 50 49 46 43 43 44 46 44 41 44
43 46 43 46 46 48 49 52 58 66 64 65 68 69 69 66 55 55 51 52 47 43 44 46 44 44 42
46 52 50 52 49 64 64 73 71 72 83 101 97 103 92 80 67 67 65 54 49 47 47 51 46 44 42
44 48 46 47 48 51 59 72 66 69 78 93 88 96 83 79 71 70 58 56 50 57 51 50 46 44 45
44 46 46 46 46 49 54 52 54 61 62 71 69 68 65 66 66 68 55 50 47 49 50 48 43 43 50
44 47 53 50 54 57 63 65 66 64 72 92 81 69 73 79 85 84 85 50 51 48 47 54 46 42 46
46 55 60 67 66 67 79 80 74 75 91 103 95 78 95 119 92 91 70 57 63 56 50 50 46 44 49
44 46 53 51 51 57 56 56 58 59 62 78 66 61 67 74 74 62 53 56 57 60 49 45 46 43 49
