42 40 44 49 44 42 44 43 46 46 48 50 57 66 71 59 52 46 44 43 44 44 44 43 41 43 47
43 43 45 44 45 44 45 47 48 48 49 58 54 202 229 59 47 49 47 45 49 43 43 43 43 44 41
44 44 45 45 47 45 50 59 58 59 59 63 67 481 835 61 50 47 44 46 47 48 49 44 45 44 43
45 46 44 44 46 47 51 57 60 63 62 69 83 821 591 70 53 48 43 46 46 49 50 44 44 44 44
43 43 43 44 44 44 42 46 53 49 48 51 78 249 99 50 48 45 44 40 44 42 44 49 44 42 43
43 43 42 43 44 43 44 42 44 50 45 46 57 65 49 45 42 43 42 43 48 44 42 42 42 43 44
43 43 50 44 44 43 43 44 45 46 47 60 95 63 48 45 43 44 44 40 44 49 44 42 43 42 43
42 39 43 50 45 43 45 45 46 47 51 94 111 67 49 51 42 43 44 43 44 41 44 49 44 42 43
47 44 42 43 43 43 45 45 45 47 49 85 91 51 46 46 44 42 47 42 43 44 44 43 42 43 46
42 48 44 42 44 43 44 44 44 46 50 72 63 46 44 44 43 43 44 47 44 43 46 43 44 43 43
44 49 44 43 45 45 48 52 54 58 172 220 121 58 50 50 44 46 44 45 44 45 46 43 43 44 44
42 45 50 45 45 46 50 59 63 78 281 290 166 84 57 55 48 46 46 45 46 48 46 44 47 44 44
43 44 40 43 50 44 46 47 48 56 106 126 86 53 48 50 43 43 44 43 45 43 44 47 44 43 44
44 43 44 43 45 47 47 50 54 105 115 117 104 52 49 50 45 43 43 43 45 45 44 44 43 43 44
41 44 50 44 45 45 46 48 53 101 109 93 77 54 52 51 45 45 44 45 45 45 44 43 43 43 41
43 42 44 46 44 45 45 43 45 66 68 68 50 47 50 47 42 44 46 44 45 44 42 43 43 43 44
43 41 44 48 44 43 44 44 45 52 71 54 46 50 48 45 42 43 44 43 45 44 42 42 43 44 44
43 44 42 44 47 44 46 46 48 76 93 58 51 44 47 50 44 43 44 46 45 46 44 42 43 44 44
42 42 43 44 44 44 46 45 47 52 61 53 48 45 48 43 48 44 45 43 42 43 44 44 43 40 43
42 44 42 42 44 43 44 41 45 53 50 45 45 43 44 44 43 46 44 44 44 42 43 44 43 43 41
44 43 44 44 47 44 44 43 47 63 65 58 47 44 46 44 43 48 44 43 44 42 43 44 43 43 41
43 43 44 44 45 42 48 56 68 116 96 70 53 51 56 50 47 44 41 44 43 44 49 44 43 43 43
44 42 44 44 45 45 47 47 70 112 104 74 54 50 51 51 48 45 40 44 46 46 47 44 42 43 44
43 44 44 44 45 46 46 54 101 128 115 71 56 53 54 57 55 45 44 41 45 44 44 47 44 42 43
47 49 47 47 51 53 63 109 272 303 264 138 78 84 116 130 93 62 48 48 52 54 46 44 44 44 45
47 49 51 47 47 51 62 96 205 224 228 132 89 115 186 226 176 78 49 47 50 57 48 43 44 44 44
45 42 45 49 46 45 52 61 96 111 97 66 60 78 105 148 93 54 47 47 46 49 46 42 43 43 44
48 46 44 45 46 50 89 114 127 138 85 74 69 76 122 163 141 109 58 44 47 49 45 44 46 44 45
46 50 46 44 46 51 83 122 131 116 110 78 80 115 117 134 109 102 71 50 48 49 43 44 48 44 43
46 46 46 44 46 49 77 118 117 104 101 119 104 116 100 117 102 84 53 48 47 50 46 41 44 49 44
74 72 64 65 66 93 157 251 295 332 364 4095 357 324 252 260 170 125 65 69 82 115 71 51 52 48 50
52 54 46 50 56 59 108 204 229 265 224 263 245 255 190 252 140 78 50 51 55 58 51 50 45 44 45
52 52 52 49 54 67 135 218 273 313 289 313 278 328 270 270 176 145 62 53 57 67 54 43 46 50 46
52 50 51 48 52 64 98 182 219 287 275 362 288 307 269 219 153 119 64 52 57 65 49 46 50 45 45
47 44 46 52 49 51 63 112 127 145 133 154 170 220 162 159 102 60 47 48 50 54 48 43 43 44 44
46 44 46 51 47 49 67 114 114 124 98 112 108 131 120 100 76 54 46 47 48 50 45 43 44 44 44
44 45 42 45 50 47 52 71 82 80 73 81 78 103 79 77 60 49 47 50 46 46 46 44 43 43 44
44 45 42 45 50 46 49 69 71 76 71 76 82 94 78 81 70 50 44 44 45 46 45 43 44 42 44
44 47 44 44 46 47 56 81 86 95 92 108 96 102 86 79 59 54 46 45 47 46 45 44 44 43 44
47 51 45 46 48 51 68 119 125 144 131 135 152 158 107 99 70 57 46 46 49 51 47 44 44 44 44
49 50 51 48 50 52 72 178 202 194 184 171 198 222 132 112 76 59 44 49 50 60 55 46 43 44 44
48 48 46 46 48 54 62 96 147 171 163 141 176 172 124 91 63 54 42 47 54 56 50 45 43 43 46
45 46 45 45 46 50 56 83 90 107 98 93 103 106 79 63 53 47 45 42 46 55 49 47 44 42 44
47 50 46 46 47 50 63 124 107 122 118 107 110 106 87 76 55 49 50 46 50 103 78 57 44 44 44
48 48 50 47 47 52 64 140 130 127 133 129 125 111 93 86 64 50 47 51 63 497 295 72 44 44 46
49 46 47 46 48 52 61 112 129 132 129 141 140 129 100 82 61 50 47 52 88 250 193 46 44 44 47
51 51 48 48 50 57 79 135 206 236 222 198 193 181 148 101 71 56 58 53 76 103 57 45 53 45 45
61 62 56 55 58 91 171 325 345 314 349 361 424 348 304 209 133 71 57 95 178 230 66 48 49 46 46
59 59 54 54 57 92 161 299 328 298 308 284 337 273 222 247 172 106 56 115 191 182 62 44 46 49 46
54 50 47 47 49 77 90 116 153 142 131 124 142 125 116 132 93 66 49 92 83 62 50 43 44 47 45
57 52 48 49 56 155 166 159 159 151 121 131 147 125 116 128 111 97 67 106 82 56 54 49 44 46 45
58 54 53 51 78 252 288 224 173 166 139 144 142 127 115 113 103 108 112 120 83 58 51 49 45 44 45
59 55 54 53 67 121 334 293 202 183 148 159 149 138 124 110 103 103 103 85 58 61 48 46 49 46 45
56 56 53 67 69 85 306 270 187 163 134 138 126 114 98 92 72 65 53 54 54 57 49 44 44 45 44
56 63 54 88 84 109 146 146 151 141 135 144 134 115 97 86 63 56 49 56 52 54 47 44 44 43 44
53 72 64 76 79 87 100 100 122 104 96 106 89 72 68 62 53 48 47 46 47 50 46 46 42 43 44
77 74 55 64 86 79 74 78 77 72 68 63 57 59 54 50 51 46 44 44 45 46 45 43 44 45 44
150 130 92 86 81 88 91 88 84 88 70 63 57 55 54 52 48 52 46 45 46 46 45 44 44 41 44
222 185 143 122 118 135 171 159 133 130 113 101 85 78 72 66 59 55 51 50 50 52 47 45 42 44 50
159 127 92 86 98 108 148 158 132 109 105 91 79 73 64 63 57 57 46 51 55 54 48 44 46 44 44
82 94 71 65 66 91 97 95 83 71 64 63 58 55 54 53 49 53 42 45 52 47 46 44 42 43 44
152 177 120 107 108 114 137 113 90 79 76 72 65 59 59 60 57 55 50 43 48 56 46 45 44 44 46
218 204 161 139 119 134 165 142 125 110 106 94 79 68 69 72 63 70 61 57 52 59 46 44 44 45 51
69 89 78 77 68 83 85 81 70 65 65 66 60 54 58 58 53 50 49 57 52 51 49 42 43 45 55
