43 44 44 55 51 54 63 68 50 44 43 43 45 44 45 44 43 43 41 44 50 44 44 44 44 43 45
42 44 50 45 43 44 55 99 44 44 44 43 45 47 44 44 43 43 44 42 44 47 44 42 43 43 43
166 124 58 47 50 50 260 333 70 49 48 48 48 46 46 46 46 44 48 42 44 45 44 44 44 45 46
413 748 229 51 50 49 98 149 80 61 54 49 48 47 47 44 44 45 49 44 46 45 42 44 50 45 44
59 78 53 43 46 44 49 54 50 54 51 44 43 43 43 44 44 43 43 47 43 43 44 41 43 48 44
68 62 49 49 44 43 44 48 47 49 45 48 44 44 44 43 42 44 44 43 41 43 49 44 42 43 43
154 106 43 54 54 44 48 55 74 56 58 44 45 43 44 46 42 43 44 44 44 41 44 48 44 44 44
79 106 47 47 46 47 47 57 95 72 64 45 45 45 43 44 43 43 43 45 45 43 44 42 43 48 44
55 88 53 45 44 43 44 44 62 58 50 42 44 47 44 42 43 44 45 44 45 42 43 43 43 44 41
61 105 54 48 46 44 45 43 56 86 59 46 42 44 48 44 43 43 44 44 44 46 44 42 43 47 44
118 337 159 51 48 47 48 52 134 236 187 58 50 50 49 48 48 45 47 46 46 45 44 45 48 46 44
62 165 113 47 45 45 46 50 116 191 200 68 48 48 48 47 45 46 45 46 46 44 44 44 45 46 47
52 98 92 47 44 43 46 45 59 94 83 47 46 45 45 42 47 44 43 43 44 43 44 44 44 45 44
62 234 214 111 47 45 46 53 103 143 121 80 49 49 48 47 45 50 46 45 46 44 44 45 46 46 45
59 179 250 159 59 47 48 51 62 121 122 89 51 46 48 53 45 46 46 46 46 47 46 43 46 46 46
45 85 132 72 45 44 44 48 46 51 62 52 46 45 42 44 44 46 41 44 44 44 48 44 42 43 44
46 74 182 73 46 44 44 43 45 50 48 47 46 45 45 44 43 43 40 43 46 44 46 44 42 43 44
49 73 140 75 54 48 44 47 52 50 49 62 47 46 45 42 44 44 44 40 44 43 44 47 44 42 43
44 49 58 50 47 46 47 45 43 45 52 61 50 44 44 45 43 43 46 44 46 44 42 43 43 44 44
42 46 50 49 44 46 46 44 44 43 47 56 46 43 44 43 43 43 44 42 44 46 44 42 43 43 43
44 49 45 56 59 50 46 46 50 50 48 52 50 46 46 44 42 43 42 43 44 43 44 40 44 49 44
43 50 43 60 99 57 50 51 46 56 52 79 79 66 48 49 44 44 45 50 46 43 44 42 43 45 44
42 45 47 47 81 60 49 47 46 47 48 72 74 63 53 46 46 43 47 44 45 44 41 44 49 45 44
43 44 53 45 72 87 63 49 46 49 54 68 75 66 57 46 46 44 44 48 44 45 45 41 45 50 45
48 47 56 53 123 162 179 89 76 63 72 142 142 120 115 66 50 49 48 48 45 50 51 46 46 47 46
44 46 44 51 118 99 127 93 74 60 62 99 119 148 163 86 56 48 49 53 54 51 55 53 47 47 46
43 42 47 48 60 59 66 65 55 49 52 57 70 80 72 102 50 46 46 46 46 43 46 55 45 44 44
42 47 57 59 75 143 153 125 84 78 76 92 108 169 146 161 93 52 52 50 50 47 46 47 47 50 47
45 45 53 81 111 121 152 130 128 88 85 78 101 159 130 120 97 59 49 50 49 47 47 49 47 50 49
44 44 49 55 58 58 101 124 128 114 97 100 104 128 91 113 87 69 49 49 47 47 46 48 48 49 46
44 48 46 49 60 55 90 127 122 114 95 109 138 160 103 108 73 52 49 48 48 47 46 46 47 50 51
51 54 55 53 58 86 194 236 211 233 192 171 178 185 140 136 80 60 52 52 51 51 49 48 51 60 51
54 66 57 57 57 64 156 245 249 262 227 235 219 209 179 176 116 99 61 57 55 54 49 50 54 58 53
46 58 56 58 53 52 81 170 210 234 206 236 227 218 170 153 106 76 58 54 53 53 50 50 52 58 56
45 50 52 50 50 54 112 140 130 126 124 148 152 185 126 124 96 58 48 51 50 49 47 47 50 52 49
45 50 54 49 50 59 140 180 151 135 109 131 128 147 136 75 56 51 45 50 53 50 48 46 49 56 49
44 47 51 48 47 48 86 143 138 108 91 101 98 111 82 61 56 52 48 44 47 49 46 45 60 81 51
44 47 49 47 45 47 63 83 91 97 89 88 103 98 88 82 62 53 56 48 48 46 45 45 67 97 67
45 45 51 47 45 45 52 79 84 91 90 96 83 85 72 70 53 48 47 49 47 47 46 43 54 85 64
44 49 50 49 54 48 61 105 103 127 120 111 125 136 102 78 58 48 50 54 48 48 47 45 54 115 116
45 50 51 53 51 52 57 93 104 132 139 140 144 138 119 108 78 58 56 55 52 53 47 52 95 485 328
44 49 50 50 46 47 52 62 80 103 119 124 125 118 104 103 84 56 51 53 50 49 46 48 76 182 115
44 49 48 47 46 46 49 53 60 96 110 93 84 85 79 78 68 49 47 50 47 47 46 43 49 69 55
52 82 65 50 48 47 55 56 71 134 134 133 128 110 90 94 96 68 54 53 51 51 52 53 59 68 57
46 87 87 53 52 49 52 64 62 122 133 125 142 122 100 113 127 88 73 76 63 61 56 89 91 103 63
47 62 63 56 51 50 54 56 59 83 108 137 142 125 121 143 141 108 84 101 86 79 66 90 78 90 63
53 66 138 123 60 50 58 59 62 82 122 157 161 159 150 137 118 79 74 75 84 70 80 89 69 62 53
64 96 359 333 96 61 68 73 75 104 168 251 300 266 249 236 243 205 226 243 163 146 104 130 158 79 59
51 68 141 469 92 62 68 69 74 104 167 232 259 202 185 205 195 226 266 260 269 287 172 117 290 84 56
50 50 60 98 86 54 52 54 54 65 95 140 138 109 109 117 116 128 134 108 98 86 66 62 114 69 48
47 56 56 64 93 94 70 64 65 93 144 178 181 138 135 150 153 139 144 117 84 85 61 56 74 74 50
45 56 58 61 59 79 91 84 80 132 151 172 179 146 138 145 138 147 164 152 120 133 96 71 63 58 51
45 49 54 56 51 49 69 81 76 112 116 146 146 126 124 118 108 104 119 114 88 65 67 57 52 62 54
43 45 48 47 47 52 50 52 63 66 70 88 85 79 72 67 61 66 66 64 54 53 48 48 50 55 45
43 45 47 46 54 58 51 52 56 63 75 87 77 78 71 72 72 64 59 83 63 57 54 51 52 49 46
43 45 47 51 47 47 53 52 54 56 64 74 70 66 73 73 80 78 93 112 83 82 94 67 60 48 48
44 48 46 46 46 44 46 47 47 52 55 55 53 53 54 55 59 59 78 95 81 77 88 63 59 46 44
50 46 44 47 46 46 50 47 47 50 48 50 51 47 53 59 53 59 76 78 78 79 73 62 65 49 46
47 57 54 56 56 54 58 57 59 61 57 57 61 60 63 64 70 94 133 144 122 158 120 86 88 67 44
44 53 53 54 56 51 60 60 55 56 57 59 59 58 59 62 83 99 119 135 127 191 138 117 117 68 51
43 47 47 49 47 46 50 51 47 48 49 50 52 51 50 52 64 79 80 82 80 127 105 78 75 50 44
44 53 50 50 51 48 55 48 48 49 53 52 51 49 52 57 64 94 87 74 69 90 80 67 59 50 46
44 62 61 63 64 54 63 57 52 54 56 57 57 55 56 70 78 105 91 93 89 147 100 94 71 47 47
44 47 50 55 56 51 52 50 48 50 49 50 52 55 53 56 63 71 64 77 81 123 85 87 71 44 51
