49 43 43 45 44 44 44 42 45 52 50 67 206 216 57 51 48 46 47 42 45 50 44 43 44 42 44
47 39 43 48 44 43 44 42 43 46 49 92 182 83 50 49 45 43 46 43 45 44 44 44 45 45 45
47 44 44 43 44 46 44 42 43 43 45 50 49 46 49 44 43 42 42 44 47 44 42 43 43 43 44
43 44 44 44 42 43 48 44 42 46 63 103 79 46 46 45 43 43 42 44 41 44 47 44 42 43 44
43 43 44 44 44 44 47 45 43 48 65 249 123 57 52 56 46 45 45 41 44 46 44 42 43 43 44
42 43 44 44 44 42 44 48 44 45 51 140 137 57 47 48 46 45 45 44 47 44 42 43 43 44 44
43 46 42 42 44 44 44 40 43 50 48 56 88 51 46 46 43 49 44 42 44 42 43 43 43 43 41
42 44 46 42 44 44 45 45 43 53 67 150 328 138 60 57 49 49 46 45 45 44 44 42 43 44 44
42 43 44 44 45 41 44 50 45 51 61 80 275 195 60 57 51 49 43 44 43 44 50 45 42 43 43
42 43 43 44 44 43 41 44 49 46 46 51 113 103 52 48 46 44 44 40 44 44 44 44 43 44 44
42 43 44 44 44 44 41 44 49 48 48 63 112 127 89 50 49 47 46 41 45 42 44 49 44 42 43
42 44 43 44 45 44 44 41 46 59 58 76 121 161 138 66 51 49 46 42 45 49 45 43 44 44 44
43 43 50 44 43 44 43 43 44 50 56 72 117 143 166 84 53 50 47 44 45 50 46 43 44 43 44
43 39 44 49 44 42 44 43 43 45 46 50 63 98 83 53 45 46 45 44 41 43 49 44 42 44 42
43 46 51 44 44 44 44 45 46 52 62 82 159 273 282 156 68 57 53 45 46 46 44 44 48 44 44
44 46 45 43 45 44 46 45 45 56 69 79 156 288 316 251 86 67 53 51 45 46 46 46 44 47 45
43 43 44 43 44 42 44 43 43 45 46 49 59 84 97 81 58 46 44 48 44 43 44 42 44 48 44
43 43 46 44 43 43 43 43 44 44 46 52 50 56 82 71 91 47 46 42 43 43 43 44 42 43 48
43 42 45 44 45 44 45 44 43 46 51 52 58 74 123 163 150 63 49 45 46 44 45 47 44 44 45
43 42 44 44 44 46 44 45 44 43 46 48 50 52 72 100 96 55 46 43 44 44 43 44 47 44 44
43 44 44 44 44 43 44 44 44 44 45 43 46 46 54 67 50 45 44 43 44 44 42 44 47 44 43
43 42 44 47 46 45 45 43 44 50 56 62 66 88 215 236 159 126 56 47 47 46 44 44 44 44 44
44 44 45 45 46 46 47 46 45 55 67 79 94 151 347 325 298 267 80 50 47 48 46 45 45 44 45
43 44 42 44 50 44 43 44 44 49 55 60 68 103 182 172 156 131 55 52 47 45 45 43 44 44 46
43 45 46 42 45 49 45 44 44 50 58 70 101 138 162 155 145 117 86 46 45 46 45 44 44 45 45
43 46 43 43 45 45 45 43 46 56 62 74 118 145 150 160 141 131 133 47 46 45 46 46 44 44 44
43 43 46 44 44 44 44 44 42 51 63 71 113 131 127 147 134 113 99 52 46 47 46 44 43 44 44
43 44 44 45 46 44 45 49 47 57 71 86 143 218 241 298 215 146 82 49 49 48 51 46 43 44 44
44 44 45 46 46 46 43 46 52 65 84 142 212 273 264 285 245 222 84 52 49 50 48 46 50 46 44
44 44 45 45 45 45 44 46 51 63 129 156 170 216 204 233 189 173 164 49 48 48 47 50 45 43 44
43 45 44 44 46 44 46 43 47 69 122 158 210 219 202 252 191 147 77 51 49 49 48 46 43 44 45
44 44 49 45 44 44 44 45 47 64 102 119 155 177 190 178 121 92 56 46 47 50 46 44 45 44 45
43 41 45 49 45 43 44 45 47 94 109 124 145 159 140 131 106 104 72 47 44 46 47 45 44 44 44
43 49 45 44 44 43 44 45 46 95 101 118 137 159 153 133 105 90 86 49 51 49 46 45 43 43 45
44 44 44 43 44 44 44 45 44 79 110 132 167 187 142 139 106 80 58 53 46 46 46 43 44 44 45
44 47 45 46 45 43 45 45 47 69 108 182 200 204 163 161 141 66 55 52 46 47 47 42 44 49 45
47 45 45 44 44 44 45 45 48 61 103 161 166 179 151 162 115 65 55 45 46 46 46 45 42 44 50
43 44 42 44 46 44 43 44 46 60 79 141 174 169 160 167 95 68 53 47 47 44 46 50 44 44 45
43 41 44 42 44 49 44 44 45 55 71 97 133 132 125 106 74 56 50 46 46 46 43 44 49 44 44
43 42 42 44 45 43 43 43 46 51 73 85 89 84 81 74 72 58 50 49 46 43 44 43 43 44 43
41 43 44 44 44 44 45 44 46 53 76 87 87 83 78 77 70 63 59 47 46 45 45 46 46 44 43
43 42 44 43 44 44 44 44 45 49 77 91 87 85 82 74 69 60 58 46 44 45 44 45 44 42 44
42 44 42 44 48 44 43 43 44 53 70 93 99 126 97 71 61 53 48 51 46 43 44 43 43 44 43
44 45 45 42 45 50 45 45 48 72 122 211 216 191 144 134 103 65 53 48 47 47 47 44 44 47 46
43 48 44 44 45 45 46 46 50 84 148 242 252 225 191 189 167 84 59 50 48 48 48 47 46 45 48
44 43 48 43 44 45 45 45 47 69 102 165 200 210 180 166 108 68 56 47 47 47 48 46 44 46 51
43 44 45 44 45 46 45 46 47 74 112 120 121 125 141 113 80 55 46 46 48 46 48 45 42 43 44
43 44 44 44 45 45 44 45 52 91 122 134 145 133 120 118 92 61 46 46 46 47 46 44 42 44 47
43 49 45 43 45 43 44 44 53 108 131 125 146 129 98 97 68 54 49 48 45 46 47 45 44 42 46
42 44 49 44 45 45 44 44 51 130 192 194 235 174 101 82 68 58 53 48 46 43 46 46 44 46 45
44 45 45 45 46 46 46 47 89 279 292 297 306 209 141 110 81 65 58 53 50 51 48 45 44 44 45
44 45 46 47 46 44 46 47 94 311 317 355 332 247 152 117 87 70 61 52 51 52 50 48 45 44 45
44 52 46 44 46 44 46 46 61 171 272 329 355 230 137 104 83 68 55 51 55 50 48 46 44 45 48
46 45 46 44 46 46 47 47 56 206 341 360 315 229 143 108 86 69 58 54 52 51 49 47 42 45 50
47 45 46 45 47 46 47 49 63 266 429 428 356 302 216 169 116 80 65 56 53 55 52 46 46 49 47
50 46 45 45 46 46 47 47 54 117 307 329 306 255 222 182 127 87 76 69 58 63 64 54 46 45 47
50 46 43 44 45 44 45 45 46 55 79 91 106 110 103 93 74 74 68 69 60 52 68 52 46 43 44
56 41 45 42 48 51 48 46 50 60 66 76 87 111 109 98 92 92 89 99 74 63 60 52 51 45 44
55 48 48 44 51 51 61 73 74 76 90 98 112 134 138 135 133 151 171 197 136 142 92 73 54 46 44
47 53 48 52 52 51 58 68 67 71 84 89 104 107 112 119 142 165 215 179 135 155 102 89 55 45 45
44 46 47 46 51 55 52 56 52 56 62 72 68 73 79 81 95 122 122 87 76 83 67 62 45 41 44
47 48 64 56 72 68 66 72 62 65 76 76 79 82 77 99 95 110 94 64 60 63 56 53 45 45 43
58 68 67 70 71 76 85 95 95 96 112 111 101 94 102 151 124 163 102 79 82 103 90 62 47 50 47
45 49 50 51 55 63 58 70 61 68 72 76 68 69 72 94 92 97 67 77 82 106 78 65 47 45 53
