47 44 43 44 44 44 46 48 58 138 169 67 53 45 46 50 57 84 160 92 50 44 46 44 44 44 44
43 43 51 44 44 45 46 49 52 101 282 58 49 49 48 47 49 75 284 80 48 50 45 43 44 43 44
49 47 45 44 44 45 53 52 69 109 307 66 50 50 51 50 51 124 265 57 46 45 44 44 40 44 44
42 47 50 44 46 45 46 51 87 117 91 51 48 50 47 44 48 81 215 58 49 46 44 43 41 44 48
43 49 44 43 44 43 45 45 55 84 50 46 49 45 43 44 41 53 87 56 45 43 44 43 43 40 44
42 44 44 44 44 43 47 44 52 68 47 46 43 44 47 45 42 47 63 47 47 44 41 43 48 44 42
43 43 42 49 43 44 55 47 78 120 48 46 46 45 45 49 43 50 69 55 50 44 44 40 43 49 44
42 47 44 46 46 45 45 50 99 116 48 46 46 46 46 45 43 58 141 79 52 44 44 41 44 48 44
43 44 41 44 50 45 43 47 75 72 47 45 46 47 45 44 44 55 130 86 47 42 43 42 43 44 44
42 44 44 41 45 44 46 51 96 76 46 45 46 42 45 51 45 53 85 61 45 42 43 45 43 43 41
44 46 46 46 47 51 64 119 236 203 61 54 50 53 57 52 52 116 256 196 51 46 44 44 43 44 45
44 46 46 46 46 48 59 98 190 164 64 54 54 52 49 53 83 280 526 380 50 47 46 45 42 45 50
45 43 44 45 45 48 46 77 115 95 53 48 47 47 48 48 60 163 282 168 47 44 44 43 44 42 44
42 45 45 44 46 49 51 153 154 132 63 51 52 51 53 50 69 162 174 96 47 45 46 44 44 41 44
42 45 45 45 44 49 54 96 138 107 56 50 50 49 49 49 85 195 197 136 47 52 45 44 44 43 44
41 43 44 43 44 47 46 57 67 55 48 44 46 45 46 46 64 148 151 76 48 44 44 46 44 44 44
42 43 44 43 44 44 44 49 52 47 45 44 44 44 45 44 52 70 61 55 43 43 47 44 44 43 43
43 42 43 43 44 44 45 48 54 52 46 46 44 44 45 45 54 117 57 49 44 44 40 43 47 44 44
43 42 43 43 44 46 42 48 54 47 45 44 44 44 45 50 46 69 55 47 49 44 44 44 42 43 44
42 43 46 44 45 44 44 61 58 49 46 42 45 50 45 44 47 53 46 45 44 43 47 43 42 43 43
44 44 50 44 43 45 45 47 56 56 45 47 45 44 45 46 56 57 46 42 44 48 44 42 43 42 43
48 45 43 44 45 46 50 75 106 73 57 52 49 47 53 80 79 78 54 43 45 44 44 44 43 40 43
47 45 44 44 45 46 53 66 100 74 62 51 50 48 67 92 87 79 58 44 44 44 43 43 44 44 46
43 50 46 43 46 46 63 87 107 82 62 51 53 51 68 85 70 68 51 48 44 43 44 44 43 44 44
44 52 49 46 49 51 130 186 206 167 98 64 65 66 138 146 133 101 68 53 48 46 44 44 46 45 43
44 48 44 46 49 52 108 145 164 133 96 63 68 79 149 200 160 131 81 58 48 45 44 42 44 47 45
43 46 45 46 43 47 57 78 110 87 69 53 60 77 121 122 95 73 54 47 46 44 44 43 44 46 44
44 47 46 46 51 81 168 92 110 91 72 71 60 88 98 124 128 137 66 54 47 44 44 43 43 44 43
44 47 47 46 47 97 108 131 123 106 96 74 74 110 109 126 99 100 80 50 47 44 44 44 44 44 42
44 45 48 50 49 58 104 116 107 112 101 106 102 111 95 125 94 80 59 47 49 45 43 43 44 44 44
44 48 48 46 49 50 66 108 109 105 106 119 159 168 95 108 87 71 52 47 47 46 44 44 41 44 48
48 53 53 49 56 61 122 197 198 218 201 201 205 200 162 184 129 103 63 55 50 47 45 44 44 42 45
46 58 54 50 59 68 134 214 229 249 247 264 231 277 221 216 142 140 76 57 52 48 46 45 45 42 46
46 59 54 50 57 63 105 183 201 236 234 320 229 270 221 179 116 107 69 56 53 47 45 45 45 45 43
44 50 51 47 51 51 80 138 136 146 127 155 169 195 141 131 89 61 53 45 49 51 45 43 44 43 44
43 48 49 47 50 50 82 143 130 134 108 113 110 128 106 92 71 57 48 49 45 45 49 44 43 44 43
43 44 45 45 46 47 52 78 87 78 73 80 78 96 76 76 56 50 45 46 47 44 46 43 42 43 44
43 46 46 46 46 51 56 80 86 92 83 84 84 91 78 75 65 51 49 46 49 45 43 43 43 43 44
44 46 53 46 47 50 70 105 100 109 102 108 93 90 76 69 54 51 49 47 46 45 48 44 42 43 44
44 49 55 48 50 54 85 125 127 138 131 136 142 151 95 85 65 54 52 49 49 49 45 42 43 44 44
49 54 56 52 56 63 76 176 206 203 179 170 182 205 113 99 74 63 58 55 51 49 45 41 42 44 46
48 62 58 52 59 59 65 132 173 187 168 138 163 170 107 81 62 56 56 57 51 46 44 43 44 44 45
95 225 66 48 50 55 61 114 110 126 101 95 95 100 76 62 50 50 50 48 50 48 44 44 43 44 48
101 253 81 59 52 53 86 161 128 140 126 118 117 108 89 79 57 53 53 53 102 93 50 45 45 44 44
60 142 80 57 61 57 98 183 133 141 135 132 126 110 100 91 62 56 53 66 168 136 53 46 45 44 51
46 59 56 71 57 55 71 145 148 135 126 130 137 122 102 80 58 55 54 73 122 78 47 53 44 43 47
45 72 181 64 65 84 99 162 214 209 200 188 185 166 124 88 68 60 63 65 70 50 45 45 46 44 46
54 120 255 68 152 203 229 335 291 278 309 339 378 276 225 166 112 78 75 115 108 53 47 46 46 46 47
52 65 71 64 156 187 231 393 255 278 288 269 289 238 185 190 143 96 77 109 106 52 45 45 45 46 47
46 53 58 55 77 105 114 146 123 112 103 105 116 119 103 107 74 65 59 86 60 46 44 44 44 44 45
47 63 74 104 177 160 175 170 156 134 119 130 133 125 120 129 108 78 87 95 54 48 46 44 45 43 46
48 53 56 91 184 165 186 162 152 138 131 133 129 120 114 117 100 103 106 95 53 47 46 44 45 45 46
44 52 49 60 79 94 131 131 133 134 115 124 128 111 103 103 95 110 82 64 50 46 45 45 44 45 43
43 47 48 50 52 62 86 103 106 106 87 94 94 89 82 74 63 61 52 55 48 45 45 43 43 44 44
44 51 49 54 62 70 78 87 111 116 116 123 104 92 75 71 56 55 47 55 51 45 46 44 42 43 44
44 48 48 48 53 55 70 81 102 106 103 113 94 71 73 61 53 51 46 48 51 45 44 43 42 43 44
44 46 46 45 49 54 66 65 70 73 70 76 63 58 59 51 46 46 49 46 46 44 43 43 43 44 44
46 46 53 48 53 56 67 71 78 84 76 78 64 61 59 55 46 48 52 47 46 44 43 43 44 44 44
52 63 59 64 68 72 103 118 111 121 123 121 98 89 78 66 61 55 54 58 50 48 45 42 43 44 44
46 58 52 56 61 63 85 103 101 112 113 105 92 83 68 61 63 62 56 50 50 52 46 47 45 43 44
42 50 49 51 53 59 65 66 67 73 72 75 68 60 57 55 53 56 53 47 48 47 44 44 48 46 43
45 67 64 59 67 72 86 79 75 80 90 97 82 63 66 68 62 66 60 49 52 47 45 44 42 44 52
49 80 78 85 79 81 105 106 103 101 126 125 99 73 82 82 77 77 65 62 50 59 53 45 44 44 50
43 54 49 63 65 62 65 68 66 70 71 80 71 58 65 65 61 54 50 55 55 55 48 44 48 44 52
