46 43 44 44 45 44 46 44 44 47 48 44 44 42 43 44 42 41 44 48 44 43 44 42 42 44 43
46 44 43 46 45 43 44 47 55 181 156 53 52 46 45 47 49 53 59 47 47 44 46 44 42 43 44
50 45 46 45 45 45 46 55 59 252 437 65 55 54 54 56 57 192 479 110 50 46 47 46 49 46 44
43 42 44 43 44 44 44 46 47 54 61 47 46 45 47 47 51 128 213 59 47 44 44 42 44 47 45
48 44 42 44 43 44 44 44 45 45 46 47 45 42 43 44 38 46 51 48 42 42 44 43 43 41 43
47 44 44 45 44 43 44 49 50 53 48 49 46 42 44 43 42 45 52 49 45 41 44 48 43 42 43
43 41 43 43 44 48 44 47 51 58 46 45 46 44 44 44 43 46 65 58 46 43 45 41 43 47 44
42 40 43 43 45 47 44 45 47 49 45 44 43 44 50 44 42 44 63 63 46 44 42 43 47 44 42
43 41 44 48 46 42 44 46 78 63 45 44 48 44 44 44 43 44 51 56 45 44 44 42 43 43 44
42 43 44 44 45 41 47 78 197 143 56 47 49 47 47 49 48 52 118 99 45 46 50 44 43 44 43
43 43 44 45 45 45 45 60 136 113 56 51 50 50 50 52 56 76 302 337 54 49 46 45 46 45 45
43 44 46 44 47 46 43 72 103 75 51 46 47 51 46 46 49 60 132 153 50 44 47 43 44 47 44
43 47 44 44 46 46 47 146 152 126 77 49 49 49 49 51 54 112 147 150 50 43 45 45 45 44 44
43 47 44 46 46 44 48 172 170 154 90 53 53 53 52 55 80 175 193 191 65 44 48 46 44 45 52
42 43 45 45 45 45 45 75 102 79 55 49 49 49 46 50 52 134 163 195 55 44 48 46 42 44 44
43 44 43 44 46 44 47 97 173 91 51 46 46 46 47 48 46 53 71 80 50 44 46 45 42 43 44
43 43 44 46 45 46 52 95 211 115 57 53 50 50 49 48 53 79 138 89 48 46 45 47 44 42 43
45 44 45 44 45 45 44 49 69 57 48 48 46 45 47 46 53 89 126 61 61 50 45 43 44 42 44
41 43 44 44 44 42 44 50 49 46 45 43 44 44 44 44 44 44 54 51 50 44 44 42 42 44 43
43 47 44 44 44 44 46 57 69 63 49 43 46 50 45 43 45 53 57 51 48 46 44 42 42 44 44
44 43 44 46 46 43 46 72 125 103 60 50 55 49 50 51 59 102 83 60 55 45 49 45 43 44 44
43 46 44 42 45 46 46 53 63 69 53 52 48 45 46 49 61 97 94 51 51 44 48 46 44 44 43
43 43 44 44 45 46 48 76 123 108 72 52 48 47 49 51 54 64 63 51 47 44 45 45 44 48 44
49 46 47 50 49 49 92 205 421 363 311 131 74 72 82 151 155 179 152 85 54 48 50 54 50 48 46
49 47 49 53 52 50 102 189 334 310 287 194 95 84 171 253 252 251 266 188 72 54 55 58 52 48 47
45 42 46 50 48 49 63 126 134 116 109 83 74 65 97 145 162 182 187 125 62 53 49 50 54 45 44
44 41 45 50 50 52 68 116 108 106 107 93 81 81 116 119 101 101 123 108 54 47 50 51 49 46 43
44 46 48 54 82 52 57 114 136 140 134 119 122 101 118 145 127 134 146 147 74 52 48 53 54 47 43
45 47 47 47 48 44 46 61 74 87 85 79 73 69 82 107 92 94 87 96 53 46 46 63 52 51 45
44 45 48 61 50 46 52 110 145 160 149 112 74 82 103 112 83 87 75 62 52 45 46 51 53 52 44
45 49 70 95 54 54 92 187 212 262 204 234 185 224 203 239 204 192 153 97 63 52 54 53 54 56 46
48 47 63 65 54 53 111 160 181 265 204 229 211 287 213 274 201 193 174 129 62 53 55 56 57 57 48
49 49 47 53 51 46 66 159 156 162 163 176 178 201 163 196 123 140 113 71 52 53 57 52 50 110 53
52 63 51 52 49 45 67 119 104 112 109 135 127 121 129 141 90 92 108 67 49 47 49 48 48 48 44
44 49 47 48 49 51 69 108 105 114 133 119 123 120 125 160 97 96 103 70 53 47 48 48 47 46 46
43 45 46 47 44 46 62 64 67 94 95 109 109 102 107 95 69 64 57 47 47 51 46 47 47 46 44
43 45 48 49 46 46 57 59 88 116 113 110 111 127 132 117 92 74 60 49 48 50 48 46 47 45 44
46 46 52 51 53 46 56 69 85 149 141 158 178 212 159 146 155 86 69 65 51 47 50 52 54 48 46
44 45 45 46 47 50 44 49 54 76 110 108 74 94 80 102 72 60 55 54 47 44 46 47 49 46 43
57 55 47 48 46 44 45 48 53 68 73 80 70 85 66 70 68 63 48 47 51 45 44 48 46 45 44
59 51 49 66 48 45 47 50 66 93 90 80 81 88 71 75 71 67 57 50 44 45 52 61 64 47 46
46 44 50 76 52 45 45 49 59 74 90 85 81 77 76 71 74 65 54 48 46 44 48 79 102 57 50
46 46 44 52 56 44 45 46 46 50 69 64 63 54 58 57 59 49 47 43 45 42 44 59 58 48 49
50 46 67 138 72 50 52 50 53 67 91 112 121 89 87 89 94 64 57 49 48 50 49 100 95 60 48
50 42 94 256 129 56 50 53 57 66 86 119 136 101 96 105 122 79 62 52 49 52 51 230 411 235 50
44 44 65 114 69 47 46 46 48 54 60 78 86 67 71 74 72 60 51 50 44 45 51 99 142 86 46
53 53 80 210 186 64 49 55 57 67 93 124 129 113 113 120 104 94 71 54 51 51 58 117 127 58 47
46 54 60 166 207 102 51 62 62 79 97 122 122 127 112 124 125 112 89 66 49 54 110 161 146 52 46
41 45 53 74 135 83 50 54 61 76 88 121 110 104 95 115 122 113 91 69 48 49 110 90 85 51 45
42 45 50 52 54 60 58 53 58 66 78 97 123 101 90 101 115 89 78 63 51 52 78 54 50 46 46
47 47 55 71 68 123 94 97 144 169 229 270 327 273 237 276 263 256 298 254 143 114 207 91 68 54 48
47 50 52 63 67 77 87 122 168 177 263 330 310 260 222 272 236 292 317 261 174 204 168 80 63 54 49
44 44 46 49 49 47 50 61 74 70 81 123 132 113 102 114 113 125 101 94 72 62 61 50 48 46 46
44 45 47 55 51 51 64 83 92 101 123 174 158 148 137 142 148 138 109 116 92 65 51 50 51 47 46
45 47 50 58 54 57 69 94 109 145 200 239 213 174 168 181 182 187 185 180 97 59 56 54 54 49 46
43 45 46 49 50 46 51 54 58 63 78 95 104 95 97 118 110 81 77 69 50 49 48 46 48 45 44
42 43 44 44 46 43 44 50 47 46 50 53 56 61 58 63 55 51 50 51 46 43 45 45 45 44 44
44 45 45 46 48 46 47 49 53 61 60 63 70 103 97 94 78 68 59 55 48 44 46 46 46 45 42
48 52 50 48 51 52 56 64 67 70 81 90 103 142 142 122 98 81 72 61 56 50 49 48 47 46 45
46 48 46 49 47 47 51 60 63 63 65 78 84 97 108 95 82 72 60 56 49 50 52 47 46 45 44
43 46 46 46 46 47 48 51 53 52 54 60 62 67 71 69 69 66 56 51 51 48 46 48 45 45 45
44 59 63 52 56 58 65 66 58 65 77 91 80 89 99 111 105 99 74 57 56 51 52 53 48 44 47
46 77 74 73 74 77 83 81 82 95 100 125 102 114 123 162 126 113 78 66 64 61 62 49 50 46 54
44 48 50 54 56 60 61 62 59 68 72 89 70 81 83 95 89 74 57 56 55 60 50 45 46 46 55
