54 43 44 46 45 40 44 49 46 42 44 44 45 46 46 45 44 41 44 50 45 43 44 42 43 44 44
55 43 44 44 45 42 43 44 44 43 44 44 45 44 45 41 42 43 45 44 45 41 43 49 44 43 43
52 44 49 44 42 43 43 43 44 43 44 43 45 46 44 42 43 42 44 43 44 42 42 44 43 43 43
46 40 44 49 44 43 44 42 43 44 44 44 43 44 44 44 42 43 43 41 44 48 44 44 43 42 44
44 43 43 43 45 43 44 44 44 44 44 43 44 44 45 45 44 43 44 44 44 44 45 44 46 44 42
44 42 43 43 44 43 43 43 43 44 46 44 43 43 44 44 42 43 44 43 44 43 43 44 43 43 47
44 43 42 44 43 43 46 43 44 43 42 43 44 43 44 42 45 43 42 43 44 43 44 43 43 47 44
43 46 42 43 45 43 44 44 44 45 44 42 44 44 44 44 42 43 44 44 44 44 42 43 44 42 44
43 43 42 44 48 43 44 44 42 43 44 44 45 42 44 47 42 43 44 47 44 45 44 42 43 44 44
42 43 44 43 44 44 44 46 44 42 43 43 44 44 42 43 42 44 40 43 45 44 44 43 44 42 44
42 43 44 43 44 41 44 48 44 42 43 43 44 44 42 43 42 43 40 43 43 43 49 44 42 43 43
42 42 43 44 46 43 41 43 49 44 42 43 44 44 44 42 44 43 41 44 50 44 43 44 47 44 44
43 44 44 42 44 43 43 44 41 44 49 44 42 43 44 43 41 43 47 44 46 44 42 43 47 46 44
43 42 46 44 42 42 43 43 43 41 44 49 44 42 44 42 43 42 43 45 44 45 44 42 44 44 44
42 44 45 42 43 43 44 43 40 44 48 44 43 43 44 43 44 43 44 40 44 42 44 51 46 42 43
41 43 44 43 44 43 44 41 43 48 45 42 44 44 44 44 44 43 44 44 45 45 47 120 109 46 43
43 43 44 44 43 43 44 44 44 42 45 50 46 44 45 44 44 44 47 44 46 53 141 443 88 49 44
43 44 44 42 43 43 43 43 41 44 49 44 43 44 43 44 45 44 42 47 44 82 115 45 44 49 44
43 44 44 44 44 44 44 43 44 45 43 46 50 46 44 45 44 46 46 46 62 299 248 64 46 46 45
43 43 40 43 49 44 43 43 43 44 45 44 46 50 46 45 42 44 46 46 105 202 166 67 49 44 46
43 40 43 41 44 43 44 43 43 44 42 43 45 43 44 48 41 42 44 43 47 64 56 49 44 42 44
41 44 48 44 43 43 44 43 44 44 45 48 46 45 45 44 43 45 46 44 47 228 103 48 45 46 46
42 41 44 49 45 43 44 43 44 45 46 46 46 50 47 46 45 45 46 49 63 218 284 97 55 47 50
43 42 44 48 45 42 43 43 44 44 44 44 48 45 44 44 41 44 44 45 46 84 127 108 58 46 47
42 43 41 44 50 44 42 43 43 43 45 44 44 44 45 44 43 42 43 45 45 51 57 100 62 46 44
43 44 42 44 42 44 49 44 44 44 44 44 46 46 48 47 48 46 45 50 50 59 78 279 155 65 47
42 47 43 44 45 42 44 47 44 44 45 44 46 47 48 47 44 46 47 47 48 58 70 246 267 204 54
43 43 41 44 49 44 43 44 42 44 45 45 45 45 47 49 44 43 44 50 46 45 49 94 126 144 67
42 43 44 42 44 47 44 44 44 44 45 46 46 47 48 58 46 47 46 45 46 45 46 72 93 95 68
46 44 43 44 44 43 44 44 45 49 48 50 52 61 60 81 61 65 61 52 52 57 53 85 117 158 118
43 48 44 43 44 43 44 45 46 49 51 55 63 80 77 110 76 86 62 55 51 52 51 61 118 168 123
44 42 44 44 44 44 44 45 51 55 58 71 103 100 111 129 102 89 75 69 56 48 47 49 60 110 100
44 46 44 44 45 45 46 47 58 74 109 152 143 166 185 190 137 140 129 136 101 112 79 71 56 125 103
45 46 44 44 46 46 46 47 60 82 125 164 157 168 183 186 139 138 135 133 121 149 157 136 109 150 146
44 45 45 46 46 46 47 48 63 85 129 166 204 231 185 221 155 130 140 139 115 146 146 112 96 129 134
43 45 45 45 46 45 46 50 62 84 133 174 170 222 200 183 144 114 94 110 82 92 95 69 63 59 51
44 44 44 44 45 45 46 47 61 83 134 126 142 152 168 134 105 101 115 113 97 118 165 107 66 63 53
44 49 45 43 45 44 46 47 59 95 122 120 137 141 127 236 134 127 102 111 69 60 75 56 52 51 51
42 43 42 44 47 44 43 45 62 81 117 127 133 95 122 82 72 56 52 50 48 47 48 49 46 46 46
44 41 44 45 41 44 48 48 64 121 137 130 159 156 111 87 61 50 50 48 47 51 48 48 46 45 46
45 44 46 44 43 44 45 51 68 133 135 136 132 110 100 80 69 53 51 46 46 46 47 46 44 46 51
43 43 44 44 45 44 45 46 62 107 140 131 117 121 92 72 65 49 51 46 47 47 47 46 42 46 49
43 49 44 43 44 43 44 46 57 86 111 122 105 105 74 64 51 49 46 46 44 46 48 45 44 42 46
42 44 49 45 45 44 46 48 72 162 189 184 172 142 102 74 57 49 50 49 48 49 46 46 51 47 47
44 46 43 45 44 45 49 49 85 178 210 199 196 169 120 84 59 53 51 51 49 49 50 46 46 52 48
43 47 44 44 45 44 46 50 82 154 181 211 203 174 122 74 56 52 50 51 49 50 50 46 46 53 48
44 45 43 45 50 45 46 50 111 182 185 199 200 185 136 78 56 52 52 56 50 50 51 46 46 48 48
44 44 45 44 46 47 47 64 133 179 179 196 233 221 180 87 58 55 53 54 51 50 51 47 47 50 45
44 44 45 46 46 46 46 54 120 204 196 188 216 188 115 70 55 53 51 51 53 50 48 46 46 47 49
43 45 45 45 44 45 49 52 127 184 202 193 233 124 82 63 52 51 50 50 43 49 54 47 45 47 46
44 45 45 45 43 46 51 55 213 245 249 239 252 141 92 72 54 55 58 52 49 50 49 47 47 48 48
44 44 45 45 46 46 47 56 264 290 270 268 279 153 94 71 58 56 56 54 56 52 50 48 46 49 49
44 46 44 45 46 46 47 50 206 287 266 292 304 161 94 71 59 59 56 56 52 50 51 48 46 49 46
44 45 46 46 46 45 48 55 223 370 323 330 275 187 106 76 61 58 56 56 54 53 53 48 47 50 50
46 46 47 48 48 47 50 65 214 458 402 425 376 298 183 110 70 66 61 62 55 59 62 52 50 53 51
46 46 46 46 47 47 48 56 119 247 336 352 326 274 207 134 81 66 66 65 61 63 58 53 50 53 55
46 43 44 44 45 46 48 50 62 79 105 126 135 133 100 78 62 65 60 59 53 51 61 48 46 46 46
53 44 41 46 54 49 54 56 62 73 82 97 97 123 103 84 75 75 77 72 59 50 52 52 47 46 46
62 53 57 52 58 65 77 82 91 95 97 108 120 145 128 114 109 124 146 135 100 104 68 57 48 48 48
56 55 51 51 59 62 76 88 90 85 90 94 95 97 94 103 111 134 162 132 104 118 81 64 44 49 54
51 47 54 53 53 57 58 69 67 63 65 66 67 74 65 66 77 104 102 69 65 68 57 53 42 46 51
56 62 76 62 76 71 78 86 75 76 78 81 76 70 67 82 77 88 74 57 51 54 51 46 46 42 46
80 87 80 79 75 79 96 106 106 101 110 106 85 83 92 129 105 127 86 69 71 75 67 50 52 49 46
48 50 53 57 58 70 74 79 72 79 78 83 68 66 67 93 86 87 61 75 78 83 64 47 47 53 47
