44 46 46 47 47 48 50 151 97 47 45 44 45 43 44 44 42 43 44 43 44 45 46 45 44 42 43
43 40 44 45 45 46 45 50 59 45 44 44 41 43 49 44 42 42 43 44 43 43 43 44 46 45 42
44 44 45 48 45 43 47 52 85 66 47 46 49 44 43 43 42 38 43 44 45 38 43 49 44 43 43
43 44 46 46 46 43 48 66 134 69 49 44 44 44 43 44 43 43 40 43 42 43 50 43 42 43 43
44 43 44 45 46 46 45 54 140 53 46 44 44 43 44 43 43 43 44 43 45 43 43 46 42 43 44
42 44 45 44 47 44 45 50 52 44 45 41 44 49 44 42 44 43 42 42 44 44 44 42 43 48 44
44 48 44 45 48 47 55 87 65 46 45 43 43 44 44 44 43 46 44 44 44 43 44 43 44 41 43
44 47 46 46 47 47 62 109 67 44 45 46 44 44 42 44 43 42 45 42 44 44 44 44 40 43 48
43 44 45 42 46 52 60 59 47 44 44 44 44 44 46 44 42 43 38 43 49 43 43 43 44 43 44
46 48 50 46 51 72 122 76 49 46 45 44 44 43 47 44 42 44 39 43 49 44 42 43 42 43 44
57 65 69 71 75 205 343 177 63 56 51 46 46 44 44 46 43 43 44 39 44 49 44 43 43 44 44
48 53 54 55 58 121 161 92 50 49 46 45 45 43 44 48 41 43 49 46 43 44 43 43 44 44 44
47 50 51 51 67 105 96 64 50 45 46 46 44 42 43 43 43 40 44 49 44 43 44 42 43 44 44
63 73 76 79 203 266 260 130 67 59 53 46 45 46 44 42 43 42 44 49 45 43 44 43 43 44 44
56 65 69 70 138 217 234 95 63 58 51 45 44 44 44 44 45 43 47 44 44 44 42 44 47 44 42
44 45 47 46 58 62 55 46 45 42 44 46 44 42 43 44 44 43 44 44 45 43 43 43 46 44 42
45 46 49 50 83 69 53 48 45 45 48 44 42 42 44 43 45 43 43 46 44 43 44 41 43 47 45
51 48 51 56 69 72 52 48 46 46 43 44 46 44 42 42 46 44 43 44 44 44 43 42 43 46 44
50 46 49 53 57 62 50 46 46 43 44 46 44 42 43 44 41 42 44 43 44 41 44 48 44 42 43
45 42 47 49 58 59 50 46 47 44 44 44 44 42 44 49 42 43 44 43 44 42 44 46 44 41 43
53 52 65 87 130 110 71 56 56 48 47 45 43 43 49 44 42 42 43 44 44 44 42 43 48 44 42
69 83 147 188 230 243 163 88 75 62 55 47 45 44 45 43 45 43 47 42 45 45 44 44 45 44 46
56 68 80 84 128 160 116 72 62 54 50 46 46 44 43 43 42 44 43 46 42 43 44 44 43 43 44
72 96 198 185 197 259 197 126 92 66 57 47 46 44 45 44 43 44 44 48 43 44 45 44 44 46 45
126 230 617 384 348 359 314 248 163 95 73 56 47 46 46 44 44 45 45 46 46 46 46 44 45 48 46
104 144 354 332 342 335 299 258 228 106 72 54 46 47 44 45 44 45 46 45 44 46 45 45 45 42 45
88 113 137 224 245 294 323 235 216 95 67 51 46 45 45 45 44 45 45 43 45 45 45 44 42 45 50
113 157 353 344 268 320 367 372 273 267 136 56 46 46 46 46 45 45 43 46 46 51 46 44 45 45 46
136 298 410 373 310 396 376 353 299 254 187 89 46 47 51 46 45 47 45 46 49 46 46 45 45 46 46
95 154 174 242 223 258 277 289 207 230 197 92 48 45 46 50 43 44 45 44 46 45 46 44 44 45 48
95 121 142 239 218 205 311 312 241 224 184 69 55 45 44 44 43 44 45 45 45 45 46 45 46 44 43
95 125 163 244 186 191 297 338 282 256 190 120 46 43 46 50 43 44 44 45 46 45 46 45 45 45 45
90 115 151 187 149 165 240 366 330 270 187 121 46 44 45 45 44 45 46 47 46 44 44 44 45 45 42
73 89 104 111 121 117 198 239 244 255 175 89 46 44 44 44 43 44 42 44 49 45 44 44 43 44 44
87 101 108 116 162 173 235 383 271 234 173 63 45 44 45 45 44 44 42 44 43 45 50 44 44 44 44
80 93 102 110 122 181 162 355 256 205 158 53 45 45 45 44 45 44 44 42 45 42 44 49 44 44 44
76 93 115 114 148 156 197 186 174 147 87 50 44 44 44 44 45 44 45 41 45 42 44 49 44 43 44
75 90 103 122 163 170 182 191 172 140 70 47 45 43 44 44 43 44 44 42 45 49 45 44 44 42 44
82 89 106 131 166 157 172 192 155 129 62 49 45 44 44 46 43 44 44 41 45 50 45 43 44 43 44
164 130 131 176 191 184 186 204 178 126 67 50 45 45 46 44 43 44 44 44 42 44 50 44 44 44 43
246 260 143 163 194 236 213 252 224 117 68 55 46 44 45 44 45 44 49 44 45 46 44 45 48 45 45
140 132 104 101 135 194 171 182 156 76 63 48 45 44 43 43 43 44 44 47 44 44 45 43 44 47 45
275 369 180 149 189 271 234 226 161 84 66 51 45 45 45 45 46 46 44 48 44 46 46 44 44 49 45
334 377 260 188 224 322 291 306 177 97 72 57 46 45 45 44 44 46 46 46 46 46 46 46 45 46 45
308 366 308 212 223 266 269 273 161 91 69 53 46 45 46 43 43 45 45 46 46 44 46 48 45 45 45
163 259 253 172 145 159 176 159 91 68 58 48 46 44 42 45 44 44 44 44 45 46 44 44 46 44 45
345 460 356 324 238 286 271 229 139 91 70 53 44 46 45 46 45 46 46 46 46 46 46 48 46 45 45
383 514 434 410 358 362 306 247 143 103 75 54 46 46 46 46 46 47 49 46 47 48 44 46 50 46 45
287 466 390 386 378 330 265 182 121 92 74 53 46 45 45 46 45 46 46 47 46 48 50 45 44 46 45
252 488 447 400 406 310 233 169 120 90 70 53 47 43 46 49 45 47 47 46 47 49 46 44 45 46 46
416 602 457 419 415 382 315 207 137 100 75 55 48 46 44 46 46 47 47 47 47 48 46 46 46 48 46
354 704 656 603 520 451 381 235 162 118 84 57 48 46 47 47 47 53 48 48 48 49 49 46 46 48 46
138 227 359 410 406 315 214 145 106 85 70 52 45 44 45 45 42 46 50 46 46 46 46 45 44 45 45
144 222 417 525 409 231 175 145 106 83 66 51 46 45 45 46 45 46 44 45 44 46 50 46 45 45 44
88 95 111 141 158 119 87 72 68 56 50 46 44 43 44 44 44 44 46 42 45 44 44 44 44 44 44
56 74 67 78 72 69 56 54 55 48 44 44 44 43 44 41 44 43 44 40 44 42 44 48 44 42 43
74 72 67 66 67 63 58 51 50 53 46 43 44 43 44 44 43 44 44 40 44 49 44 42 44 43 44
103 96 80 73 78 67 62 59 53 50 48 45 45 47 44 44 43 44 44 42 45 48 44 42 44 47 44
302 167 142 125 119 102 100 90 74 62 57 51 50 46 47 46 45 46 49 48 44 47 51 46 44 46 44
174 126 101 92 91 81 79 79 65 56 56 52 48 46 45 44 47 49 47 45 47 51 47 48 46 44 46
87 95 78 71 68 65 63 60 54 49 49 46 47 44 43 43 43 49 45 48 43 47 49 49 44 43 44
126 132 105 94 87 81 79 68 59 53 48 49 51 44 43 45 49 49 49 48 46 53 47 43 44 49 45
228 187 148 125 110 105 100 93 77 63 58 58 49 45 49 53 53 62 51 52 53 63 54 49 44 44 46
79 79 74 67 68 67 65 60 55 52 47 48 48 45 50 49 48 54 48 54 56 58 55 44 44 46 50
