73 49 45 46 44 44 44 45 45 67 57 43 44 44 44 44 43 53 66 44 44 46 44 45 43 44 43
50 44 48 44 44 45 46 51 56 268 372 61 51 51 51 53 51 114 313 110 46 46 44 46 46 45 46
49 43 44 44 45 44 43 51 53 83 240 63 55 52 53 54 52 136 360 82 51 45 46 45 43 44 45
42 43 44 44 44 44 47 47 49 63 74 44 46 44 45 42 43 46 65 43 46 46 44 46 43 42 43
41 43 44 43 45 44 46 46 53 64 57 45 49 44 44 45 43 44 62 44 48 49 44 45 43 42 43
41 43 45 44 45 43 44 48 52 63 51 44 47 45 46 45 44 46 80 64 53 46 45 43 43 43 44
42 43 44 45 45 42 43 45 48 58 44 44 50 44 44 45 42 44 57 49 47 45 44 46 44 42 43
42 46 44 44 46 42 44 46 52 64 42 44 50 44 42 44 42 44 51 47 48 44 45 44 42 42 44
43 45 44 42 45 44 44 51 89 116 54 46 45 45 45 46 45 47 84 63 45 44 42 44 42 44 49
43 44 44 42 44 44 45 47 65 72 55 47 45 46 46 46 50 53 180 125 50 45 43 43 43 44 44
42 44 44 44 41 46 50 49 73 71 46 44 46 45 46 49 43 48 91 79 45 44 43 43 44 42 44
47 46 46 44 43 45 46 113 196 172 69 57 51 49 51 52 51 80 153 112 48 42 46 49 46 44 44
44 42 46 44 45 49 48 91 165 177 92 59 56 56 55 59 96 220 308 279 53 46 47 46 46 51 45
42 40 44 45 45 48 47 54 82 84 58 51 49 50 55 52 58 159 231 223 49 45 45 44 49 44 44
43 41 44 48 45 43 46 60 136 85 49 47 50 46 46 47 48 53 95 69 44 44 43 44 44 44 45
43 43 44 48 45 43 47 62 163 113 56 52 55 49 49 50 59 89 159 80 45 44 44 49 45 43 44
43 44 42 45 50 44 43 46 56 53 48 46 46 49 46 46 48 80 118 76 48 42 44 43 43 44 44
45 44 44 44 42 43 49 46 44 47 44 43 45 43 44 47 44 47 50 52 46 42 43 42 43 44 44
43 44 44 42 44 48 44 43 46 51 50 44 44 45 49 45 44 52 51 43 46 43 43 44 44 43 44
43 44 44 44 44 43 45 42 48 58 48 46 46 44 45 45 47 64 56 43 50 42 43 44 43 44 46
44 43 47 42 43 44 45 46 49 51 50 45 44 44 45 45 44 56 54 46 46 43 43 43 44 44 44
44 43 44 44 44 46 46 71 89 106 67 50 47 48 48 50 51 67 50 47 52 44 44 44 43 44 44
44 46 46 48 45 47 65 155 298 290 244 106 72 73 78 133 184 199 183 86 53 52 49 49 48 48 45
43 45 46 47 48 47 52 94 179 218 171 97 69 68 84 168 202 225 216 123 59 53 49 48 48 44 45
44 44 46 47 46 43 60 142 225 166 142 95 67 63 77 106 122 118 124 84 50 47 49 52 46 45 46
44 50 48 51 51 50 113 244 280 233 201 174 122 99 195 227 192 172 215 131 54 50 51 50 51 47 46
43 52 48 50 49 48 75 143 180 176 167 142 122 88 168 189 185 162 200 205 84 53 51 52 49 46 46
44 46 46 49 51 46 52 86 122 145 143 114 92 78 120 174 184 169 181 169 64 55 56 64 77 51 44
47 47 50 71 52 54 81 271 288 284 255 207 149 145 193 253 205 163 140 94 53 51 52 60 56 55 46
49 47 67 66 51 57 126 221 209 215 196 185 161 188 168 200 174 178 207 179 63 51 52 52 52 45 46
50 47 47 51 49 50 68 127 149 185 179 170 179 196 179 205 191 185 157 161 72 50 52 56 52 55 48
45 45 50 54 51 53 72 228 202 204 172 186 192 235 198 222 152 163 130 100 53 50 55 54 57 95 49
50 44 65 99 53 55 86 191 176 185 182 225 202 249 209 231 137 142 157 98 52 55 60 54 60 70 47
50 63 49 80 53 48 77 180 164 190 166 208 197 197 184 199 132 142 148 92 54 49 54 95 112 48 51
45 51 48 51 49 46 53 106 152 160 146 152 159 154 140 166 111 108 96 66 48 46 49 85 111 49 47
44 47 49 52 54 50 58 112 162 197 178 208 206 223 204 154 129 112 81 71 52 49 51 55 55 47 49
43 46 50 55 53 46 49 103 149 133 135 138 132 171 140 124 116 115 78 63 49 45 48 50 49 46 42
44 46 46 45 46 47 46 51 55 61 65 71 71 73 85 67 70 57 50 45 45 43 44 46 46 44 44
42 48 51 59 48 45 46 54 52 55 69 85 83 99 80 84 59 57 50 47 45 44 45 46 44 44 51
45 48 52 51 52 46 45 49 55 71 81 83 80 70 72 74 74 68 55 49 44 44 44 50 51 45 46
47 50 45 46 45 41 44 50 46 46 55 51 52 52 50 50 49 46 41 44 49 44 42 52 44 43 45
43 46 48 46 44 44 51 50 47 56 75 74 71 62 63 72 61 49 48 42 44 49 45 51 48 46 50
44 46 44 45 46 45 42 45 51 48 54 58 54 50 52 51 52 46 46 40 44 49 44 47 49 44 50
48 44 45 55 52 46 49 52 48 49 63 79 76 63 60 64 63 46 48 52 45 43 46 63 62 44 45
47 57 51 125 88 53 50 53 56 63 86 112 120 100 95 98 103 63 57 58 48 48 50 184 398 46 46
43 50 48 86 56 43 44 46 47 49 51 63 67 56 56 62 60 50 46 46 48 44 51 131 128 44 44
51 50 50 124 138 52 50 56 60 65 83 118 148 148 147 127 116 78 58 56 46 48 68 84 59 45 44
47 53 49 98 149 66 54 72 84 98 129 205 292 267 244 221 213 120 85 69 55 53 100 110 72 47 46
46 46 44 53 70 55 50 62 63 78 96 136 184 136 131 137 131 85 68 56 49 47 66 60 54 45 44
45 46 46 48 51 52 53 58 62 75 95 129 157 114 103 122 116 84 76 66 53 63 71 51 53 45 45
46 51 50 58 56 78 85 87 114 136 176 229 253 197 181 208 204 191 183 162 87 115 190 65 64 46 46
46 44 49 58 54 63 74 94 138 150 199 236 224 188 173 197 191 238 224 189 125 136 121 65 56 47 45
43 45 42 46 50 46 50 56 61 66 87 118 108 97 88 96 92 102 80 72 58 56 63 47 50 45 45
45 52 48 53 54 49 72 105 126 144 190 260 226 194 170 181 200 190 146 157 113 81 66 53 54 44 46
44 50 53 58 57 50 64 107 140 202 276 302 267 225 205 216 226 231 212 202 103 64 58 59 57 49 47
42 45 50 47 48 46 48 57 64 71 99 118 120 111 103 122 127 94 81 74 50 45 47 47 49 45 42
43 42 44 46 45 45 45 44 45 46 49 50 48 54 61 58 51 49 47 46 45 44 44 44 44 41 44
44 47 46 48 50 44 50 63 63 67 79 89 92 145 135 133 103 85 68 61 49 47 48 48 44 45 50
50 56 52 48 49 50 51 68 75 77 82 95 109 156 159 135 109 87 72 64 50 50 51 49 48 45 42
44 54 47 43 46 50 48 51 54 52 56 63 66 76 87 72 63 57 48 52 54 46 46 46 44 43 44
42 54 48 47 44 46 56 53 51 52 54 60 66 64 69 69 65 58 55 48 50 53 47 46 44 44 44
44 86 80 67 67 68 90 88 81 85 100 124 111 113 131 159 134 129 90 68 63 65 59 49 49 45 48
48 86 79 74 73 72 77 86 76 82 98 119 94 100 102 123 94 84 69 66 58 52 54 48 48 46 52
43 48 49 50 52 56 50 54 54 59 66 75 62 64 63 67 59 56 50 53 50 51 47 44 45 47 46
