43 45 43 44 44 44 45 42 44 51 50 48 51 51 52 55 218 400 132 61 49 45 48 44 44 43 44
41 51 43 43 44 41 44 48 44 43 44 43 44 44 44 45 55 74 60 43 46 44 44 43 42 45 49
42 48 44 43 44 47 46 44 44 43 44 44 45 45 43 45 49 58 67 50 44 43 44 43 43 42 43
43 46 44 41 45 49 45 43 44 44 46 46 47 46 48 48 66 94 148 92 50 44 45 43 42 43 44
42 44 44 44 43 43 47 44 43 44 44 44 47 45 46 46 56 72 114 81 46 44 46 44 46 44 42
42 43 44 44 42 43 48 44 42 43 43 43 45 44 44 45 43 50 67 53 44 44 42 42 43 44 44
43 43 44 44 43 44 44 44 44 42 45 49 46 44 46 45 51 56 76 84 45 44 44 44 43 43 44
42 44 42 43 44 44 44 44 45 48 47 47 49 47 51 51 81 121 182 82 46 43 44 44 44 44 44
42 43 43 43 44 44 44 42 44 46 45 43 45 45 47 46 59 72 82 53 46 44 43 44 47 44 44
49 43 44 43 43 43 44 43 44 41 44 50 45 43 45 46 57 59 56 46 45 45 41 43 48 44 42
43 45 44 42 44 44 45 44 42 46 54 49 49 51 52 79 146 157 97 53 44 44 44 41 43 49 44
43 44 44 44 44 42 44 44 44 47 50 51 58 57 62 172 187 139 97 51 42 44 49 44 42 43 43
42 43 40 44 49 43 43 43 43 44 47 47 48 52 58 97 105 66 62 49 44 40 44 49 44 42 43
44 41 44 44 44 44 49 44 42 47 60 53 55 93 153 165 90 63 60 47 44 43 44 44 44 41 44
44 44 45 44 42 44 50 46 46 55 73 70 92 290 309 291 167 104 95 52 46 50 46 45 44 43 44
42 44 44 44 45 45 45 46 47 52 66 63 75 241 228 224 103 74 74 50 45 45 44 44 42 44 47
44 48 44 42 45 43 45 44 46 47 52 61 70 109 103 84 51 51 50 47 42 42 44 43 44 44 45
41 44 48 44 45 44 46 44 54 54 81 115 121 169 165 132 69 63 60 54 44 44 44 44 44 42 44
40 44 49 45 44 44 43 45 48 51 93 116 124 103 93 74 59 55 55 47 46 44 44 41 43 48 44
42 50 44 43 44 41 44 50 44 49 64 59 57 52 51 49 43 45 44 44 44 43 44 41 43 47 44
44 46 44 44 44 42 45 59 47 100 104 102 78 70 68 55 49 48 49 44 44 44 44 43 41 44 48
44 45 45 42 45 51 51 54 58 161 237 216 142 110 121 77 65 62 62 55 46 43 44 43 43 44 43
43 46 44 41 49 49 46 45 50 98 145 173 141 169 116 70 58 58 53 50 51 44 43 44 42 43 45
42 44 44 45 42 44 50 47 48 124 128 124 98 116 119 70 56 56 56 49 45 42 50 44 42 44 43
44 45 47 46 44 45 51 55 76 224 256 236 166 164 199 115 72 74 75 56 46 44 44 44 45 44 45
45 45 45 45 47 46 47 55 76 172 251 244 199 200 295 168 92 91 86 61 48 46 45 45 44 44 46
42 44 43 45 46 44 45 44 52 81 142 169 186 156 253 156 81 80 75 57 47 44 44 44 44 44 42
44 46 45 45 46 45 47 51 56 102 244 261 263 244 297 226 133 125 116 64 50 46 46 45 45 48 45
44 45 46 45 46 44 47 54 57 137 253 236 213 270 199 210 169 162 146 73 47 46 50 45 45 44 43
46 45 45 44 46 46 45 47 55 78 183 208 160 232 167 193 156 156 148 88 50 45 45 44 45 45 44
55 54 57 52 54 54 56 70 120 235 4095 408 348 355 330 359 223 232 212 109 62 53 52 51 48 50 49
45 43 47 49 46 45 45 49 52 71 157 186 201 210 215 301 141 158 148 114 60 49 45 46 45 43 44
45 47 46 44 48 46 47 48 50 65 119 169 216 171 175 280 130 141 135 117 69 50 46 46 44 43 44
45 41 45 48 46 46 46 46 51 65 99 168 185 264 218 230 142 153 146 121 74 47 48 46 46 44 43
44 46 46 45 47 45 45 46 51 65 97 113 245 259 282 247 155 165 161 148 57 46 46 45 46 45 46
46 50 46 44 46 44 47 48 53 67 100 160 168 314 324 232 155 166 156 147 53 46 48 45 45 44 45
41 44 44 45 45 44 45 45 47 55 72 77 92 189 134 153 119 128 123 103 46 44 45 44 44 45 44
41 44 49 44 43 44 44 44 47 52 64 70 83 140 90 114 101 110 105 84 47 44 44 42 44 47 46
44 46 44 44 44 44 45 45 46 54 66 74 96 109 81 97 90 98 94 79 49 44 45 44 44 46 45
46 49 46 45 45 42 47 49 47 64 77 87 125 103 82 102 90 95 92 93 56 44 45 47 42 44 47
44 45 44 42 44 49 45 45 46 61 74 86 106 94 89 96 85 91 88 78 48 43 44 45 44 44 42
43 43 44 48 45 45 44 44 45 53 65 78 120 84 88 88 74 78 81 57 46 44 43 48 44 44 44
43 44 44 44 47 44 47 47 46 54 69 82 140 93 109 117 110 117 120 63 47 44 43 44 44 44 44
44 44 46 44 49 44 45 47 53 68 86 125 128 81 113 135 135 140 133 71 46 44 44 44 44 41 44
49 46 44 45 46 46 47 74 153 269 299 308 181 100 111 146 134 142 140 71 54 50 46 44 44 45 47
44 48 44 44 47 45 47 49 94 206 327 341 177 108 103 113 96 105 97 66 47 44 45 44 44 45 42
44 45 46 45 46 46 47 59 204 287 306 303 167 159 143 107 100 105 101 60 48 46 45 50 45 44 44
53 46 46 47 46 43 46 58 98 156 187 201 196 213 198 150 126 135 126 73 46 47 51 45 44 44 44
46 44 45 45 46 45 45 49 61 77 120 194 221 193 185 186 119 124 118 70 49 48 44 43 43 45 43
45 45 45 48 46 44 46 46 51 64 88 136 255 211 208 227 122 131 127 74 47 46 44 44 45 43 44
46 52 44 46 50 46 46 49 54 69 104 161 296 255 248 270 203 212 200 97 51 53 46 46 45 45 44
51 47 50 46 47 48 48 50 55 69 106 138 284 250 252 268 245 265 252 170 52 51 47 45 45 45 45
46 43 47 49 46 45 47 48 52 64 91 94 160 205 238 258 262 288 272 127 47 47 50 46 46 47 45
46 46 44 45 46 46 47 46 50 63 80 78 93 138 212 244 206 215 210 87 47 46 45 45 48 45 44
45 48 49 45 47 46 48 47 51 59 84 80 91 135 196 243 213 230 216 68 46 46 46 45 45 47 45
44 42 47 49 48 45 49 48 54 60 77 80 95 104 176 246 195 209 195 85 50 46 47 46 45 49 45
43 47 49 46 45 48 47 49 51 54 65 68 74 79 116 149 115 123 119 79 56 46 46 46 49 46 44
45 48 47 48 48 48 51 54 54 56 56 60 69 70 81 99 75 82 85 71 53 53 50 48 52 51 44
57 57 59 58 63 56 69 70 72 74 73 76 78 74 86 94 87 89 89 71 52 58 51 57 47 51 45
97 48 55 54 58 54 65 75 70 72 74 74 79 74 68 73 78 83 80 62 56 61 50 56 53 45 46
65 43 48 53 49 50 56 57 55 61 66 65 71 65 66 66 72 75 79 59 57 58 51 57 46 44 44
47 49 52 52 64 54 65 62 59 60 70 76 74 67 73 77 84 89 93 62 55 62 48 50 49 44 44
46 56 62 69 77 69 85 85 72 74 88 92 77 71 74 81 90 90 87 60 53 67 51 49 45 42 46
44 50 50 53 57 60 66 62 58 58 64 68 64 62 59 62 66 64 62 52 53 59 62 47 44 44 49
