40 44 50 45 43 44 43 43 43 43 44 42 44 46 44 45 42 43 42 44 44 44 44 40 43 48 45
42 47 44 44 44 41 44 49 44 42 44 43 44 44 45 47 41 44 46 44 42 43 43 43 44 42 44
42 44 42 47 49 43 44 44 42 43 44 43 44 43 44 47 43 42 44 47 45 43 44 42 43 44 44
42 43 44 45 44 46 44 45 44 42 43 44 44 44 42 45 43 43 44 43 45 44 43 45 44 43 44
47 44 43 44 43 43 44 43 43 44 44 45 44 43 44 44 43 43 45 42 43 44 43 43 43 44 47
43 49 44 43 44 42 44 44 43 44 42 44 47 45 43 43 42 42 44 44 44 44 43 41 43 45 44
43 42 44 43 44 44 44 44 44 45 45 44 43 44 45 44 41 43 48 44 42 44 42 43 45 45 44
43 44 43 44 43 43 44 43 44 43 44 46 45 43 44 44 42 41 44 49 44 43 44 43 44 45 44
42 43 44 44 44 43 44 44 46 44 42 43 44 44 44 41 43 43 44 40 43 44 43 46 44 43 43
41 43 43 43 44 44 44 42 44 46 44 44 44 44 44 44 43 43 45 44 44 43 42 43 43 45 44
42 43 43 43 45 43 43 43 44 46 44 43 45 45 44 43 43 42 44 44 44 43 43 43 46 45 42
43 42 44 43 44 44 43 43 43 44 46 46 46 45 46 44 42 44 43 44 43 43 47 44 42 43 43
43 43 44 43 44 49 45 42 44 43 44 47 51 48 50 44 42 44 44 43 45 44 46 44 43 44 43
42 43 42 44 48 44 43 44 44 44 45 51 127 56 46 44 42 43 44 43 44 41 44 48 44 42 44
43 44 44 45 45 43 45 45 44 45 43 49 131 133 47 46 44 47 42 43 45 43 44 41 43 48 44
47 46 44 45 44 44 46 44 44 42 45 53 70 188 50 46 44 44 47 42 43 44 44 44 41 44 49
43 46 44 44 45 44 46 44 44 44 45 46 64 90 50 44 44 44 46 43 43 44 44 45 41 44 48
43 49 44 44 45 43 45 44 44 44 42 59 70 99 49 46 39 43 44 46 42 42 44 44 44 41 43
41 45 47 44 46 44 44 44 44 44 46 61 60 61 57 46 43 42 44 44 44 43 41 44 48 45 43
42 45 42 44 42 44 50 45 43 46 55 69 64 54 53 48 43 44 43 43 44 43 44 41 44 49 44
42 48 44 44 45 42 45 51 47 54 74 72 85 48 49 45 42 43 43 43 44 44 44 41 43 48 44
43 47 45 45 51 46 48 50 66 104 92 68 54 48 49 46 43 43 44 49 44 45 44 44 43 44 44
43 46 52 45 51 59 59 79 155 142 88 56 52 48 49 46 44 44 45 47 45 44 43 43 43 44 42
46 48 52 55 60 69 114 151 217 121 59 51 48 49 55 46 44 45 46 43 49 45 43 43 43 45 45
55 60 65 67 87 130 197 183 156 68 51 51 51 47 52 48 45 42 46 48 46 42 43 43 44 45 42
51 60 76 81 149 177 173 146 92 53 50 51 49 49 53 48 48 45 47 45 44 44 44 43 44 43 44
50 76 96 125 164 174 140 96 56 51 49 50 51 49 50 49 51 45 45 49 51 44 44 44 43 44 44
54 96 185 198 153 167 136 70 54 51 50 53 54 52 54 51 46 46 47 50 50 49 48 45 44 44 44
131 194 300 204 128 152 93 66 57 52 52 53 53 55 54 52 47 50 50 50 46 44 45 42 43 44 44
171 137 161 140 77 75 60 57 54 53 51 52 51 52 50 48 46 47 47 50 46 42 43 44 43 44 43
134 201 189 128 82 84 91 88 70 71 63 71 72 79 71 80 59 54 55 45 45 45 45 44 44 44 44
91 191 229 125 92 88 136 158 95 88 91 94 101 110 101 147 101 83 80 48 51 45 44 44 43 44 45
57 84 106 85 75 76 124 188 129 113 111 114 127 164 161 245 122 100 99 55 46 49 45 45 44 45 45
49 55 62 63 64 66 109 136 136 148 110 142 149 216 363 306 158 106 107 56 47 48 45 46 44 43 44
50 50 54 56 54 56 74 98 120 87 137 161 158 227 206 210 152 105 109 84 49 45 45 45 42 44 49
44 46 51 52 48 48 49 53 58 60 66 92 110 160 181 140 123 91 95 70 45 45 44 44 43 44 46
44 50 46 45 46 45 46 47 47 48 48 58 82 98 118 106 93 93 94 59 43 43 45 43 44 42 44
44 45 46 46 46 47 47 46 46 47 48 52 62 82 118 159 108 93 94 59 45 44 45 44 47 44 43
43 45 42 45 44 46 50 46 44 46 47 50 56 71 80 138 115 87 86 46 45 44 44 41 43 48 46
44 46 44 45 45 46 45 46 51 46 46 50 61 72 74 88 88 67 67 44 46 44 44 42 44 47 44
43 44 43 45 50 45 43 45 45 46 47 50 71 77 77 85 75 62 62 50 46 44 43 42 43 44 43
43 44 46 43 46 51 46 45 46 47 49 56 84 91 90 88 70 58 58 46 45 44 43 43 43 44 41
44 44 47 52 48 48 48 46 48 50 53 72 131 155 120 107 71 55 56 44 47 46 42 43 43 44 44
44 46 47 50 50 48 51 49 49 52 59 87 166 179 117 111 74 50 51 44 44 44 44 44 41 44 49
45 46 53 50 51 51 48 52 58 56 62 127 170 181 162 134 82 50 50 45 43 44 44 44 44 41 44
45 47 48 51 51 50 51 51 54 62 64 126 161 178 182 151 75 49 49 46 43 44 45 44 44 41 44
44 47 51 56 54 52 57 54 53 57 69 137 142 174 178 140 58 48 48 40 45 50 45 43 44 42 44
51 53 86 149 82 64 60 63 57 57 74 127 165 162 164 130 55 48 49 44 45 40 43 44 46 44 44
51 63 100 167 186 142 92 76 62 62 72 94 147 124 118 97 53 47 48 44 45 43 44 44 44 44 46
54 65 119 189 205 187 148 131 79 68 68 85 161 121 104 82 51 48 48 46 46 44 44 44 49 45 44
53 72 112 162 143 168 157 152 132 95 73 88 98 112 97 74 49 48 45 46 50 44 44 45 43 44 46
51 58 116 143 78 100 156 149 159 109 121 144 102 108 91 64 48 47 48 46 44 44 44 45 44 44 44
49 55 71 77 65 72 83 124 153 167 159 231 162 118 92 64 50 47 48 44 45 47 45 44 43 43 44
51 51 56 63 63 65 70 75 127 193 189 283 208 127 84 63 51 48 50 44 44 44 45 44 44 44 44
52 56 60 77 89 89 74 71 95 155 280 391 272 109 72 65 52 48 51 44 44 44 44 45 46 44 45
55 67 65 93 124 123 98 74 75 105 172 283 179 82 63 65 49 47 49 47 43 43 44 44 44 44 44
75 73 74 100 161 145 86 74 69 82 101 116 96 64 58 55 47 48 48 45 44 44 46 44 45 44 42
71 88 81 117 152 130 118 96 72 67 69 76 64 55 59 57 48 47 47 46 45 44 44 43 44 46 44
94 131 104 133 159 149 144 110 84 68 59 67 63 58 56 55 46 51 57 50 46 44 44 43 45 44 44
159 127 116 155 181 165 168 137 104 71 60 67 62 59 59 55 59 53 53 48 47 43 44 49 46 44 44
132 112 133 150 156 154 157 123 86 66 58 62 60 58 56 64 59 62 62 54 46 43 44 44 44 51 44
95 136 95 109 118 122 134 109 75 63 58 59 57 55 58 62 61 71 71 52 48 44 43 43 44 47 45
97 106 74 87 86 90 91 81 63 55 56 55 51 50 54 57 56 61 63 48 46 44 44 44 42 44 47
97 74 68 68 74 78 82 70 56 53 53 58 48 49 52 51 61 50 50 48 45 44 44 44 44 41 44
