43 43 44 46 44 42 43 43 44 44 42 43 49 44 44 44 44 47 43 43 46 52 50 45 45 44 46
43 44 44 41 46 44 43 42 44 43 43 44 43 44 48 44 43 45 44 44 46 63 78 48 42 44 45
43 47 44 44 45 43 44 44 44 44 46 44 45 44 44 43 42 44 44 47 47 63 201 61 44 48 57
40 44 44 44 45 44 44 44 45 44 42 46 51 45 44 45 47 45 44 50 49 64 280 120 46 68 110
46 44 46 44 43 43 44 43 44 41 45 49 45 44 44 44 45 46 49 45 57 66 105 75 45 153 424
44 44 44 46 44 44 44 43 43 44 45 41 44 49 44 43 42 44 46 49 64 49 66 67 49 117 251
42 40 44 42 44 48 44 43 43 42 43 44 44 44 45 43 42 42 44 65 65 50 48 50 51 67 89
44 42 42 44 43 43 47 44 43 44 44 44 44 44 44 44 43 42 47 102 63 45 44 49 50 52 69
43 41 44 48 44 43 44 42 43 44 44 44 44 44 46 44 43 45 76 134 55 44 44 45 44 47 62
43 43 42 44 48 44 44 44 42 43 44 44 44 44 45 44 44 52 124 144 47 44 46 45 45 54 57
42 43 43 44 48 44 43 44 43 43 44 43 46 50 46 44 48 92 160 163 47 44 48 46 46 85 55
43 44 44 42 44 49 46 43 44 43 44 45 45 46 46 48 63 126 174 138 45 46 44 49 62 131 79
42 45 43 44 46 44 45 46 44 45 45 44 45 46 47 51 91 147 156 124 46 45 45 55 101 150 114
45 45 47 43 44 45 44 44 44 44 46 45 45 45 47 58 105 131 141 110 49 45 46 78 107 155 103
43 43 44 43 45 46 45 46 44 43 44 44 46 46 44 63 119 130 124 74 49 47 52 118 105 137 92
43 44 44 44 44 44 44 44 46 44 43 44 46 46 46 71 119 118 85 49 45 46 63 136 121 142 94
42 43 44 44 44 44 46 44 46 44 43 44 46 45 46 60 108 104 53 47 46 48 79 145 144 184 96
42 44 43 43 45 44 44 43 44 46 44 43 45 45 45 58 83 65 48 47 46 45 64 148 139 157 63
41 43 43 43 44 43 44 45 44 45 44 42 44 44 44 53 53 46 45 47 45 48 50 110 103 88 55
43 42 44 46 44 42 44 43 43 44 42 44 49 45 47 58 47 47 45 44 44 45 50 78 68 52 46
44 46 44 43 45 41 44 48 44 42 44 43 45 46 53 75 50 44 45 42 44 45 48 60 46 45 50
44 44 44 41 44 49 45 43 44 43 44 45 46 51 91 108 62 45 40 44 51 48 65 55 43 44 46
43 44 44 43 45 43 44 45 44 45 42 45 51 70 108 116 76 47 44 47 48 52 87 47 44 48 45
48 44 44 44 44 44 46 47 46 42 46 51 51 87 124 111 69 46 48 45 52 80 91 49 42 44 49
44 45 45 45 48 46 46 71 50 47 47 46 65 104 149 111 76 49 53 51 80 121 108 54 44 43 45
43 41 45 43 46 52 51 68 46 45 47 50 79 116 148 126 62 48 52 70 104 127 97 47 49 45 44
44 43 43 45 47 48 48 56 47 44 48 57 83 108 105 98 72 53 50 95 149 172 119 48 44 45 43
43 44 46 46 48 47 53 57 47 47 52 71 109 145 116 104 70 51 55 127 163 194 155 58 46 46 45
44 45 46 46 46 49 49 47 46 46 51 82 103 138 104 86 47 49 56 86 94 115 83 46 44 42 44
42 44 46 45 47 46 53 46 45 45 60 86 88 105 82 62 50 51 61 73 77 76 57 44 43 45 42
44 44 45 45 47 51 49 46 46 49 91 106 119 128 112 108 54 55 67 75 77 83 54 44 44 50 45
45 47 45 47 49 49 59 54 49 49 91 157 134 158 139 149 79 94 106 101 92 124 59 47 43 46 50
50 50 57 58 59 65 73 77 68 63 113 146 150 210 191 167 107 112 118 123 130 3054 103 56 47 53 60
46 45 51 47 49 55 61 51 54 62 91 122 144 190 184 140 118 121 120 101 87 111 52 46 46 45 47
45 46 47 48 50 62 72 54 52 56 83 127 165 223 216 130 143 138 127 122 87 100 58 47 47 51 53
45 46 47 48 51 91 69 51 49 52 67 120 138 170 187 112 125 108 95 87 80 73 51 47 45 46 66
44 46 47 47 55 130 69 53 48 49 52 72 102 138 111 117 129 94 98 71 63 57 48 48 46 46 49
44 45 46 46 64 142 63 52 47 48 53 58 67 85 71 80 93 72 75 63 53 53 53 45 44 45 47
44 45 46 46 74 87 50 46 47 50 56 63 69 64 56 60 55 57 54 48 48 48 46 46 44 46 58
46 50 46 50 95 79 48 47 52 56 69 66 74 59 52 51 47 48 45 47 53 47 46 47 44 44 46
45 44 46 63 100 68 48 49 68 75 67 73 70 54 53 49 49 46 46 47 47 49 51 61 49 44 49
45 45 49 79 95 59 50 63 97 98 75 75 68 54 56 50 48 46 47 47 48 56 88 91 46 47 46
51 55 54 98 84 57 64 98 167 89 100 81 68 62 56 51 47 45 50 48 50 73 142 66 44 45 45
51 50 68 105 79 75 96 178 147 108 103 95 70 71 58 54 46 46 48 55 65 106 114 51 45 43 45
50 50 97 110 78 135 142 222 131 110 99 80 76 76 68 58 48 46 51 77 98 124 58 53 48 45 44
55 66 123 129 152 163 215 273 131 110 95 95 91 83 68 61 49 54 64 173 171 93 58 47 45 46 44
58 87 139 159 177 209 386 236 137 108 101 95 97 82 70 61 51 51 64 267 80 67 56 47 45 46 45
58 89 140 167 184 209 345 160 127 103 90 94 103 84 75 58 48 50 60 72 62 56 49 46 45 43 46
52 69 105 131 173 184 248 182 139 119 102 91 104 89 68 53 48 55 59 60 59 52 48 46 44 45 42
49 52 60 71 114 181 151 143 110 95 103 105 232 110 71 56 53 61 56 54 52 54 48 45 44 45 43
49 49 54 61 85 197 124 124 104 104 112 155 330 117 79 55 65 63 51 52 51 58 48 46 42 45 50
47 49 53 57 97 95 103 97 100 104 110 195 147 92 76 54 61 49 47 49 49 53 47 45 42 44 48
46 50 56 50 68 59 81 84 111 105 108 133 97 74 63 54 55 46 46 47 46 49 46 45 44 40 44
44 46 48 50 51 52 90 63 76 91 76 68 71 71 55 52 44 44 45 46 47 47 44 43 43 44 44
45 51 50 58 57 59 72 62 61 65 60 58 58 58 51 52 43 43 45 42 45 48 44 42 43 43 44
60 63 72 72 77 92 78 72 64 59 60 59 60 56 52 46 44 43 46 46 46 47 45 42 43 43 44
97 92 102 90 98 115 65 66 56 51 56 58 56 57 52 51 44 46 46 49 46 44 44 43 43 44 42
112 262 121 125 95 98 73 66 56 53 55 53 52 55 52 50 44 47 47 47 46 49 46 43 43 43 44
192 347 179 153 128 91 83 69 55 55 55 52 51 52 52 50 46 48 49 49 51 46 45 44 43 44 44
417 243 207 174 157 110 93 76 65 58 53 52 53 55 53 52 51 53 57 53 50 48 46 45 46 45 45
306 246 209 169 133 97 73 70 60 54 50 50 52 52 51 56 59 63 59 53 50 46 46 48 44 45 44
189 226 128 119 91 80 71 62 50 54 51 49 52 48 50 60 55 62 71 56 51 47 45 44 44 48 44
163 128 97 91 67 62 59 53 48 53 49 47 48 46 48 54 49 55 51 48 52 49 45 45 44 43 44
118 83 70 69 58 61 59 52 45 47 49 49 45 47 53 52 50 50 48 52 52 49 44 44 44 43 44
