43 43 44 45 45 47 114 46 49 44 43 44 44 45 46 46 45 43 41 44 49 43 43 43 42 43 44
43 44 49 46 46 46 152 64 44 44 45 45 46 45 49 57 50 43 44 43 44 47 44 44 43 42 43
46 44 45 45 44 45 86 67 46 42 44 51 47 56 64 85 58 43 44 42 43 43 43 44 41 43 48
44 47 46 48 49 50 83 73 62 46 46 45 50 68 263 279 52 46 47 42 44 44 44 44 44 43 46
45 52 48 49 51 56 123 63 52 48 47 46 52 67 601 501 55 48 46 48 42 43 45 44 44 42 44
41 45 51 46 47 54 143 52 46 44 45 44 47 61 148 97 51 47 44 44 44 43 43 44 46 44 42
43 44 42 46 47 62 124 49 43 44 44 46 47 53 70 66 50 45 43 43 44 43 44 42 44 48 44
43 47 45 46 48 81 107 53 45 43 44 44 46 57 55 53 50 44 45 44 43 43 44 43 43 42 45
44 45 46 47 62 119 102 46 44 44 45 43 46 54 52 51 48 42 43 48 45 42 43 42 42 44 43
44 46 46 46 81 109 88 45 44 44 44 44 44 46 58 52 43 43 43 44 44 48 44 41 43 49 44
44 47 48 58 130 133 109 46 46 51 46 44 46 46 61 57 44 43 47 46 44 44 42 43 48 44 43
44 50 50 69 145 131 112 49 44 46 50 46 45 47 70 59 43 43 44 44 46 44 44 44 43 44 41
46 47 52 80 145 135 102 49 51 46 45 46 46 54 82 59 48 44 45 44 43 43 46 43 45 42 44
44 50 51 89 139 121 127 48 46 51 46 45 48 80 78 65 44 46 47 46 45 42 43 44 44 44 44
45 50 54 95 133 138 140 52 45 46 47 46 54 90 93 75 45 43 45 39 44 50 44 43 43 42 45
45 53 63 120 152 159 136 63 48 47 49 47 58 102 98 79 46 44 43 46 43 44 49 44 44 44 44
51 53 69 137 151 163 110 51 48 53 48 47 56 93 90 74 46 44 43 45 43 44 50 44 43 44 43
45 48 62 107 115 113 68 50 51 46 46 46 48 81 75 54 47 44 45 42 44 42 43 47 44 44 44
44 49 59 102 87 77 57 47 43 45 50 46 45 54 50 46 43 44 41 43 50 44 43 44 42 43 44
44 45 69 117 84 54 48 46 45 45 45 44 45 50 46 44 43 43 44 41 44 48 44 45 43 42 43
45 42 63 90 61 50 50 46 42 45 50 45 43 44 44 43 48 43 43 43 43 43 44 43 43 41 44
43 48 83 104 72 50 57 46 43 44 44 44 46 44 46 47 42 43 44 38 43 49 44 42 43 42 44
42 46 63 119 95 59 50 47 45 45 46 48 46 46 45 43 43 43 48 42 44 44 42 43 46 44 44
44 54 84 116 104 82 52 49 46 46 49 46 46 46 45 45 43 45 44 46 42 43 44 43 44 46 44
45 85 162 130 127 143 64 53 49 50 48 48 46 48 48 46 44 44 45 45 43 46 47 44 45 44 42
45 64 148 124 137 112 70 54 46 50 49 52 49 46 47 52 43 44 44 44 45 44 44 43 43 45 44
45 77 122 116 121 108 75 57 48 49 48 52 51 48 49 44 43 44 44 48 45 44 46 41 43 47 44
50 86 134 152 127 126 82 60 55 52 61 68 59 69 63 56 45 46 45 51 46 43 44 42 43 44 44
51 89 147 168 116 137 84 65 65 65 77 97 66 83 75 66 63 53 47 48 46 42 44 43 44 44 41
51 76 123 130 93 112 77 62 56 67 72 92 65 82 72 63 56 54 48 44 49 45 43 43 43 44 44
47 82 127 130 105 105 108 82 64 82 76 110 79 87 73 74 59 55 53 51 46 43 44 44 44 44 42
52 90 130 113 96 92 130 122 89 103 84 117 98 96 81 75 63 59 57 51 44 44 45 44 44 42 44
50 103 86 90 83 80 136 174 93 132 124 88 107 97 76 81 57 55 54 50 46 44 43 43 44 44 44
50 97 84 100 91 80 142 186 106 132 135 93 106 94 74 73 56 59 51 49 46 43 44 44 44 44 43
49 68 69 109 101 94 158 210 126 119 142 110 92 108 80 73 57 55 50 51 47 47 44 44 44 44 44
52 72 69 113 135 154 182 198 142 114 131 117 87 96 80 65 55 52 46 51 47 46 49 44 43 44 44
50 72 68 98 138 142 151 163 117 99 100 81 80 76 65 55 52 50 47 44 46 43 44 44 44 44 44
52 70 72 104 175 143 165 166 85 96 83 74 72 74 62 54 51 49 48 46 51 46 44 44 43 44 44
49 64 72 89 104 108 120 117 63 85 70 68 69 66 56 51 48 48 50 44 46 50 46 45 44 42 44
56 66 63 76 99 103 95 75 56 77 62 67 63 63 53 53 47 47 49 47 47 49 44 45 43 43 44
72 68 78 69 75 93 84 62 54 75 60 64 62 58 52 51 48 46 52 49 46 46 46 46 42 44 47
80 71 72 68 83 109 80 66 60 66 63 67 63 58 52 50 48 47 52 50 51 47 43 44 48 44 43
122 102 65 59 78 127 85 70 71 66 71 62 62 60 51 52 50 46 50 56 48 48 47 43 44 48 44
136 222 66 69 86 137 105 94 68 68 66 68 72 61 53 53 50 51 53 54 50 50 50 44 44 44 43
104 151 61 71 106 128 116 96 67 62 66 68 69 62 57 59 55 51 53 54 54 46 46 47 44 44 44
104 140 69 75 116 135 117 105 79 61 65 78 78 68 63 61 58 54 54 54 54 49 46 48 45 43 44
89 127 84 88 138 154 145 104 84 64 72 78 78 75 69 64 62 57 56 58 56 51 46 44 52 45 42
94 134 95 102 149 180 159 124 80 67 74 79 81 75 72 66 63 59 55 59 54 49 46 44 50 50 47
114 151 102 100 175 213 166 141 84 85 79 79 85 70 66 68 58 60 61 60 63 52 44 44 45 58 45
119 173 131 118 179 211 169 137 77 83 76 82 96 81 72 71 67 63 64 64 69 54 44 43 44 46 44
97 210 172 144 200 251 251 160 83 86 78 87 94 88 80 82 76 68 72 67 63 52 46 45 45 43 45
99 252 246 311 243 282 297 159 106 93 82 98 98 90 86 81 65 70 69 63 61 51 46 44 45 46 46
71 178 228 271 220 242 302 162 108 93 81 100 95 90 83 77 69 72 63 64 58 47 49 45 45 46 46
59 128 194 298 252 208 210 143 86 76 79 91 85 82 72 69 63 62 56 57 52 46 44 49 45 44 46
56 98 137 201 197 169 127 105 70 69 88 79 70 71 61 58 53 49 44 48 47 46 47 45 43 44 44
65 112 129 149 157 178 142 101 81 72 69 89 66 63 59 53 50 47 47 44 46 46 41 44 47 45 43
60 105 119 127 133 152 131 95 91 79 73 71 63 59 55 53 48 47 49 46 49 45 43 43 43 44 45
58 76 86 86 78 84 83 81 75 78 68 67 54 55 53 50 45 46 45 45 45 44 44 44 43 43 43
64 69 74 70 68 69 76 80 83 78 65 61 53 52 52 48 46 43 46 50 45 44 44 42 43 44 44
76 70 69 66 69 70 88 87 103 96 72 58 57 54 54 52 50 49 50 46 45 45 42 43 44 44 44
74 72 72 63 71 70 86 104 111 98 84 70 66 57 54 62 55 61 55 44 44 48 43 43 47 44 44
64 92 65 63 70 74 92 104 100 100 105 81 74 60 59 72 63 77 59 51 43 46 45 43 45 46 46
78 91 68 68 69 74 88 103 104 107 113 97 74 61 58 75 58 68 56 47 43 46 49 44 45 44 44
88 68 57 66 72 83 88 98 95 117 117 107 65 64 60 63 56 54 50 49 46 44 44 49 44 44 45
