44 46 49 49 52 71 173 498 80 56 51 52 54 61 135 501 191 68 48 46 46 46 45 44 45 44 45
44 48 45 46 51 84 77 241 74 56 50 47 49 56 178 353 120 66 49 46 46 44 44 44 44 44 42
42 43 45 45 46 81 64 70 51 44 44 44 46 47 63 77 71 61 45 40 44 41 43 49 44 42 43
42 44 44 43 46 92 58 56 46 43 44 43 44 45 47 51 65 74 41 43 42 43 49 44 42 43 44
42 42 44 44 46 88 59 46 50 44 43 43 44 44 46 45 75 56 44 42 43 44 38 43 48 43 43
43 43 44 45 54 163 74 48 51 45 43 44 45 46 47 45 84 68 43 43 49 44 43 43 42 44 44
42 43 51 46 64 170 81 47 47 46 45 46 46 47 47 47 92 78 46 44 44 44 49 43 42 43 44
44 45 46 45 77 140 75 47 47 43 45 50 46 44 46 50 101 87 46 46 45 46 44 42 43 44 44
44 44 43 44 89 131 84 48 47 50 45 44 46 45 47 56 99 98 55 42 45 44 44 43 43 45 44
44 44 44 45 106 110 90 47 47 51 45 44 46 45 47 60 97 103 65 43 45 44 42 44 48 44 43
44 46 46 57 168 158 138 60 50 49 52 47 47 48 50 79 122 135 90 51 44 44 44 44 45 45 44
44 46 47 69 195 176 152 68 49 50 53 48 48 50 52 92 121 147 131 54 43 45 49 45 44 44 43
44 45 44 66 181 180 131 60 50 49 48 47 49 47 54 91 115 153 150 50 46 45 44 46 44 44 44
44 46 44 55 130 128 116 56 50 47 45 46 47 48 51 82 109 135 108 46 45 43 44 48 44 44 45
41 44 50 46 113 108 78 52 48 46 46 43 46 51 50 69 120 138 86 46 45 43 44 44 43 45 42
43 44 44 49 83 88 61 49 46 44 46 45 46 49 48 55 104 110 67 53 45 43 43 44 43 44 48
43 44 44 50 56 63 50 45 45 44 44 44 47 45 46 50 76 87 56 44 44 43 43 43 44 46 44
42 46 45 45 65 82 52 48 46 43 44 45 44 45 49 47 72 100 56 45 43 43 44 42 44 43 44
42 44 42 47 57 72 56 46 44 44 45 44 45 48 46 49 81 78 52 44 43 43 44 43 43 44 44
43 48 44 44 69 116 87 53 48 47 51 46 45 47 49 56 119 98 56 44 44 44 44 43 44 46 44
44 48 45 45 96 143 129 75 54 53 48 47 49 51 55 95 124 125 57 44 46 44 44 44 43 44 46
44 47 52 51 140 200 248 147 72 59 54 56 57 61 95 166 157 151 78 53 48 46 45 43 44 44 45
46 50 58 57 188 313 276 181 109 64 59 61 62 71 156 197 200 186 84 51 55 50 47 45 43 44 48
47 53 59 63 163 285 263 218 179 71 63 65 67 92 251 212 204 174 82 61 55 52 46 45 43 45 45
50 54 76 65 165 313 306 226 242 85 65 69 71 111 265 195 215 181 96 54 52 52 45 44 45 46 46
47 55 88 89 149 255 229 206 191 96 65 72 69 133 238 231 202 153 83 51 56 51 47 46 43 44 45
47 78 196 63 120 213 227 195 145 111 65 68 74 133 172 207 163 121 69 57 53 64 46 44 44 44 45
51 213 93 78 125 260 292 266 189 155 80 80 100 197 196 270 225 158 75 63 88 193 60 42 46 51 46
86 162 133 77 104 241 249 256 229 152 82 93 93 188 191 206 176 127 65 57 59 91 74 47 50 46 45
49 55 73 60 84 234 198 188 160 145 95 94 92 148 140 157 133 96 54 55 61 68 51 45 42 46 49
48 52 62 56 101 169 207 205 228 216 150 136 132 199 166 179 148 98 57 53 62 155 54 46 44 45 45
49 53 61 63 83 131 184 254 244 251 182 197 174 224 196 218 142 89 59 57 61 67 49 46 45 46 45
50 53 64 58 66 96 141 220 228 241 214 201 195 230 182 167 111 81 54 51 55 57 46 47 45 45 45
49 47 60 57 60 79 125 186 177 221 179 202 187 191 150 127 100 68 51 51 53 51 45 44 45 44 46
50 50 63 54 58 84 110 151 186 199 151 175 174 201 124 106 80 58 50 47 52 49 45 44 43 44 50
49 51 63 58 60 72 108 142 149 155 98 108 128 142 109 81 63 54 47 48 51 55 45 44 44 44 45
46 52 67 55 79 91 104 122 115 93 76 73 79 95 84 78 50 51 50 49 47 49 48 44 44 42 51
49 64 98 51 65 70 88 86 107 74 78 66 79 84 74 62 54 49 45 46 50 49 48 44 44 46 63
46 54 67 51 51 61 70 108 124 104 95 76 74 74 63 55 51 48 45 46 51 47 49 45 45 49 47
47 55 85 62 50 58 66 93 95 79 73 66 77 74 62 51 48 50 46 44 48 45 45 44 43 44 49
48 48 73 54 53 56 64 90 118 88 79 100 86 78 71 57 50 46 45 52 57 45 47 44 44 46 50
50 68 157 73 53 61 68 106 129 110 120 89 88 76 62 55 49 49 41 47 59 46 47 44 43 44 46
53 93 409 149 49 62 73 118 123 126 106 101 110 92 62 59 52 52 44 53 66 48 45 44 43 44 46
46 53 121 132 50 64 92 156 138 119 87 89 106 79 64 62 50 50 54 61 145 56 51 44 44 44 49
47 51 140 107 52 59 79 114 110 124 116 126 120 89 62 58 51 50 55 102 272 72 51 45 44 44 45
46 52 127 141 52 61 92 123 115 97 85 100 108 95 64 58 53 47 51 130 174 59 48 48 44 44 46
45 53 122 110 56 78 112 121 122 102 92 95 113 103 82 62 54 50 55 103 129 53 48 45 44 43 44
45 51 70 78 59 98 123 151 118 98 93 105 122 98 87 69 56 52 56 111 81 47 48 44 44 44 43
46 49 63 60 64 121 133 152 132 115 99 101 122 97 82 74 57 56 69 102 61 49 46 42 43 44 45
46 49 86 74 75 146 160 162 134 121 104 112 135 116 95 84 60 56 74 95 55 48 44 44 44 44 45
51 51 67 72 98 173 253 192 141 130 110 138 141 152 120 100 68 61 75 72 53 49 49 46 46 45 44
50 55 69 69 138 195 399 257 179 143 124 166 170 251 171 117 78 69 79 58 58 55 48 46 45 44 45
50 51 66 89 122 182 385 255 219 143 119 183 189 228 155 119 84 74 62 54 56 51 47 43 45 48 46
48 52 63 67 94 136 249 224 170 119 114 170 176 163 108 103 80 72 54 50 53 49 45 45 44 44 48
50 47 56 63 71 104 156 166 132 98 102 130 170 122 82 80 74 58 51 49 50 47 46 44 44 44 42
47 56 56 57 81 145 171 156 125 100 105 114 139 106 74 76 63 56 49 50 48 46 45 44 44 42 44
54 66 65 57 92 145 169 157 159 142 142 136 120 122 98 87 68 60 50 50 51 48 45 42 44 44 45
63 63 57 56 61 85 124 129 124 134 127 131 99 100 92 89 63 57 50 48 50 47 46 41 44 49 45
68 70 63 55 63 72 100 120 113 122 108 110 95 93 91 79 60 57 55 48 50 46 45 44 42 44 49
88 73 68 57 69 73 101 107 120 114 99 96 90 79 76 79 65 58 60 57 51 44 44 43 44 46 42
82 70 72 54 70 73 83 92 108 98 90 84 81 73 72 78 74 73 63 52 54 46 44 44 42 47 45
66 84 62 52 65 59 75 81 81 79 80 78 74 68 63 94 83 93 79 59 55 46 43 43 43 45 44
70 80 56 52 55 59 69 66 64 71 81 71 67 62 63 87 74 81 72 56 52 45 43 43 44 44 44
82 51 48 50 52 56 58 58 55 66 73 71 62 61 59 62 65 58 54 54 53 45 43 43 44 42 44
