44 47 59 84 61 44 44 43 42 43 44 43 44 42 44 47 48 43 44 44 44 43 44 44 43 40 44
51 51 67 235 118 45 44 44 44 44 44 41 44 46 44 42 43 41 44 48 46 43 44 43 43 44 44
156 96 75 353 126 75 46 43 45 48 45 43 44 44 44 44 43 43 45 44 46 44 42 44 47 44 43
380 264 65 79 75 56 50 46 44 46 45 44 45 45 45 44 43 43 42 44 43 44 48 44 44 44 43
112 111 57 50 49 50 50 45 47 44 44 44 43 44 44 44 46 43 44 42 44 42 44 46 44 44 44
99 63 48 44 47 69 80 45 44 46 44 44 44 44 44 44 42 44 42 43 49 44 43 44 42 43 44
83 52 53 46 44 55 108 57 44 44 44 41 44 48 44 42 42 43 44 41 44 47 44 44 44 44 43
107 50 46 53 44 47 96 91 46 46 44 44 42 44 49 44 43 43 42 43 44 42 44 46 44 44 44
217 80 47 49 43 44 87 111 64 44 48 50 45 43 44 44 44 44 44 42 43 44 44 44 41 44 49
140 106 47 46 44 42 64 91 89 56 46 45 50 44 43 44 44 43 44 44 44 46 44 43 41 43 41
156 163 60 45 45 43 59 122 120 92 46 50 50 46 44 45 40 44 44 45 43 43 44 44 44 41 44
104 183 94 46 46 45 54 125 125 122 63 47 46 51 46 44 44 44 43 44 45 44 44 44 41 44 47
111 216 144 50 45 45 54 109 106 106 77 46 47 43 46 50 42 44 44 43 45 44 44 43 44 47 44
106 206 183 72 45 43 46 85 125 101 86 48 46 46 44 45 44 44 44 43 44 44 45 44 44 44 45
101 142 167 81 48 44 44 53 85 83 86 47 46 50 45 43 43 44 44 48 45 43 44 43 44 44 42
84 135 189 101 45 48 45 46 60 72 79 50 44 44 49 44 43 45 41 44 49 44 43 43 43 44 44
71 153 234 98 46 42 45 51 50 51 70 48 45 44 43 44 43 45 43 45 47 44 43 44 43 44 44
55 90 125 72 42 44 49 44 43 47 53 46 45 42 44 48 43 43 43 39 44 48 44 43 43 43 44
44 53 103 68 44 44 41 44 49 45 44 54 47 44 44 42 43 44 46 44 42 43 43 43 44 43 44
46 46 56 64 44 45 44 43 44 46 45 64 56 45 46 45 43 42 44 48 44 42 43 43 43 44 43
43 45 50 60 46 45 42 44 44 45 44 67 63 54 49 44 42 43 44 43 44 41 44 50 44 42 44
41 44 50 57 59 50 50 45 45 46 46 78 84 85 52 45 44 44 45 46 46 43 44 45 44 44 41
43 44 44 53 77 84 61 56 48 48 47 93 94 104 66 51 46 45 42 45 44 45 50 46 44 44 42
43 43 44 48 72 124 76 59 53 49 52 94 100 117 92 57 52 46 46 44 46 44 45 52 46 43 44
47 47 43 46 69 161 130 83 60 50 61 111 133 108 106 69 61 51 45 47 53 48 46 48 45 44 44
44 45 50 47 60 151 128 106 70 49 61 70 144 117 107 104 72 55 47 46 48 54 48 52 47 43 44
45 41 45 50 55 114 130 119 65 60 56 56 84 111 95 133 80 51 48 48 50 55 50 85 62 43 44
49 46 46 48 56 119 154 166 90 58 58 66 72 115 134 227 128 58 51 52 51 54 50 71 73 46 49
46 46 45 47 52 130 147 152 94 63 63 66 67 110 174 143 112 76 54 49 51 51 47 59 50 45 46
45 52 48 45 49 73 103 112 82 97 81 78 69 106 134 131 104 85 50 54 47 48 48 49 47 43 44
43 53 51 45 46 60 82 120 114 144 124 124 97 134 138 139 100 106 65 50 51 50 48 51 45 45 49
46 63 48 46 44 52 76 129 166 174 169 159 140 147 152 163 113 93 63 52 55 52 52 58 49 50 45
48 77 48 46 47 48 63 137 180 177 199 202 181 149 159 139 100 79 59 54 54 52 50 57 50 48 45
51 48 47 45 47 54 57 124 162 165 175 199 194 169 152 122 84 84 53 51 55 52 51 68 58 46 45
46 48 47 46 47 52 54 94 131 163 158 189 202 164 124 96 80 65 55 53 54 53 53 90 66 44 44
45 45 46 48 46 50 51 66 102 136 130 178 189 118 99 85 63 52 50 50 54 50 52 81 65 46 45
43 45 52 48 46 47 51 52 60 78 99 104 93 77 63 64 53 47 47 45 48 50 61 90 65 44 44
43 45 45 61 47 46 51 48 48 54 70 75 70 67 55 60 49 50 52 46 46 47 81 130 72 44 44
44 45 44 70 67 51 48 50 49 51 63 66 72 66 56 57 53 48 50 54 50 48 74 373 77 50 45
39 44 45 51 102 71 50 50 48 46 57 65 78 63 60 57 57 56 51 51 49 46 74 280 69 45 42
42 44 45 45 90 110 61 56 46 49 51 60 78 69 62 57 58 53 50 53 48 47 60 185 70 45 42
43 44 44 44 60 137 88 52 47 51 53 58 79 79 61 57 60 59 53 54 50 47 55 133 76 44 43
44 44 44 44 47 96 168 104 53 47 52 62 76 90 71 58 65 63 68 61 55 51 49 101 81 44 44
46 47 46 45 48 61 131 371 55 52 58 72 90 96 77 63 69 67 81 72 70 65 51 83 92 48 45
44 46 50 46 45 50 59 113 63 50 53 69 89 92 80 79 80 78 95 91 95 113 82 71 106 63 44
46 41 45 50 47 50 53 82 76 53 55 73 90 103 95 116 95 101 113 156 180 203 129 83 165 58 44
51 47 45 46 46 49 51 63 78 58 58 82 103 114 115 106 105 105 142 225 330 301 164 100 159 89 47
47 52 46 45 47 49 52 57 72 60 62 85 135 122 122 110 120 113 146 248 290 287 150 100 161 105 45
47 47 46 44 46 50 51 56 68 68 66 86 138 152 109 114 102 96 142 205 289 272 160 102 101 153 46
47 47 48 46 46 49 51 56 60 69 66 77 134 166 121 124 110 104 151 217 319 193 156 97 79 67 46
48 46 46 45 45 48 49 53 56 65 63 93 116 126 114 129 113 97 126 193 215 159 114 71 63 50 47
45 44 45 44 46 50 47 51 51 59 67 93 95 98 103 100 94 85 94 117 115 110 75 50 50 51 45
44 42 44 42 45 51 47 48 48 55 69 112 95 88 80 78 77 74 77 78 74 77 53 48 51 45 44
43 42 44 47 44 45 46 44 46 49 54 88 68 63 59 62 64 53 54 56 63 54 50 43 44 44 43
43 41 44 48 44 44 45 43 44 48 49 54 50 49 51 51 50 48 48 50 53 48 44 44 44 43 44
43 44 42 44 47 45 47 44 44 44 46 47 47 44 47 52 48 50 54 56 55 53 53 46 42 43 44
44 45 42 44 49 48 45 46 44 45 46 46 47 46 48 51 55 56 73 82 68 58 58 48 45 42 44
47 52 45 44 46 46 47 44 45 51 46 45 47 47 49 50 52 69 85 105 79 70 65 51 46 44 45
56 66 49 47 48 48 46 48 46 48 46 45 48 49 51 54 60 83 113 114 91 97 73 63 46 46 46
91 55 53 53 47 46 48 53 47 46 46 47 51 53 49 60 73 104 121 120 100 117 91 67 48 46 44
72 63 57 47 48 47 46 51 47 46 46 49 52 53 52 68 99 169 133 123 106 131 104 58 47 46 45
61 62 50 49 48 47 46 49 51 47 47 49 53 54 57 74 104 201 200 120 112 132 102 55 50 46 44
65 62 49 46 46 46 45 47 45 46 50 48 49 50 54 68 80 114 104 94 97 132 95 47 47 46 44
62 54 52 48 44 45 44 45 46 44 46 52 49 48 52 59 69 71 66 78 93 129 86 45 46 45 44
