43 43 44 43 45 45 49 142 50 44 43 44 44 44 45 45 42 43 42 43 47 43 44 44 42 43 44
43 43 44 44 45 44 47 129 55 43 44 44 46 47 50 46 42 43 44 44 41 43 48 44 42 43 43
43 49 44 44 45 45 55 78 68 48 45 45 51 62 71 51 42 43 43 46 42 42 44 43 43 42 43
42 45 50 46 47 47 56 88 64 53 45 47 60 212 246 64 46 43 44 39 44 48 44 42 43 43 43
43 45 46 48 49 46 76 125 53 45 46 45 49 318 385 67 51 45 42 44 42 44 49 44 43 44 43
44 43 44 45 46 47 103 80 46 45 46 45 51 108 103 58 46 42 43 48 44 42 43 42 43 44 43
43 50 45 45 46 50 108 69 46 44 44 48 54 58 62 53 52 44 41 44 49 43 42 43 42 42 44
44 45 50 47 47 73 137 74 46 45 45 55 47 49 57 47 44 45 42 44 49 44 42 43 42 43 44
45 44 46 46 53 104 139 71 44 45 48 46 45 48 46 46 47 44 44 45 44 44 44 41 43 47 44
50 46 44 46 68 101 104 57 46 42 45 49 46 46 46 44 47 46 43 41 44 42 43 47 44 43 43
48 47 46 58 111 140 136 59 47 50 46 45 46 46 46 45 44 43 48 49 44 44 42 43 47 44 44
47 51 49 67 150 148 138 60 47 47 50 47 47 50 45 45 45 44 44 43 46 44 44 46 43 44 44
49 47 53 91 170 153 123 54 48 48 47 47 46 49 51 47 45 48 52 44 42 44 47 44 44 44 42
48 50 51 89 155 140 126 52 47 47 50 57 65 68 69 61 49 49 46 44 45 44 42 43 47 44 44
48 54 51 89 134 147 125 54 54 48 50 62 80 95 92 80 83 60 60 46 45 43 44 44 44 41 44
48 55 64 119 154 157 107 56 55 49 54 68 71 96 91 83 97 78 54 50 47 47 44 44 47 44 42
48 50 58 113 135 132 76 53 54 51 54 64 66 79 80 84 101 95 55 69 55 65 48 52 44 43 43
46 48 51 85 92 84 58 47 48 54 53 60 65 78 79 98 91 84 61 59 60 55 52 51 45 44 44
44 47 50 72 69 53 50 45 45 47 50 62 57 70 82 86 79 63 52 48 50 56 52 46 41 44 48
45 46 51 68 54 49 45 46 50 46 47 54 60 66 81 81 68 58 50 48 49 49 45 44 46 45 44
44 46 51 83 56 50 45 46 51 46 48 53 58 63 66 67 62 55 48 46 45 51 44 44 44 40 43
44 45 56 88 81 54 54 47 46 46 48 54 60 63 71 64 50 49 46 41 47 53 45 45 43 42 43
46 47 63 108 104 78 54 51 54 49 50 60 59 71 73 61 55 51 46 44 47 49 47 43 43 43 43
47 52 82 111 101 110 59 62 61 56 58 72 66 74 71 66 51 48 44 46 45 47 51 44 45 44 43
50 64 133 119 117 111 71 59 68 62 72 83 74 74 80 65 57 51 49 49 46 44 44 43 45 44 42
50 59 128 108 117 113 95 62 57 60 71 74 74 72 79 73 58 49 53 46 49 44 43 44 43 43 44
49 51 120 101 103 103 85 61 57 58 59 63 68 66 67 66 57 50 52 45 50 45 42 44 43 44 44
50 53 127 131 109 112 89 66 66 64 66 73 70 74 74 71 63 54 53 46 47 45 44 44 44 45 44
55 58 108 141 109 115 90 76 66 63 62 67 66 78 64 63 58 52 51 44 46 42 45 49 44 43 44
49 56 98 121 90 102 79 77 63 64 59 68 58 63 57 59 51 50 54 45 46 45 42 44 49 44 43
51 62 91 136 98 98 94 119 72 68 64 72 64 65 57 59 54 54 49 42 45 50 44 43 44 43 44
55 63 97 127 90 88 121 178 103 90 70 78 76 72 61 63 55 54 49 46 43 46 49 45 44 43 43
51 67 58 90 84 76 112 172 110 98 98 68 83 73 64 59 51 58 48 50 44 46 50 45 43 43 43
53 58 67 93 83 74 119 166 126 109 115 96 83 92 72 66 54 62 58 52 49 46 45 50 45 44 44
51 57 70 91 82 83 131 154 149 91 105 74 70 85 68 57 57 51 47 47 46 49 41 44 46 44 43
56 61 66 128 101 112 159 180 147 99 95 93 71 77 68 55 51 54 49 44 45 46 44 46 44 42 44
54 62 63 84 119 120 175 132 104 85 74 77 66 67 57 60 50 53 50 45 45 46 44 42 43 44 44
59 58 62 108 153 126 174 137 91 84 71 78 66 63 56 59 51 53 52 45 45 44 47 44 42 44 47
54 54 57 78 114 102 126 122 87 80 70 68 58 59 53 54 56 51 52 47 45 44 44 44 44 44 43
50 50 53 61 96 78 89 103 87 71 61 64 55 56 52 50 55 50 48 50 43 43 44 43 44 42 44
51 53 52 61 85 109 102 107 87 66 60 62 59 55 53 58 50 49 48 45 44 49 44 44 44 43 44
52 55 49 61 81 114 97 97 84 65 67 59 60 52 53 57 48 50 47 51 45 45 44 46 44 43 44
62 58 52 57 76 129 103 117 85 65 66 60 59 58 51 54 50 50 45 47 46 44 47 44 42 43 44
108 76 55 63 89 145 125 137 84 80 73 66 65 58 54 54 53 48 47 49 45 43 44 42 43 44 43
310 190 69 81 118 167 137 138 90 82 79 70 67 62 57 60 59 50 47 44 45 46 43 44 47 44 44
400 222 75 106 133 171 148 143 102 82 76 78 74 67 64 66 62 52 47 46 45 46 42 44 48 44 43
367 158 83 106 140 193 156 135 113 91 86 84 76 68 66 65 63 53 53 46 45 45 44 44 44 46 44
256 170 92 122 155 208 164 156 111 92 93 92 80 73 69 68 66 57 47 42 46 44 46 47 46 43 44
241 180 99 113 188 226 158 173 126 115 105 93 93 72 67 70 63 56 52 46 46 45 42 44 53 44 44
197 191 113 110 168 200 141 159 118 112 107 97 109 76 65 69 64 56 48 46 46 45 43 44 49 44 43
146 198 123 130 170 220 159 172 128 114 108 103 108 79 73 74 71 61 49 47 43 45 49 44 44 44 44
120 276 166 208 214 213 208 171 145 120 110 117 102 87 80 73 66 65 50 49 46 46 48 45 44 44 44
96 179 127 182 185 204 238 182 167 130 110 126 105 87 72 70 67 66 51 47 48 43 45 49 45 44 44
77 156 149 189 169 169 213 164 150 126 104 116 93 78 69 69 67 67 49 46 47 45 45 42 44 49 44
85 139 148 173 168 159 185 158 142 128 117 117 83 72 68 67 68 60 51 45 45 45 44 44 42 44 49
80 142 152 168 173 207 157 119 99 81 85 88 82 74 68 73 70 60 50 44 46 50 45 44 44 43 44
89 152 140 159 184 184 150 114 91 72 68 63 59 58 56 54 54 48 47 50 46 45 44 42 43 44 44
87 92 100 110 106 98 93 85 74 70 57 55 57 52 50 50 46 48 46 44 44 44 44 44 42 44 49
68 83 82 78 76 73 89 84 77 68 56 54 51 50 50 50 47 46 47 44 44 44 44 42 43 48 44
80 78 78 71 82 74 96 92 95 79 66 55 55 51 53 55 48 53 48 44 46 44 47 44 42 43 44
74 72 79 71 80 72 87 99 94 81 72 59 58 55 54 61 56 62 50 51 47 44 44 42 43 44 43
68 89 73 63 72 74 90 97 86 89 84 63 62 54 55 67 65 84 56 50 45 44 44 44 44 42 44
80 101 67 64 66 77 84 89 87 86 85 69 58 53 55 66 63 75 55 48 45 43 43 43 44 44 42
83 75 59 63 67 77 89 88 69 93 93 77 56 56 52 57 56 53 53 51 47 47 43 43 44 44 44
