41 43 44 46 45 43 45 45 44 44 44 44 48 44 43 43 47 47 51 133 47 45 46 43 42 43 44
42 43 43 44 46 44 44 46 44 44 44 41 44 49 45 43 44 45 71 63 45 44 44 46 44 42 43
42 43 47 44 44 46 54 56 46 44 45 44 45 44 45 44 49 58 142 52 45 44 44 41 44 47 44
48 43 43 44 44 46 59 67 59 44 45 48 45 43 44 46 56 59 71 44 44 44 44 44 40 43 48
42 48 44 44 46 50 58 259 154 47 42 44 49 46 45 51 64 70 62 45 45 45 44 44 42 44 49
43 46 44 46 45 51 72 392 148 51 44 45 51 46 44 46 53 122 59 48 46 46 45 44 47 44 44
43 43 43 44 44 53 75 78 59 50 44 43 45 44 45 43 46 89 63 44 44 44 44 44 40 43 48
42 44 41 43 43 45 59 58 52 48 44 43 46 42 44 49 44 81 68 49 45 43 44 41 43 48 44
43 44 43 44 49 49 47 47 45 46 45 44 45 46 44 45 46 76 92 48 45 44 45 43 42 43 44
43 44 42 46 49 46 44 46 44 45 47 45 45 49 45 45 51 102 161 71 47 43 44 42 43 44 43
43 44 45 42 46 55 50 48 50 46 46 47 46 46 48 47 59 127 225 110 48 46 44 44 44 43 44
43 44 45 42 45 50 51 57 48 46 46 48 46 46 45 48 63 133 207 130 48 44 44 43 44 44 41
43 47 46 43 48 61 70 70 66 66 71 58 48 46 46 48 62 127 209 142 50 46 43 43 44 44 44
45 51 46 44 51 74 90 90 88 76 64 54 46 46 49 48 70 121 166 134 48 46 44 44 44 44 44
44 44 46 45 49 54 76 80 78 71 64 49 47 48 49 46 89 131 176 175 55 46 45 49 44 43 44
45 47 54 46 59 74 81 89 92 84 69 59 49 50 51 53 108 165 183 198 62 53 46 45 44 43 44
48 52 63 50 66 83 85 85 85 79 65 58 51 53 49 56 101 175 179 195 64 48 48 46 45 45 43
50 56 61 52 59 71 78 73 80 87 66 55 50 50 48 53 89 159 171 167 64 49 50 45 44 44 43
46 45 56 49 53 59 70 74 77 69 58 48 46 47 46 47 58 91 116 109 59 53 46 44 42 43 44
49 48 51 48 49 51 61 68 63 61 50 47 44 46 50 46 46 65 86 87 63 47 44 45 42 44 44
46 51 58 51 49 51 54 60 54 54 50 43 47 51 45 44 45 49 76 87 51 49 44 45 44 42 43
51 56 58 50 49 50 55 54 57 53 44 49 50 47 45 46 49 51 82 87 53 46 44 43 44 46 45
53 63 57 53 52 55 55 54 59 51 51 53 50 48 46 48 48 55 100 125 53 47 44 44 42 44 46
48 57 64 50 54 50 51 53 60 59 58 56 54 53 51 46 48 68 91 87 57 46 45 44 44 44 45
46 53 53 46 49 53 51 56 65 64 59 63 61 52 56 49 57 86 97 103 72 47 44 44 47 44 43
45 47 47 49 48 48 56 53 59 63 60 61 69 52 55 57 75 100 116 104 72 50 46 44 46 44 42
46 44 46 46 47 49 53 51 52 57 57 56 67 47 53 67 92 88 106 106 113 48 46 42 44 47 45
46 47 47 46 54 55 51 54 56 62 61 55 75 58 63 78 119 115 126 123 120 54 48 44 44 46 45
44 45 47 51 49 47 53 51 56 56 59 53 56 62 61 64 94 91 89 96 73 47 45 43 43 45 44
43 44 45 42 50 62 48 49 50 54 51 52 51 55 65 65 74 76 78 70 57 47 45 40 43 52 45
44 44 43 44 46 47 54 54 51 62 54 117 53 65 68 83 74 80 78 65 56 53 46 44 44 46 57
44 41 45 50 46 46 48 53 60 70 61 59 64 106 78 116 83 89 77 71 58 50 46 44 43 46 44
45 44 47 44 46 46 47 57 64 57 52 54 73 122 92 119 92 94 85 77 49 48 46 45 44 57 55
45 46 44 45 48 46 53 62 60 73 65 82 89 126 124 119 91 99 79 64 51 50 46 46 44 74 46
44 46 46 48 46 50 59 64 78 95 101 127 118 161 125 118 107 103 80 61 53 57 48 46 45 45 44
43 45 48 48 50 51 59 71 82 83 92 138 112 140 115 96 99 92 63 57 49 51 53 47 49 45 47
44 45 62 62 68 63 70 76 79 97 82 89 98 119 86 91 83 74 61 52 47 50 53 48 46 44 43
48 52 61 52 54 58 61 66 68 75 79 81 89 108 83 83 81 80 52 50 54 49 51 63 46 44 44
44 44 47 56 57 59 61 64 58 71 85 73 83 92 80 76 68 61 49 49 53 49 74 119 44 43 44
44 44 51 59 62 63 60 71 63 66 74 80 78 87 72 71 63 60 51 46 49 55 121 190 44 42 44
43 45 48 64 58 64 63 71 64 62 69 78 74 73 64 60 61 55 47 48 49 50 139 199 44 44 44
46 46 48 53 56 68 63 68 63 66 64 67 70 69 60 60 53 47 52 46 48 68 209 131 45 44 45
46 54 46 54 56 71 64 68 63 61 63 67 72 66 62 66 51 48 53 47 50 116 304 62 47 45 44
44 48 46 45 52 69 65 80 61 63 71 69 81 75 65 75 51 51 49 50 55 175 148 48 45 44 43
48 44 42 48 51 68 61 72 63 63 62 67 78 74 73 97 56 52 50 51 60 150 94 47 44 44 42
46 46 44 47 58 59 64 69 62 61 65 72 80 82 86 112 73 57 52 53 79 174 104 47 44 45 44
45 51 49 47 65 59 63 71 64 62 68 73 79 85 103 97 79 65 54 55 107 200 116 46 44 44 44
47 48 53 49 58 66 66 74 65 62 71 84 89 97 101 103 105 80 59 62 137 198 91 46 44 44 43
46 47 48 58 59 71 74 73 69 70 80 84 95 95 88 107 116 96 66 76 190 217 79 47 44 44 46
46 65 54 57 63 78 74 74 70 75 84 83 116 105 90 132 129 112 81 127 209 178 68 46 44 45 45
48 60 53 49 74 88 79 85 78 81 89 92 113 99 97 163 141 129 127 168 173 180 55 46 45 45 43
54 66 51 54 91 86 92 95 89 87 86 102 103 96 101 161 143 132 161 176 176 195 57 47 45 44 46
58 69 55 62 88 92 111 102 102 97 83 116 110 102 115 146 141 146 174 215 173 154 61 47 45 45 45
71 61 73 78 95 96 118 110 104 99 86 109 107 99 111 126 111 140 153 216 196 144 55 47 44 44 45
84 66 88 83 108 123 133 123 110 95 84 93 82 81 77 88 92 125 136 197 161 102 51 51 44 44 44
50 67 60 51 56 55 58 64 59 54 57 59 57 63 64 74 66 74 87 126 91 60 51 45 43 43 44
56 55 49 46 48 47 46 50 55 51 50 52 56 69 72 81 69 74 71 78 66 50 46 44 43 44 44
69 53 49 44 46 46 47 49 46 50 56 54 59 71 80 89 75 83 81 75 60 50 48 44 43 44 44
68 53 52 46 47 46 48 50 52 47 50 60 65 74 92 90 82 90 83 76 56 52 48 43 43 44 44
69 58 48 48 52 47 49 52 61 51 50 53 66 78 87 96 103 104 92 72 58 48 46 49 44 44 44
72 63 53 58 50 49 53 53 54 57 55 55 71 76 103 130 153 153 125 82 64 55 45 45 49 45 44
71 65 69 51 50 53 55 57 56 55 59 65 71 77 105 187 199 246 192 96 76 61 46 46 50 46 45
80 76 61 49 49 54 52 55 50 57 63 61 63 72 98 181 167 173 127 84 74 60 52 45 44 45 44
84 62 50 49 53 53 53 53 50 57 59 64 59 75 94 122 137 110 80 78 74 59 52 45 44 44 43
