44 44 46 47 47 59 88 195 95 47 47 46 44 53 74 95 86 63 46 47 44 43 44 44 42 45 49
44 46 49 44 53 59 85 235 171 52 49 48 48 52 90 349 287 59 44 45 44 44 44 42 44 49 44
42 45 52 46 50 68 103 93 70 51 47 46 48 52 96 320 153 58 45 44 45 42 43 44 43 44 43
42 41 44 49 46 48 88 51 46 46 44 44 44 45 57 98 68 48 44 43 44 47 44 42 46 43 44
43 42 44 49 45 47 75 46 45 44 44 44 45 44 51 60 63 47 44 43 44 44 42 42 43 43 44
43 45 42 44 51 63 116 49 44 44 45 44 45 44 49 53 85 62 45 43 44 43 43 44 43 44 47
43 44 43 44 46 95 126 52 46 45 44 44 46 45 47 47 87 57 42 43 44 43 44 43 43 47 44
43 47 44 43 50 106 118 56 46 46 46 43 45 46 46 51 87 65 44 44 44 43 43 43 43 44 44
45 45 43 44 58 102 119 59 44 45 46 45 46 43 46 60 97 66 44 46 44 44 44 42 43 44 43
42 44 46 46 56 108 108 64 46 44 45 45 46 46 44 67 99 75 41 43 46 43 46 44 42 43 45
43 46 46 47 94 158 155 89 48 49 46 45 48 48 49 86 106 101 42 44 47 44 45 44 42 43 44
43 46 46 49 138 180 163 104 51 48 46 47 49 49 55 90 112 116 56 44 46 44 42 43 43 44 44
44 46 46 52 145 168 151 98 49 48 45 48 54 49 77 91 106 144 61 44 46 44 43 43 43 44 44
44 46 51 51 130 140 142 96 52 45 47 53 50 48 82 103 111 140 59 45 44 46 44 43 43 44 45
46 46 47 46 123 149 146 83 51 48 51 48 48 50 86 114 139 168 59 45 44 43 44 47 44 43 44
43 46 47 46 107 160 130 68 51 52 47 46 49 49 71 111 166 125 59 47 45 44 41 44 48 44 43
44 45 47 46 74 125 111 59 50 46 47 50 47 46 52 97 135 98 58 44 45 44 42 44 47 45 43
44 43 45 43 51 85 77 49 46 46 49 45 44 45 48 77 108 62 48 46 45 43 44 41 43 48 44
48 44 43 45 45 64 65 46 45 46 44 44 50 44 44 59 57 48 45 43 43 44 47 44 42 42 43
42 44 41 45 56 82 69 51 45 46 45 44 46 49 49 73 49 49 45 43 44 41 44 49 44 42 43
44 41 44 42 47 76 80 47 45 45 45 45 46 46 50 67 46 45 44 44 44 42 44 47 44 42 43
42 45 50 46 52 113 119 62 50 47 47 50 49 49 76 91 53 48 44 43 44 42 43 44 43 43 46
44 45 48 51 68 136 137 83 54 50 48 49 52 61 108 101 63 50 45 43 44 43 43 44 43 44 47
44 46 47 51 79 142 139 89 57 53 49 50 56 78 127 104 62 48 46 44 44 45 43 44 44 44 46
44 48 45 46 93 140 168 92 67 53 51 51 56 93 140 106 73 49 45 43 44 44 44 45 43 45 49
44 47 48 47 97 140 182 93 68 53 51 52 63 101 143 117 78 49 44 43 44 44 44 42 44 49 44
46 54 49 47 78 111 177 91 66 52 51 50 69 98 106 105 70 48 45 44 44 44 43 43 44 42 44
48 52 46 56 80 129 170 96 64 55 55 54 81 131 139 128 81 53 44 49 45 44 44 44 45 44 44
44 54 53 57 80 144 144 90 68 54 53 54 67 124 122 101 70 52 40 43 45 45 46 44 44 42 43
44 48 59 55 69 113 99 104 76 59 51 56 65 98 96 79 56 49 40 43 50 44 44 44 42 43 44
44 53 54 51 75 94 122 142 114 96 62 92 101 120 94 106 64 49 50 44 45 44 43 56 44 44 44
46 69 63 53 66 87 124 177 141 147 106 124 137 151 115 114 60 50 52 45 45 44 42 60 45 45 44
46 60 56 51 63 72 108 165 156 169 126 148 143 143 108 113 58 49 47 49 46 45 45 52 45 45 45
47 56 67 51 65 72 118 159 164 161 121 163 142 150 123 114 63 46 47 50 46 45 46 44 44 44 44
47 57 56 50 61 75 120 165 185 163 132 175 137 158 108 77 54 48 51 44 46 58 42 45 49 44 44
56 56 60 50 58 83 132 153 174 170 121 164 118 120 92 64 52 49 47 45 46 54 45 46 47 45 43
77 68 58 49 54 68 89 113 111 108 88 94 94 93 68 52 51 48 46 45 50 46 44 43 44 46 44
64 91 60 58 54 56 68 77 85 82 69 68 74 62 50 47 45 46 44 46 64 44 46 44 42 43 44
69 85 59 56 54 52 61 74 80 66 68 54 57 56 47 45 44 45 46 58 68 43 44 47 44 42 44
99 120 76 56 56 52 63 85 92 60 62 61 60 50 48 52 44 45 50 77 67 45 44 46 44 42 43
74 256 137 56 53 57 69 97 101 63 69 72 61 54 49 47 45 46 63 98 49 44 44 44 43 44 48
55 342 228 54 59 60 78 104 96 82 71 70 64 62 50 47 47 49 98 81 45 45 44 44 42 44 47
53 149 97 58 56 75 94 115 92 97 75 73 70 58 48 49 43 57 147 58 43 43 44 44 44 41 44
46 98 80 57 57 97 121 149 99 76 91 82 78 62 52 51 48 55 69 47 45 44 42 44 48 44 43
46 90 76 65 64 102 127 160 106 95 89 86 84 64 54 57 49 62 64 46 46 44 44 42 44 49 44
46 89 82 72 70 104 124 148 116 95 83 88 90 71 58 54 52 70 64 45 44 45 44 44 44 41 44
48 100 96 78 92 126 133 135 122 101 88 92 90 88 70 56 55 70 59 51 46 43 44 42 44 45 45
51 105 118 59 101 162 151 139 115 88 91 105 116 104 79 61 64 77 61 43 46 44 43 44 44 43 44
50 93 107 70 159 284 206 158 126 104 114 127 202 159 91 71 66 77 51 46 50 45 44 44 43 44 45
53 120 99 90 144 239 181 149 117 100 119 127 291 168 92 83 73 78 52 44 46 44 47 45 44 44 44
48 91 107 110 137 193 175 154 118 97 101 133 197 115 92 88 80 72 53 46 45 44 43 44 44 44 44
52 68 116 136 137 152 179 141 110 91 106 141 139 100 93 80 76 64 48 50 46 44 44 44 44 44 45
52 63 80 99 120 99 141 137 105 85 101 140 115 91 88 82 69 58 47 46 45 43 44 43 44 45 42
49 48 54 62 71 64 94 92 75 71 77 102 75 68 65 60 51 46 44 44 44 43 46 44 43 44 44
43 46 47 50 55 69 68 76 74 65 68 74 57 50 49 47 46 45 44 43 44 43 42 44 46 44 42
46 46 47 50 55 64 81 79 82 81 81 72 54 49 48 47 49 46 43 45 44 43 44 41 43 47 44
51 53 48 46 53 63 70 75 83 82 79 65 51 51 47 46 44 45 42 43 49 44 44 44 42 43 44
49 54 52 49 51 61 66 83 84 86 72 63 53 57 50 46 44 45 45 43 44 46 44 45 44 42 43
55 62 60 53 57 63 74 87 95 93 76 66 56 54 52 54 46 45 46 42 44 48 45 44 44 43 44
95 67 57 57 64 66 87 108 122 109 93 81 63 61 56 56 51 48 49 42 44 44 44 44 41 45 49
66 75 56 53 63 68 79 112 124 121 93 89 69 65 58 62 60 59 55 42 44 44 44 44 44 46 46
62 76 57 54 63 69 85 110 104 108 109 93 74 63 59 69 67 76 56 46 42 43 45 43 44 43 44
72 66 61 58 57 66 76 88 85 97 115 87 66 56 59 64 59 68 50 45 45 44 43 43 47 46 43
69 58 52 54 56 68 89 83 67 89 96 86 62 55 56 67 59 58 49 45 45 44 44 42 44 49 44
