65 167 127 57 53 53 64 181 240 100 51 46 46 42 44 49 42 44 47 44 43 43 43 43 44 44 44
63 212 351 76 57 55 66 270 209 84 54 45 46 45 44 44 43 42 44 44 44 44 42 44 48 44 43
65 88 111 66 50 47 50 95 72 96 49 44 46 44 45 43 43 43 50 44 43 43 42 43 44 43 44
65 59 58 50 50 45 46 50 63 133 52 44 43 44 49 44 43 43 46 44 42 43 43 43 44 41 44
65 56 51 45 47 44 43 46 55 91 55 42 44 49 44 42 43 44 43 47 44 42 43 43 43 44 42
131 69 50 45 46 48 46 44 63 95 51 44 45 44 44 47 43 43 42 42 44 42 44 42 43 48 44
101 77 47 45 46 42 45 49 68 109 55 43 44 44 44 44 43 45 44 42 43 43 43 44 42 43 48
108 74 52 45 46 46 45 46 74 100 63 44 43 44 44 43 43 44 44 47 45 42 43 43 43 44 42
161 95 50 46 47 50 46 48 79 109 86 46 44 44 43 44 42 43 40 44 48 43 44 44 42 43 44
146 86 50 48 46 46 48 47 85 113 96 46 45 44 44 42 43 43 44 43 44 43 46 44 44 44 43
195 132 56 50 47 48 52 51 99 124 108 48 46 44 44 44 43 42 44 38 42 43 44 43 43 43 44
147 168 71 51 49 48 48 61 114 125 108 63 46 47 45 42 42 43 44 43 44 43 45 45 42 43 44
158 186 87 53 50 49 51 75 104 108 105 71 47 43 45 44 43 41 45 49 44 42 44 42 43 46 45
136 157 70 50 49 47 49 62 106 110 92 71 48 44 45 43 42 43 41 43 44 44 44 44 44 42 44
120 79 51 47 47 46 48 53 92 102 98 58 45 44 45 44 43 43 44 44 44 43 43 43 46 44 42
98 64 50 46 46 46 47 50 75 104 90 57 44 44 45 43 46 43 43 44 44 43 44 44 43 44 44
65 54 49 44 45 46 46 46 61 94 68 49 43 43 46 43 46 43 43 44 44 44 43 42 43 46 44
58 47 45 44 44 44 45 44 50 72 57 48 45 42 45 43 44 42 46 42 44 44 43 44 41 44 43
43 45 50 45 43 44 43 44 46 63 52 43 45 46 44 42 41 42 44 43 44 43 43 47 44 42 43
46 42 45 45 44 49 44 44 46 59 51 44 43 44 49 44 42 42 43 44 44 43 41 44 47 44 42
54 52 49 45 45 46 44 50 52 74 56 51 45 42 44 42 42 47 44 44 44 42 43 44 43 43 41
58 68 53 50 46 44 46 52 68 106 74 45 44 44 44 44 42 42 42 43 42 43 48 45 43 44 43
108 111 106 55 51 51 51 55 106 140 101 49 43 45 49 44 43 44 45 44 42 43 44 44 44 41 44
99 130 114 57 52 53 52 70 146 157 110 45 46 49 45 42 43 44 42 46 45 42 43 43 44 44 42
151 233 180 71 60 59 61 98 162 159 115 57 48 44 45 48 43 44 43 43 45 44 44 42 47 51 44
96 120 144 67 54 51 56 100 136 127 107 54 46 46 44 44 43 45 44 42 44 45 45 44 41 44 49
85 126 136 66 53 54 53 87 104 109 87 56 47 44 44 44 43 43 44 42 45 44 44 44 41 43 48
145 164 155 78 58 65 64 94 118 119 121 63 47 47 47 44 44 44 39 44 49 44 44 44 43 44 44
137 155 160 90 59 62 67 87 116 106 95 70 48 46 45 44 43 42 44 44 46 44 43 43 43 44 44
107 143 171 113 66 67 82 92 95 113 92 52 47 43 46 50 43 43 46 41 44 46 44 42 43 43 44
114 190 228 196 90 95 122 135 131 123 95 53 49 47 46 44 44 44 44 50 48 44 43 44 43 44 45
131 225 274 187 106 102 129 174 143 149 108 69 50 46 46 45 44 44 45 70 45 43 44 43 44 44 43
119 191 197 133 92 80 115 154 131 138 96 54 49 46 44 44 44 44 46 47 46 47 44 43 44 43 44
129 210 229 153 95 79 134 158 130 134 94 55 48 47 46 45 44 44 44 45 48 44 43 44 44 44 44
81 96 108 136 91 80 134 148 120 94 102 55 46 46 45 45 48 48 46 46 45 44 45 42 43 44 44
74 92 103 129 123 112 151 128 116 85 63 53 47 46 47 45 43 46 45 44 45 44 43 43 44 44 44
64 99 104 123 146 104 118 120 94 68 58 48 47 44 45 47 55 45 44 47 45 43 44 43 44 42 44
56 65 70 90 112 87 76 67 60 54 48 46 46 43 44 49 56 43 44 42 44 46 44 45 44 42 43
51 55 73 95 84 85 74 66 62 49 47 46 42 44 51 54 51 42 43 44 44 43 43 43 43 44 45
52 60 79 110 80 91 74 74 66 49 48 45 43 45 54 63 46 43 43 44 43 43 46 44 45 44 42
56 69 109 110 92 93 93 88 65 54 46 46 51 47 61 63 43 43 47 44 43 42 43 44 44 42 44
60 96 102 118 84 107 95 93 72 55 49 46 45 55 92 55 44 44 44 44 43 43 44 44 44 43 44
70 112 115 126 88 102 110 108 81 61 52 46 47 118 80 45 43 44 44 44 44 42 43 44 44 44 42
79 149 121 125 110 112 132 146 89 69 54 48 49 64 52 47 42 43 43 43 44 43 44 42 44 47 45
84 197 158 156 126 112 133 148 109 75 57 49 51 59 49 46 44 43 44 43 44 44 44 46 42 44 48
116 242 196 208 151 124 139 147 120 91 63 51 59 61 51 45 44 45 45 43 44 43 44 45 44 44 49
162 325 207 223 173 152 151 154 134 102 73 54 68 66 51 46 43 45 40 45 50 44 45 45 43 44 46
213 379 241 224 167 152 154 165 156 118 80 59 78 68 47 46 44 45 49 46 45 44 43 44 44 44 45
317 468 247 221 201 178 175 217 272 175 104 67 84 64 50 51 45 45 46 47 46 46 45 44 45 45 46
310 321 259 214 179 164 150 200 232 164 102 75 80 68 49 44 44 44 44 48 46 45 45 43 44 45 45
303 327 255 211 165 177 172 200 194 138 104 95 100 58 47 47 45 48 46 47 46 43 44 44 45 45 42
210 296 295 246 169 188 206 195 156 127 114 106 87 55 48 47 45 45 45 48 45 44 45 44 44 45 44
92 176 175 172 121 159 217 173 135 118 96 104 80 50 46 45 44 44 43 44 49 44 44 44 43 44 44
68 84 90 101 82 97 134 112 79 76 70 72 50 47 45 44 43 47 45 44 42 43 45 42 43 44 44
58 75 71 100 102 106 100 89 67 59 54 53 50 45 44 44 40 45 44 44 44 43 43 43 44 43 44
78 73 82 102 122 153 110 81 63 57 54 48 46 47 45 45 43 44 44 43 44 42 44 41 44 49 44
90 73 84 93 122 133 84 67 61 61 51 46 46 44 44 44 43 44 44 41 44 48 44 43 44 42 44
79 113 86 102 111 102 87 72 62 58 51 47 44 45 48 44 42 43 44 44 44 43 44 48 44 42 43
87 161 118 131 133 113 98 83 68 65 52 49 51 47 45 45 43 44 44 44 42 43 48 44 43 44 43
238 148 132 163 157 139 119 101 83 70 60 51 50 49 46 46 45 45 44 44 44 44 44 44 44 45 42
145 142 148 155 136 125 103 90 73 65 60 51 50 48 46 48 46 48 46 46 43 43 44 44 44 47 44
133 134 129 141 120 111 97 88 69 63 57 51 50 49 47 50 50 49 47 44 44 42 43 44 45 44 44
129 100 114 122 99 95 85 73 66 58 58 54 48 46 48 48 45 47 45 44 45 43 44 44 46 46 44
115 85 95 101 84 91 84 75 60 55 54 52 47 46 45 50 48 46 45 45 44 45 44 44 43 46 46
