44 42 44 44 44 45 61 133 126 70 48 46 44 51 103 144 110 63 46 46 44 44 48 44 42 43 43
44 45 41 44 50 45 53 92 237 184 50 46 47 57 249 212 82 54 50 45 45 42 45 49 45 43 44
43 42 44 45 45 43 58 86 109 93 46 47 51 47 106 93 148 59 44 43 45 44 44 41 44 49 44
46 43 44 45 43 43 50 85 65 49 46 50 44 43 50 55 90 46 47 42 44 43 43 44 41 44 48
42 43 44 44 49 44 50 98 48 45 45 41 45 49 45 46 74 46 46 45 44 44 44 44 41 44 49
43 47 44 44 45 43 54 94 50 45 42 44 49 45 44 51 94 49 44 45 44 45 42 43 49 44 43
43 44 42 43 46 45 64 107 56 44 45 44 44 45 45 54 101 65 46 44 44 44 41 43 50 44 43
44 43 41 44 42 45 81 117 61 46 44 44 45 44 46 59 102 81 47 44 45 44 44 42 44 48 45
43 44 42 44 49 45 91 108 62 46 45 45 44 44 50 63 101 93 55 45 44 43 45 43 44 42 44
43 44 43 44 48 49 102 101 70 46 46 44 45 50 46 65 99 104 63 53 46 42 46 43 44 44 43
43 44 45 42 45 67 152 141 80 49 46 46 46 45 47 78 111 121 85 53 49 43 44 44 44 44 42
43 44 44 43 48 92 162 160 93 50 47 47 44 46 53 83 114 137 123 54 46 44 44 44 43 44 48
44 43 44 44 46 99 157 142 92 55 49 47 47 47 49 82 107 142 140 54 45 45 45 44 43 44 49
44 44 47 44 47 83 157 140 107 56 48 47 45 46 51 84 106 140 114 54 44 49 44 44 44 43 45
43 44 44 44 50 89 168 131 100 53 46 46 47 46 49 76 112 160 106 50 41 50 46 44 46 45 43
43 44 45 45 50 61 152 132 96 53 46 46 47 47 49 63 108 157 85 50 45 49 45 46 44 42 43
42 44 44 44 58 59 117 108 74 51 46 44 45 46 47 52 92 122 69 44 46 45 44 42 44 45 44
42 44 44 43 48 47 72 74 51 46 45 43 44 45 44 46 56 77 50 44 46 44 45 43 45 44 42
42 42 44 43 44 53 51 62 45 44 47 44 43 43 44 44 46 55 46 44 46 43 44 45 43 43 43
43 49 44 42 44 49 46 67 48 45 45 44 46 44 43 46 52 59 42 46 50 44 43 43 43 43 44
42 44 49 44 43 45 47 74 63 46 46 43 45 48 47 45 59 63 48 43 44 43 44 44 44 43 42
43 43 46 43 44 46 66 99 97 53 50 46 45 46 47 55 91 93 51 48 45 44 44 42 44 49 44
49 45 46 44 44 46 82 112 134 72 50 51 48 47 51 71 106 116 67 43 44 45 45 44 45 44 44
49 45 44 44 44 47 78 122 143 107 56 51 49 49 54 90 105 109 76 46 44 45 45 45 43 44 47
46 50 45 44 45 46 92 135 174 133 67 52 56 52 70 107 139 118 74 48 45 45 44 45 51 45 44
45 46 44 44 45 42 81 132 139 110 65 51 53 54 74 130 153 116 87 50 45 47 44 46 49 44 43
44 46 42 44 43 46 78 110 108 104 62 52 51 51 67 122 125 97 82 49 46 45 46 42 45 49 44
46 45 46 45 45 55 86 133 115 118 65 57 50 56 78 124 142 138 110 59 46 48 51 46 46 42 44
44 45 50 46 46 50 70 121 108 99 64 52 51 61 62 102 110 120 78 61 47 52 46 44 45 44 42
44 44 45 45 45 46 66 109 82 86 67 58 52 53 66 100 91 100 66 50 47 44 44 44 44 44 41
45 45 46 47 46 47 68 96 106 113 104 100 63 87 118 126 108 115 83 46 45 45 46 46 44 44 49
47 46 46 45 46 47 67 117 132 130 120 119 90 129 134 152 124 104 83 48 50 48 48 46 45 44 49
47 46 50 45 46 47 65 123 143 122 133 142 108 150 143 132 115 97 80 52 44 46 47 47 48 42 44
46 49 45 45 46 46 63 114 110 118 134 145 124 163 149 120 105 95 71 47 45 46 47 46 47 42 44
48 48 46 46 44 47 67 110 113 131 135 152 148 181 160 118 97 84 66 44 48 53 48 47 48 43 44
45 46 46 45 46 46 53 85 106 122 124 146 120 130 129 98 79 69 53 45 46 49 47 45 46 43 45
44 45 46 44 46 44 49 69 78 93 113 90 95 99 78 80 64 55 46 45 44 45 51 45 44 43 43
44 43 44 44 44 46 43 51 59 61 68 76 70 66 62 60 53 48 46 43 46 49 46 43 44 42 44
43 49 45 42 44 44 46 50 51 64 72 71 63 71 55 55 50 46 44 45 49 44 47 44 43 43 44
46 45 50 46 43 45 44 51 52 66 76 76 64 69 60 52 49 47 45 44 43 44 51 45 44 43 43
49 46 44 44 44 45 45 54 62 78 75 85 63 69 64 56 53 47 46 44 46 44 46 46 46 47 44
76 49 43 44 44 44 46 52 63 84 82 88 64 73 66 57 49 46 48 44 44 44 46 52 49 46 44
384 73 45 45 44 45 47 57 73 97 107 95 64 82 68 63 55 48 51 43 45 46 47 69 82 49 46
324 147 49 44 45 45 48 64 84 95 124 110 71 88 67 70 62 50 48 46 46 46 53 95 552 54 48
109 150 72 47 46 46 49 66 86 95 120 105 65 90 75 78 72 55 48 45 46 47 59 146 215 57 49
69 178 81 47 46 46 55 84 100 113 117 127 84 100 90 99 87 64 50 46 48 51 91 171 135 52 48
51 135 120 60 47 46 58 106 112 119 110 131 104 108 108 97 95 74 52 48 46 56 146 147 80 46 46
46 64 114 92 52 51 66 124 159 124 118 118 123 114 121 120 113 96 59 49 50 98 155 87 54 48 43
49 52 72 95 65 51 87 156 238 178 136 126 117 111 119 150 186 100 66 53 57 155 161 59 51 46 44
49 50 50 83 74 62 88 134 167 149 141 116 124 120 116 173 191 123 76 59 63 118 77 49 50 46 45
48 50 49 68 67 97 101 119 141 138 134 112 121 116 120 174 138 106 84 71 100 82 59 49 59 46 48
49 49 55 48 59 89 132 131 121 133 123 115 106 110 121 128 104 104 94 88 78 50 49 47 50 42 44
46 50 46 46 54 75 136 126 124 124 109 111 99 109 122 116 107 115 95 94 62 48 48 46 48 42 44
45 48 45 46 42 47 63 68 70 84 71 79 66 85 89 88 81 83 76 50 49 51 46 44 45 43 44
43 46 44 46 45 44 51 51 53 63 61 68 56 60 62 59 53 56 52 49 45 46 45 42 44 43 44
44 45 45 45 45 46 46 51 51 52 64 77 65 58 54 53 49 48 44 46 46 44 47 44 43 43 43
44 44 44 45 45 45 43 48 54 54 60 68 63 61 58 53 46 50 46 46 45 42 44 43 44 44 41
48 50 46 43 45 45 46 50 50 56 64 66 62 63 58 53 46 46 46 44 47 44 43 44 44 43 44
53 55 52 51 45 47 50 53 58 59 60 75 67 69 63 59 49 50 50 48 46 44 43 44 44 44 44
84 54 50 50 50 52 58 63 70 70 69 76 74 77 67 68 64 57 57 47 46 43 45 48 46 44 44
67 64 58 50 50 52 58 63 64 76 74 85 90 80 72 85 76 73 72 52 46 44 46 46 44 43 44
56 76 50 52 58 53 59 67 60 74 85 85 92 85 83 104 87 86 85 62 50 44 46 44 46 44 44
59 65 50 50 53 56 55 58 56 66 81 82 77 73 78 92 72 72 61 52 51 43 46 51 46 43 44
63 50 49 55 49 50 61 58 52 67 73 84 68 66 67 72 68 60 52 56 54 50 50 45 44 45 43
