42 43 42 46 49 43 44 43 42 44 45 44 44 44 44 43 43 43 46 69 44 48 44 43 43 42 43
43 39 43 49 44 43 44 45 45 46 44 44 42 44 47 45 42 44 65 74 42 43 47 44 43 43 42
43 47 44 44 44 43 46 50 56 52 44 45 44 44 44 45 46 60 142 50 43 44 43 44 45 44 44
43 47 45 43 44 43 46 55 146 157 54 47 46 45 44 50 65 64 70 49 43 44 44 44 44 45 44
41 45 51 46 46 46 48 58 337 560 84 52 51 51 49 65 72 81 58 47 48 46 44 45 44 44 44
40 44 49 44 44 44 45 53 112 204 58 50 59 49 46 46 58 85 51 46 45 44 44 41 44 49 44
42 46 44 44 45 41 46 57 63 68 57 52 48 44 44 45 51 90 54 45 43 43 44 43 43 44 44
42 43 44 44 44 44 46 88 52 55 50 50 48 44 42 44 51 76 50 43 44 44 44 44 44 43 45
43 43 44 42 44 47 48 76 50 51 46 46 44 44 50 44 55 83 55 46 44 43 43 41 43 49 44
42 44 43 43 44 44 48 81 54 52 45 43 46 43 44 45 63 103 95 46 44 43 41 43 49 44 42
43 44 44 43 45 44 50 113 56 46 51 46 44 44 45 47 77 128 145 63 44 44 44 44 44 44 42
43 44 44 44 48 44 60 126 62 46 46 46 46 42 46 52 85 127 171 50 44 43 43 44 44 42 44
44 45 44 44 45 46 73 105 67 50 46 46 46 44 46 49 88 144 177 63 46 43 44 43 44 44 44
43 44 43 44 45 45 87 104 78 54 46 46 46 44 45 50 91 126 153 66 45 43 45 43 43 44 42
42 44 44 44 47 51 93 110 85 59 46 46 46 46 46 56 119 149 166 87 46 44 46 44 45 44 43
43 44 44 44 47 49 110 128 99 68 48 48 47 46 48 70 165 174 169 95 45 45 50 45 43 44 43
44 43 45 46 50 50 112 114 104 64 47 49 47 47 48 75 173 205 169 94 47 43 45 50 44 43 44
44 46 46 45 46 48 88 99 84 54 52 49 46 46 46 65 153 196 175 77 50 43 45 49 44 42 44
42 44 44 43 45 46 58 78 65 54 46 45 46 44 46 48 119 117 129 53 46 49 45 44 43 42 43
43 39 44 44 44 44 47 49 48 45 45 44 45 45 45 46 66 106 97 46 44 48 44 42 43 43 43
42 39 44 49 45 44 44 44 45 45 44 45 46 44 45 45 47 88 87 48 41 44 49 44 43 44 43
43 49 47 43 44 43 44 46 45 44 44 45 44 43 46 44 50 77 117 46 43 44 41 44 48 44 45
42 45 45 42 44 44 45 46 45 45 49 46 44 44 47 46 62 103 94 55 43 43 44 43 43 48 44
42 44 47 44 43 44 45 46 47 46 44 45 46 45 47 49 74 90 76 52 44 44 44 42 43 49 45
44 44 46 45 44 44 45 46 49 45 45 51 47 44 48 64 85 90 80 53 45 43 44 47 45 46 44
44 43 45 44 45 46 46 52 50 46 46 48 50 45 54 97 106 99 92 56 46 42 45 48 44 43 44
43 42 45 43 46 49 50 53 52 47 48 49 50 46 65 119 113 84 95 56 46 44 43 44 46 44 44
44 43 46 50 50 55 70 82 80 69 70 59 56 48 92 135 134 113 101 70 46 46 46 42 44 48 45
42 44 46 56 62 70 75 95 95 78 73 66 61 49 76 104 110 96 74 59 49 46 43 45 48 44 44
44 44 61 59 56 64 69 74 68 67 69 86 56 49 65 80 76 70 63 50 41 44 45 46 42 43 49
59 66 83 97 91 100 124 143 141 143 136 4095 124 119 128 153 127 113 97 80 70 79 72 69 54 46 50
43 54 64 62 53 54 66 91 90 96 76 102 73 73 83 124 86 85 65 49 47 46 46 45 44 43 44
45 54 54 56 52 52 65 98 96 96 86 91 91 105 100 118 77 81 66 47 47 45 45 46 44 45 48
46 48 58 53 53 54 70 102 92 97 99 110 99 130 116 110 77 70 68 48 47 47 46 46 44 44 45
44 48 53 60 56 56 78 108 110 117 114 145 128 175 124 110 92 72 52 50 48 48 50 47 43 44 46
44 46 53 57 63 70 97 102 121 110 114 141 108 135 111 90 88 65 54 46 48 47 47 51 46 44 53
44 46 56 70 79 91 99 108 108 108 101 100 106 114 90 81 71 54 52 44 47 48 47 50 46 44 48
45 62 71 62 70 72 81 95 88 96 95 95 104 97 82 81 68 54 51 45 47 51 47 47 56 51 46
44 51 56 64 66 70 73 100 88 90 96 88 94 87 71 69 58 50 48 46 46 46 47 57 72 51 45
42 59 63 65 69 76 75 102 95 90 83 90 70 72 66 62 56 50 49 45 46 46 53 117 81 45 49
45 54 63 69 68 82 83 95 105 92 79 93 70 54 57 54 50 49 51 46 46 49 73 192 81 44 43
45 54 61 66 70 87 76 85 87 90 84 77 65 55 50 50 50 48 46 49 46 55 135 222 54 49 45
50 53 58 63 71 106 75 92 90 83 88 77 76 56 50 51 50 49 47 49 46 83 224 172 46 49 45
49 53 58 63 68 90 89 115 90 95 101 96 78 57 53 53 48 49 49 47 50 202 245 84 45 44 44
47 58 62 68 93 87 81 108 91 88 94 83 81 56 54 58 48 49 48 47 55 181 140 56 44 43 44
46 52 65 74 93 83 84 98 95 82 79 91 76 63 62 62 50 48 48 47 72 166 97 47 49 44 43
45 51 67 101 84 89 87 88 99 95 86 90 78 68 67 63 56 49 50 50 102 169 80 48 44 44 44
46 51 74 94 83 84 93 100 89 84 86 89 88 75 73 74 65 50 58 67 110 146 55 47 45 44 44
46 62 65 71 93 90 89 110 98 104 101 88 83 74 72 82 72 54 63 84 130 124 54 47 46 44 43
46 58 69 70 82 94 83 104 105 99 109 95 83 78 85 107 99 60 71 118 154 88 48 47 45 46 44
50 54 72 73 87 96 98 114 114 97 101 107 94 88 125 143 114 91 96 133 117 56 47 47 45 44 45
46 53 81 94 96 99 119 120 113 109 101 124 98 92 140 128 109 117 109 129 100 51 48 48 45 44 43
49 47 60 82 80 98 131 128 123 107 104 135 111 100 118 124 117 125 116 140 87 53 49 46 44 45 44
46 52 54 59 72 85 111 111 108 103 96 118 87 86 89 102 120 125 101 116 74 49 52 47 44 44 44
51 47 49 51 61 82 95 89 99 98 92 95 67 74 70 78 99 92 92 79 51 48 46 46 49 44 43
47 57 50 53 70 111 106 88 90 84 80 77 66 66 64 65 67 65 63 49 48 46 46 50 44 42 44
54 64 57 58 74 95 96 88 88 94 84 76 71 78 83 82 71 68 65 51 48 54 47 46 44 44 44
58 58 55 54 56 61 70 73 73 74 78 83 72 80 84 82 72 65 63 58 48 49 46 43 43 43 44
68 60 55 52 55 53 63 65 66 70 71 78 78 84 84 79 69 70 63 56 50 47 48 45 43 44 44
83 66 64 52 59 53 67 64 72 70 75 85 86 88 83 81 80 67 71 59 51 49 43 45 49 46 43
76 67 69 55 57 54 63 67 68 72 79 87 91 84 88 98 95 92 78 63 50 47 46 45 44 49 44
69 90 62 57 57 54 64 68 69 80 83 95 103 86 90 121 108 120 104 66 54 48 46 44 44 49 44
81 92 63 58 52 57 64 69 70 81 101 112 96 85 90 118 93 93 80 61 52 46 46 49 44 44 44
81 62 56 56 54 63 68 68 65 93 107 118 86 86 90 100 83 67 60 58 51 46 46 50 44 43 44
