41 44 49 44 43 44 43 44 46 45 44 46 46 48 92 162 329 103 58 52 66 102 99 65 46 48 45
42 45 44 44 45 44 45 44 45 49 45 43 47 52 107 160 154 73 52 51 60 253 300 90 46 47 49
43 43 46 41 45 49 44 44 44 43 45 44 45 50 110 111 53 46 41 47 57 113 107 73 46 44 44
42 43 44 43 41 43 49 44 43 44 44 43 44 46 77 95 44 44 46 45 48 59 57 66 45 44 44
42 43 43 43 45 44 46 44 42 43 44 43 45 42 77 72 44 43 43 45 46 53 52 75 45 43 44
42 43 45 44 44 42 44 47 44 42 43 44 46 50 101 73 47 44 46 45 44 46 50 92 54 41 44
42 44 42 43 44 43 44 43 43 48 44 43 46 58 110 78 44 45 44 47 46 45 53 103 56 44 42
43 43 44 42 44 43 43 44 43 43 47 44 46 76 107 79 44 44 44 44 46 49 61 107 74 44 44
42 43 44 43 44 42 44 47 44 43 44 44 54 88 112 82 44 45 43 45 45 47 74 114 92 45 43
43 42 43 43 44 44 43 44 46 45 44 44 58 93 116 86 45 45 45 45 47 48 76 115 122 45 44
43 42 43 44 44 44 43 44 48 44 44 46 75 135 115 94 48 45 46 44 48 49 101 130 127 50 44
46 44 43 43 44 43 44 44 44 47 46 46 90 122 117 94 46 46 46 46 49 56 125 151 143 69 43
43 44 49 44 43 43 43 44 44 44 46 51 92 120 114 80 49 46 47 45 51 74 129 158 154 73 45
45 40 44 49 46 42 44 43 43 45 45 50 79 110 104 76 50 47 47 48 51 65 135 166 150 79 45
46 43 43 43 43 44 45 44 44 45 45 46 68 105 100 69 48 49 49 44 49 56 105 134 112 57 46
43 48 44 42 44 43 44 44 44 44 44 46 59 93 82 57 47 46 45 47 45 50 78 120 82 52 44
43 48 45 43 44 43 43 44 44 44 46 45 50 78 67 48 46 46 44 47 44 48 62 97 71 53 44
41 44 49 44 43 43 43 43 43 43 44 44 45 59 51 44 45 44 43 43 46 45 49 57 48 46 44
43 44 41 43 50 44 43 43 42 43 44 43 46 52 49 46 42 43 43 43 45 44 45 46 47 46 44
43 46 44 43 44 42 44 48 44 42 44 44 46 57 55 46 43 43 44 42 44 45 45 51 43 44 47
44 43 44 43 43 43 45 39 43 47 45 42 48 70 78 49 44 43 44 43 45 46 49 51 46 44 46
43 43 44 42 44 47 45 42 44 43 45 45 59 88 120 63 44 46 42 45 52 52 76 75 46 44 44
42 45 46 43 44 43 44 49 44 43 46 51 68 109 132 83 47 47 52 48 51 69 109 103 52 46 45
43 44 43 45 48 44 44 45 44 45 46 59 73 110 136 104 54 49 49 52 55 92 116 129 51 47 45
43 45 44 43 45 44 45 44 45 45 44 61 84 112 152 111 60 52 51 52 57 122 134 152 57 46 45
44 46 42 43 45 44 45 42 45 50 46 64 87 114 164 125 58 58 54 55 60 108 117 122 59 48 42
44 44 45 42 44 45 59 49 45 46 46 57 77 99 123 114 66 59 55 58 68 144 128 136 62 49 43
44 45 46 44 44 59 50 50 46 45 46 52 84 135 124 158 80 65 56 70 82 172 190 153 63 51 46
44 46 45 44 44 49 43 44 49 45 45 51 72 131 131 109 83 59 52 68 70 108 121 97 57 48 46
43 43 44 45 44 45 44 45 47 46 44 46 57 102 103 108 104 89 65 80 84 97 98 87 67 47 46
43 44 43 44 45 45 46 44 46 51 46 46 64 111 104 149 114 117 91 83 115 122 115 115 71 50 46
45 46 50 45 44 44 45 45 46 46 46 55 86 140 113 187 128 132 120 89 170 143 118 133 80 52 47
45 42 45 48 45 43 44 44 46 47 46 48 67 144 121 156 131 144 125 89 161 134 115 116 83 51 47
46 44 46 46 45 43 44 45 46 47 45 47 69 119 130 140 131 156 113 97 152 126 123 117 71 52 47
45 48 46 43 45 44 46 47 47 47 50 48 66 115 129 133 138 154 108 125 143 156 129 105 61 54 52
45 46 45 43 44 43 44 50 46 46 51 52 55 74 104 108 116 118 89 101 125 127 119 75 54 57 50
42 44 48 44 43 44 43 56 48 45 46 48 48 53 67 76 72 71 75 69 87 80 79 53 48 50 62
44 43 47 44 42 43 43 70 57 45 45 49 47 48 57 64 66 66 60 56 69 55 62 50 46 49 108
43 43 44 43 44 45 44 82 69 46 46 45 46 48 51 64 63 59 61 55 64 54 59 48 45 53 178
43 42 45 44 44 46 45 80 91 52 46 46 47 48 53 63 62 54 56 58 68 59 54 49 49 66 201
44 43 46 45 45 46 45 71 131 73 47 46 43 49 58 62 62 56 58 67 65 58 49 47 51 82 206
43 44 44 42 44 50 46 58 187 114 50 46 46 51 60 63 63 57 66 70 63 67 54 47 46 96 115
44 46 42 44 49 45 46 58 142 145 54 47 49 59 63 71 66 57 70 81 67 79 62 47 46 68 66
43 44 44 44 44 44 54 53 71 89 54 48 52 60 67 73 80 63 78 78 78 96 69 53 49 63 64
44 47 44 44 45 45 49 48 56 78 56 47 58 65 74 88 98 76 87 87 97 116 95 62 52 76 57
47 45 47 44 45 45 45 46 52 67 57 51 63 74 95 111 119 89 94 112 133 172 132 71 80 85 64
49 46 46 45 44 45 45 46 51 65 64 64 72 95 109 109 114 102 107 127 154 256 154 98 176 98 72
48 46 46 47 46 44 46 47 50 64 67 66 82 108 134 117 116 119 112 168 223 315 173 118 129 98 65
47 47 46 45 46 46 48 49 52 65 74 69 87 126 139 127 121 116 134 168 345 439 196 157 156 120 57
46 48 45 45 46 46 46 47 50 58 70 62 96 113 131 125 124 114 135 192 291 307 185 148 128 234 53
46 48 45 46 45 45 46 49 50 56 68 72 99 101 124 135 123 109 137 210 214 263 180 170 161 277 53
46 46 46 46 46 44 45 46 48 52 59 91 95 93 103 113 103 93 113 176 174 228 159 138 114 127 50
45 44 43 46 45 43 44 46 46 48 49 72 88 69 72 83 82 79 87 140 126 119 89 64 57 65 46
44 46 44 42 44 43 45 45 42 46 53 49 52 51 57 63 63 66 64 85 82 61 52 49 46 48 50
44 44 44 42 44 43 44 45 42 44 50 46 45 46 47 51 53 52 55 62 53 48 47 43 49 50 44
48 46 46 44 43 44 45 44 44 43 44 49 46 45 47 49 50 59 61 63 54 48 45 42 45 42 44
58 46 45 44 45 50 47 44 45 42 45 50 46 45 50 56 56 66 89 82 63 48 49 51 46 45 44
56 48 47 44 46 53 47 46 45 44 44 45 46 48 53 60 66 78 93 102 70 58 51 47 46 51 45
63 58 53 50 47 52 47 46 47 46 46 46 46 53 65 69 80 93 118 110 85 76 58 55 52 49 44
99 54 54 55 47 46 52 50 47 49 48 46 53 57 62 79 104 121 146 117 91 91 65 54 50 49 46
77 67 54 50 48 45 46 51 48 49 47 48 57 59 67 96 140 204 164 129 103 114 72 55 52 51 47
73 69 49 48 54 47 46 49 46 50 49 49 54 63 71 117 163 268 222 133 114 116 75 56 53 54 49
78 66 49 49 51 46 44 47 46 48 51 49 51 60 67 100 125 171 128 100 101 120 71 54 51 54 47
68 59 47 47 50 47 47 45 45 50 49 49 49 54 60 79 95 102 76 87 104 113 69 52 49 49 47
