43 42 44 51 45 55 65 65 48 45 44 45 49 49 61 54 59 45 44 42 44 44 44 45 44 44 45
44 44 45 46 47 56 168 246 62 51 49 48 49 56 99 188 86 48 44 45 46 44 44 44 43 44 49
44 43 47 51 48 56 108 314 61 52 50 50 53 59 282 501 72 49 50 46 46 45 43 44 44 44 45
43 44 42 43 49 46 54 63 47 44 45 44 46 47 89 136 55 43 44 46 44 44 44 44 43 43 44
43 43 42 43 50 48 50 48 46 43 44 44 45 47 55 56 50 44 43 48 45 42 44 42 43 44 44
42 43 44 42 44 64 56 46 45 42 43 44 44 46 48 50 55 49 44 43 44 42 43 43 43 44 44
39 43 43 46 43 71 70 45 45 41 44 48 45 43 46 49 66 49 44 43 44 42 43 43 43 44 42
43 42 46 42 46 78 72 46 42 44 49 44 43 44 45 54 74 45 49 44 44 43 42 43 43 44 44
43 44 44 44 46 87 83 46 45 47 45 43 44 44 46 60 82 51 40 43 47 43 46 43 42 43 44
43 43 44 44 48 86 87 51 47 45 43 43 45 44 46 63 88 57 43 42 44 43 43 46 44 42 43
42 44 45 44 69 129 125 68 46 46 47 45 45 46 49 76 96 74 46 43 44 46 44 45 45 44 44
42 44 44 45 107 174 151 107 49 49 46 45 47 48 60 86 102 98 46 46 45 46 45 42 43 44 44
42 42 46 48 125 173 134 104 50 47 47 44 48 54 81 91 110 130 49 47 46 46 44 43 43 44 44
45 45 46 47 106 143 149 112 54 49 45 47 54 51 97 99 123 144 53 45 46 46 47 45 42 44 46
44 48 46 45 103 148 153 114 57 48 47 48 49 50 110 123 156 151 49 45 46 44 42 44 47 45 43
44 44 46 46 85 151 151 104 54 48 51 48 47 51 93 127 184 151 48 47 46 45 44 41 44 48 46
48 46 45 45 61 127 143 78 53 44 47 46 48 53 61 106 165 127 44 46 45 44 45 42 44 49 44
48 45 44 44 51 100 106 59 49 45 46 49 46 48 51 104 128 74 46 43 44 44 44 44 41 44 50
43 49 45 44 47 70 116 54 48 47 43 45 50 47 51 101 89 54 43 43 45 44 44 41 44 50 45
45 42 45 43 46 68 131 67 48 46 46 46 46 48 57 89 90 48 44 45 44 44 41 44 48 44 43
44 46 42 45 46 72 137 78 49 48 45 46 47 48 58 125 88 49 45 43 44 44 44 44 41 44 49
43 43 46 49 49 91 152 99 61 50 48 49 52 51 79 124 95 51 50 46 44 44 43 45 44 44 44
44 47 47 47 55 143 183 132 84 52 51 52 53 60 113 133 109 62 44 47 47 45 45 44 42 44 46
44 48 47 48 54 132 183 157 122 55 53 54 55 74 151 146 109 61 45 52 47 46 44 43 44 44 44
46 48 52 45 51 130 177 158 153 62 55 58 57 94 211 159 123 74 48 46 47 46 46 44 44 44 45
44 53 51 47 51 119 154 153 140 68 53 54 56 120 164 180 132 74 47 46 47 47 45 45 42 44 49
44 48 52 47 49 99 127 110 103 65 50 51 55 103 112 142 117 61 48 46 49 54 44 44 44 44 44
46 49 54 49 54 108 154 152 106 72 56 56 62 115 138 175 129 76 42 57 63 108 53 45 43 45 44
47 59 77 52 52 96 130 130 106 67 53 55 60 111 121 121 100 63 47 46 49 56 52 46 44 43 44
61 97 67 46 53 88 105 94 87 64 54 62 56 89 98 97 76 58 47 44 47 50 44 45 44 42 43
46 62 53 47 57 84 101 107 106 88 65 65 79 103 102 110 81 55 49 51 47 46 44 42 43 44 44
47 52 52 48 56 82 102 143 132 133 96 99 113 148 124 135 86 59 47 48 50 47 46 43 44 47 45
45 54 52 50 51 63 96 144 145 158 132 122 144 178 126 114 86 58 47 47 49 59 57 45 43 45 47
50 52 54 50 51 61 95 134 142 163 136 159 152 180 129 105 78 51 45 49 54 48 46 44 43 44 45
51 53 54 50 51 67 89 131 160 186 139 165 176 202 123 98 76 51 49 52 49 48 46 42 44 49 45
50 54 54 50 49 62 104 134 159 186 115 157 175 162 106 84 69 50 47 49 52 61 45 45 44 46 46
51 58 51 47 49 58 90 100 110 112 90 85 111 117 75 72 55 46 47 45 47 54 44 44 46 46 47
54 87 49 45 51 51 69 85 86 74 69 69 71 82 67 58 47 45 46 44 52 69 45 46 44 43 44
46 81 50 46 46 52 55 78 78 71 81 74 71 70 65 52 46 44 44 45 54 59 43 43 47 46 43
46 118 64 46 44 47 54 68 72 72 74 63 72 65 53 48 45 43 44 46 54 52 43 43 49 44 43
45 127 95 52 47 46 51 76 73 72 66 74 70 64 58 49 46 45 50 47 59 53 43 43 44 45 46
50 143 118 49 53 47 51 68 76 80 68 63 62 65 54 48 45 46 44 51 74 57 43 43 43 44 45
55 216 139 66 54 48 51 69 74 88 75 66 72 68 54 48 46 46 46 69 83 56 45 43 43 44 44
53 286 208 104 49 55 68 107 106 95 71 76 90 70 63 54 49 47 48 93 143 65 48 44 44 41 46
52 124 124 65 49 48 65 104 92 93 75 74 81 72 59 53 48 46 49 119 255 69 48 45 42 44 49
50 83 127 67 48 53 75 114 114 102 68 79 88 85 72 57 53 47 49 116 136 61 52 46 44 44 42
46 62 121 78 54 64 98 123 129 106 75 84 89 88 79 63 51 47 49 103 101 49 54 44 43 44 45
45 62 117 72 48 76 116 141 121 103 84 97 101 90 88 79 53 46 59 98 74 46 47 44 44 44 43
45 56 91 80 49 99 127 143 124 123 107 98 119 102 89 89 54 49 70 92 66 51 45 44 44 43 44
46 54 96 91 64 109 120 156 129 112 112 100 135 122 101 100 60 49 71 103 52 46 50 44 44 44 44
51 55 91 110 90 141 141 181 151 119 110 123 152 169 147 134 72 51 78 89 52 46 45 45 45 44 45
49 62 119 145 97 140 171 186 177 123 105 142 156 166 165 120 80 61 67 60 57 47 46 45 44 44 45
47 59 73 120 101 140 161 192 200 120 107 157 173 159 140 116 85 72 71 54 57 47 45 44 43 44 45
46 53 59 105 115 104 126 158 145 109 104 141 152 142 94 90 84 73 52 55 50 46 45 42 44 49 45
46 57 51 58 81 85 103 112 113 89 99 119 133 109 75 74 78 57 52 48 48 43 44 47 44 44 44
48 53 48 51 66 95 109 104 96 89 98 106 108 86 65 65 61 49 50 47 46 45 44 44 46 44 45
52 70 53 55 67 88 96 108 109 108 118 121 98 87 77 72 58 51 48 46 48 49 45 45 44 42 43
64 56 53 57 54 63 74 89 91 105 108 106 80 80 79 70 57 50 48 49 46 44 46 44 46 44 43
60 61 58 51 57 60 70 91 92 100 93 89 81 82 73 68 56 52 52 48 46 45 50 44 44 44 43
75 76 66 56 64 59 81 87 108 103 89 95 91 84 69 71 66 57 57 52 46 46 49 44 43 45 43
77 68 70 56 65 63 73 85 109 97 92 94 91 83 76 83 78 76 67 51 48 45 45 43 44 46 44
63 88 68 54 59 61 72 76 78 89 93 93 91 78 72 105 90 103 84 56 49 43 44 44 43 44 43
70 76 62 61 55 59 67 70 71 81 100 92 86 77 73 96 81 82 67 54 51 45 45 43 44 46 44
97 60 54 56 53 62 61 69 63 81 93 98 78 75 68 74 75 60 52 53 52 45 44 44 41 44 47
