42 43 44 45 46 48 92 49 44 43 44 44 45 46 50 95 47 46 44 42 43 42 44 44 41 43 49
44 41 47 43 45 55 108 56 49 45 44 44 45 49 81 110 47 44 46 43 43 43 44 43 44 42 43
42 44 44 44 46 46 82 139 55 45 45 44 48 61 104 80 44 44 40 43 49 44 43 43 42 43 44
43 44 44 44 43 52 76 182 80 47 46 46 49 111 136 92 51 43 44 39 45 49 45 43 43 43 44
42 43 44 44 44 50 63 87 60 46 43 46 47 75 84 62 46 42 44 39 44 47 44 42 43 42 43
42 43 44 44 45 52 75 63 46 46 44 44 45 49 58 71 48 41 44 48 44 42 44 42 43 44 44
42 49 45 43 44 64 67 47 45 45 44 41 45 46 50 70 49 42 44 47 45 42 43 42 43 44 42
44 44 44 43 46 74 76 46 44 44 46 44 46 45 48 79 59 44 41 46 49 43 43 43 42 43 44
43 42 44 43 46 81 83 45 43 45 44 44 44 44 52 81 71 44 41 44 42 43 49 44 43 44 43
43 43 44 44 49 79 80 46 49 45 44 44 44 44 54 80 84 46 44 42 44 42 44 47 44 43 44
45 44 43 44 66 114 107 46 46 49 45 44 46 46 50 87 95 54 45 42 44 41 43 48 44 44 44
44 44 43 46 84 128 101 46 46 50 45 44 45 44 47 85 97 64 46 42 44 47 44 44 43 42 43
44 40 44 50 111 141 76 47 45 45 45 45 43 45 51 72 103 82 49 44 45 42 44 47 44 44 44
44 40 44 52 103 140 112 59 46 46 46 46 45 47 64 90 110 90 46 45 42 44 48 44 44 44 43
44 49 46 47 106 194 194 77 51 49 45 49 54 50 90 134 179 122 51 46 45 39 44 49 44 43 44
44 46 46 51 174 233 183 82 54 49 48 50 50 51 86 132 258 165 45 46 46 44 47 44 43 43 44
44 46 45 47 116 149 101 58 54 47 45 46 47 48 58 80 150 109 47 43 44 44 44 44 42 44 45
41 44 52 44 71 86 67 50 46 45 45 43 46 50 49 61 87 96 44 46 45 42 43 44 44 44 42
43 42 45 47 52 64 55 46 44 44 44 44 42 44 51 54 63 53 44 42 44 43 44 43 43 43 44
43 44 44 44 46 50 50 48 44 43 44 43 44 44 42 47 53 44 43 42 43 44 43 43 44 44 45
43 43 46 44 48 51 56 46 48 45 43 43 45 44 45 49 54 45 42 43 43 43 44 43 43 44 44
42 43 44 43 46 51 71 51 46 43 44 44 45 45 44 60 51 44 44 44 46 44 42 43 43 43 44
42 44 44 44 46 66 93 52 46 45 45 44 46 44 50 76 65 45 44 41 44 46 44 42 43 43 43
43 44 44 44 48 88 101 66 55 47 46 46 46 48 69 84 72 46 44 43 45 46 44 42 42 43 43
43 44 45 45 49 80 111 85 56 47 47 47 48 53 91 99 81 50 45 48 45 42 44 43 43 44 42
43 46 46 45 48 85 103 91 69 49 49 54 50 66 114 126 103 56 45 47 45 43 44 43 43 44 42
44 44 46 43 46 74 91 79 67 49 52 48 48 66 80 104 82 56 44 45 48 44 43 43 43 43 44
44 44 46 45 48 82 102 101 76 55 51 50 51 79 107 123 101 68 42 46 43 44 50 44 43 43 43
44 44 46 47 49 76 90 99 80 52 49 50 51 74 94 101 83 59 44 42 45 42 44 49 44 43 44
43 45 44 44 47 72 81 79 66 51 48 49 49 68 76 78 70 54 44 41 45 42 44 49 44 42 43
43 45 44 45 49 67 78 80 71 62 52 52 56 70 79 97 69 53 47 42 45 51 47 44 43 42 44
44 42 48 52 49 76 98 119 100 98 68 72 93 123 99 127 81 55 47 44 46 50 50 58 43 43 44
46 46 51 53 51 61 93 154 138 140 104 107 134 162 123 114 75 61 47 48 45 46 51 54 44 44 43
47 52 46 48 56 61 98 158 140 142 113 139 134 161 134 110 87 54 47 49 46 46 51 45 43 44 44
48 57 53 48 51 67 116 160 156 168 126 150 160 191 142 110 84 54 48 52 48 46 47 45 44 43 45
45 53 58 50 51 73 126 151 177 189 122 158 169 166 120 92 74 53 46 49 49 50 45 47 46 45 45
44 50 55 47 49 71 103 119 121 135 106 103 137 136 91 76 60 50 46 47 47 45 55 44 44 44 44
51 47 49 51 51 54 78 102 108 109 85 71 93 97 75 65 51 46 46 46 46 53 103 44 44 47 44
60 50 47 44 47 51 57 81 80 71 74 68 70 71 61 56 46 43 45 45 45 62 61 44 46 44 44
80 80 46 45 46 46 52 63 71 72 75 69 73 63 54 47 48 45 43 44 48 82 57 44 43 44 48
100 157 50 49 46 46 49 63 68 75 66 63 63 56 54 47 44 44 47 46 56 95 51 43 44 44 45
95 176 64 45 48 46 52 69 74 78 63 59 65 61 52 52 45 44 45 45 73 104 47 44 44 44 44
78 255 91 47 45 46 53 64 74 78 65 60 69 61 51 53 45 44 46 49 81 99 45 43 43 43 44
59 277 221 52 46 47 58 101 93 83 81 82 88 68 56 51 47 44 47 72 106 88 47 44 44 44 45
48 113 149 51 45 48 56 89 92 89 72 78 84 73 59 51 47 50 46 85 232 64 47 46 44 44 42
54 77 128 58 46 50 62 99 103 98 73 84 92 89 70 56 47 46 49 89 117 64 53 46 44 44 45
46 62 118 65 47 51 74 102 120 111 75 83 92 88 75 59 48 45 45 84 86 49 54 44 42 44 44
46 54 94 59 48 55 84 118 116 101 82 95 102 89 79 65 51 46 54 92 73 45 48 49 46 42 44
45 52 79 61 50 71 102 125 117 110 107 94 114 97 78 76 51 47 61 92 65 46 46 48 44 43 44
46 52 86 78 53 78 108 128 114 108 106 97 128 114 91 88 54 47 71 104 57 46 44 46 48 45 43
48 57 82 92 58 99 150 188 122 108 106 118 136 147 130 112 63 51 79 98 53 50 46 48 44 44 44
51 51 93 97 71 112 179 199 144 121 99 127 141 161 163 109 72 57 72 66 51 47 50 46 44 44 44
49 56 65 90 79 119 173 182 177 125 97 135 142 142 133 110 79 71 71 54 52 47 49 45 43 44 44
47 56 56 68 85 100 126 126 137 110 94 122 119 108 86 86 74 71 58 54 48 46 46 44 44 46 44
44 54 55 54 78 95 92 88 101 92 82 101 101 76 66 71 78 59 52 53 46 46 45 41 44 49 44
50 53 50 56 83 125 111 95 94 80 84 100 89 70 62 64 62 51 49 46 46 46 45 44 41 44 49
53 68 54 58 88 111 107 102 105 103 100 103 90 80 72 71 64 53 46 47 47 47 46 42 44 49 44
63 56 54 53 57 73 78 87 84 95 93 92 74 72 73 69 58 51 49 48 47 45 42 44 49 44 43
62 61 60 53 55 62 78 84 80 88 80 82 75 72 71 66 56 54 51 46 48 44 44 44 42 44 49
76 67 69 60 69 60 84 83 102 97 86 88 78 75 70 70 65 56 63 50 48 45 43 43 44 45 44
75 72 69 55 73 67 81 89 102 100 94 93 87 80 72 84 81 77 65 51 48 45 47 45 44 45 46
66 88 64 53 64 63 78 79 86 92 98 100 90 78 72 103 94 105 81 55 49 46 45 44 44 46 45
76 82 62 58 56 62 72 76 79 92 108 107 88 78 73 95 82 84 70 54 50 46 46 44 44 44 45
91 65 54 57 54 64 65 73 68 97 103 107 79 77 72 76 74 65 54 54 50 46 45 44 42 45 48
