43 47 44 45 44 44 44 40 43 45 44 42 44 44 44 44 43 48 44 43 46 43 43 43 43 43 41
44 43 46 42 43 43 44 43 41 44 49 43 43 44 43 43 42 43 46 44 47 44 42 42 43 43 44
43 42 46 44 44 44 44 43 44 44 44 43 44 43 44 44 44 43 40 43 45 43 47 44 42 43 44
43 43 44 44 44 44 42 44 47 45 43 43 44 44 44 42 45 44 43 40 45 42 44 48 43 42 44
42 43 43 43 44 44 44 41 44 44 44 44 45 44 43 43 44 44 43 40 44 44 44 47 44 42 44
42 43 43 44 44 43 44 41 43 47 44 42 44 44 44 44 43 43 44 42 44 48 44 42 43 43 44
44 39 44 48 44 42 44 42 43 44 44 44 44 44 44 43 43 43 44 43 44 46 44 42 43 43 44
43 40 44 47 44 42 44 43 43 44 44 43 49 44 44 44 42 43 43 43 42 43 48 44 42 44 43
43 47 44 42 44 42 43 44 43 44 45 44 45 44 43 43 42 43 43 42 46 41 43 44 43 44 46
44 46 45 42 44 43 44 44 43 44 47 44 44 44 44 43 42 43 43 46 42 42 44 43 44 46 44
42 44 49 44 42 43 44 43 44 43 44 45 45 45 46 43 42 43 44 43 48 43 44 45 44 43 44
44 43 47 44 42 43 43 43 44 43 44 47 45 44 49 43 41 42 43 43 44 43 43 44 44 45 44
44 42 43 44 44 43 44 46 44 42 43 43 45 46 54 46 43 42 44 44 44 43 44 44 44 49 44
43 40 43 41 44 49 44 43 44 43 44 45 45 54 121 53 43 42 44 43 45 45 42 44 49 44 43
44 41 44 48 44 43 44 43 43 45 46 46 48 121 128 49 44 44 51 46 46 46 45 44 43 44 44
43 43 44 48 44 42 45 43 43 44 45 46 48 100 79 46 44 43 51 45 44 45 43 43 43 43 44
42 45 42 44 49 44 44 44 43 44 45 45 46 86 76 51 47 43 46 47 45 46 46 42 43 44 44
43 44 42 44 50 44 43 44 43 44 46 46 49 110 94 69 48 43 44 50 46 45 46 43 43 45 44
42 44 45 42 44 48 44 43 43 43 44 44 46 56 89 58 51 49 44 45 45 43 44 44 43 44 42
43 44 48 44 44 44 44 44 44 42 45 50 47 53 99 89 65 54 46 45 46 44 44 44 44 44 43
44 43 46 42 43 44 44 44 42 45 50 46 45 49 143 117 65 58 54 47 50 47 44 44 44 46 44
44 45 44 44 44 44 44 41 44 49 46 44 46 47 63 92 84 95 59 54 52 48 50 46 42 44 43
43 44 44 44 46 44 42 44 49 45 46 46 48 48 52 59 65 129 126 100 55 54 47 55 45 43 44
43 44 48 44 45 45 44 44 42 46 50 51 49 49 53 52 54 94 140 197 78 69 52 53 46 44 45
42 44 46 44 45 46 44 44 48 50 52 52 54 53 57 53 54 61 107 283 166 113 68 66 59 49 46
43 42 45 46 45 42 44 44 49 49 54 53 57 59 55 53 52 51 89 158 149 155 98 71 54 49 45
45 46 45 46 46 43 44 45 49 51 54 59 65 56 54 55 53 54 84 109 171 211 200 136 62 49 47
45 48 45 43 44 44 44 52 47 54 60 66 65 63 56 56 58 57 74 78 178 213 268 262 112 65 46
45 43 46 43 44 44 44 46 45 52 57 58 54 56 53 55 56 55 64 59 84 112 148 162 95 80 54
48 44 44 44 43 43 44 48 48 47 55 67 59 56 60 58 57 59 75 57 54 67 84 101 83 90 69
46 45 46 44 45 43 44 45 58 98 93 102 94 89 95 77 76 72 110 74 73 85 75 93 96 119 84
45 46 45 44 46 47 46 52 105 136 162 152 122 140 139 104 120 93 138 115 111 157 115 115 158 159 89
56 56 53 48 50 52 50 72 142 204 298 369 321 229 188 153 169 156 210 224 237 3323 228 160 134 117 70
46 46 45 45 45 45 48 62 136 186 251 334 277 199 157 125 127 113 142 105 117 160 111 96 67 61 57
45 44 46 48 46 44 45 74 124 185 222 227 220 180 219 160 104 90 146 95 99 109 79 59 53 51 48
43 44 42 44 49 44 46 59 116 149 165 157 184 130 84 70 58 53 59 54 54 68 54 48 47 46 46
43 44 43 44 48 44 45 56 104 134 135 123 98 74 57 51 48 47 51 54 50 57 52 45 45 46 44
44 44 44 41 44 49 46 47 88 99 124 123 77 61 55 49 46 51 50 46 48 54 47 52 44 45 44
43 46 44 43 44 41 45 52 73 100 124 85 69 58 51 47 46 46 48 44 46 52 46 51 42 45 49
43 43 47 43 44 44 42 46 70 101 95 85 76 65 51 46 46 46 49 46 45 51 45 60 44 45 44
42 43 44 44 45 43 44 47 69 111 100 100 87 62 49 47 45 46 42 46 52 52 46 52 43 44 44
43 44 44 45 43 44 47 46 69 134 140 136 133 78 53 49 46 46 49 44 50 63 48 47 46 44 44
43 45 44 43 44 44 43 47 67 128 203 202 179 120 59 52 50 49 53 47 54 72 51 47 46 45 44
42 44 44 44 45 44 45 50 60 135 207 219 241 142 62 54 51 48 54 58 56 72 52 46 46 46 45
43 44 45 44 44 44 43 45 62 116 200 209 192 130 61 53 51 47 53 57 54 69 52 46 46 46 45
43 49 45 44 45 43 44 45 59 125 157 205 194 180 82 55 52 52 52 54 59 73 54 47 47 46 45
44 45 45 43 45 45 44 46 53 117 168 191 204 170 89 58 55 53 56 59 63 84 68 48 49 55 44
44 43 46 44 44 44 44 45 55 103 158 184 175 149 73 58 57 54 61 67 78 108 84 48 48 62 45
50 46 44 44 44 45 46 47 54 109 168 157 160 106 66 62 65 64 74 103 190 293 165 59 51 56 47
50 46 45 44 45 45 46 46 55 88 135 127 135 85 66 63 69 84 141 203 264 248 154 64 50 51 47
47 47 46 44 46 46 45 49 52 70 125 128 127 80 68 73 106 134 188 216 221 217 199 64 51 49 46
45 46 46 46 46 47 46 44 50 62 105 123 107 80 86 100 98 146 157 157 124 172 140 53 52 48 45
45 46 41 44 44 45 49 45 47 55 81 118 124 117 115 132 109 121 118 93 77 85 87 53 48 46 44
45 47 45 46 45 43 44 45 49 58 75 132 167 197 155 166 111 83 84 75 70 72 61 54 47 46 45
47 47 43 45 48 44 43 45 49 61 71 129 192 287 145 128 100 63 71 72 65 72 53 51 46 46 46
46 49 45 45 48 45 44 46 51 65 78 106 209 423 157 123 87 69 78 97 76 78 57 52 47 47 44
49 49 45 44 45 50 46 46 50 60 68 83 123 198 133 105 72 75 85 101 82 74 63 48 46 43 45
59 51 45 45 47 43 46 52 51 56 63 71 84 115 101 94 75 84 95 109 90 76 69 48 43 46 49
59 53 54 47 50 46 45 49 55 56 62 66 74 87 92 89 88 96 125 128 97 88 76 50 46 46 42
73 63 53 48 56 51 53 50 51 55 63 64 72 75 85 95 107 129 143 132 103 100 78 55 46 45 45
75 64 58 61 47 47 55 49 50 55 60 63 72 72 80 122 164 214 164 126 109 125 89 50 47 47 46
66 67 71 53 47 47 53 48 50 54 60 65 70 67 80 149 184 297 222 127 110 130 86 50 48 46 46
74 78 67 52 47 45 48 54 49 51 57 60 61 64 69 118 139 174 136 106 98 118 77 47 48 46 46
68 78 53 51 48 47 53 49 47 50 56 59 57 61 63 83 96 100 79 92 97 116 76 46 46 47 46
