43 44 46 44 43 43 43 43 44 43 44 48 44 44 44 45 175 54 46 44 45 44 45 44 43 44 42
43 42 43 43 44 43 45 43 45 44 43 43 44 43 44 49 78 45 43 43 43 43 44 43 43 47 44
42 43 43 43 44 43 46 44 42 43 47 46 44 41 44 68 56 44 43 42 44 46 44 42 43 44 44
42 43 42 43 46 44 45 44 42 43 46 44 44 41 44 56 49 43 43 44 44 44 44 42 42 43 43
42 43 44 43 44 43 44 46 44 42 48 48 44 44 42 54 55 44 43 43 42 44 46 44 42 43 43
43 43 42 43 44 43 44 42 44 46 49 46 44 44 44 76 61 48 45 45 44 42 43 43 43 44 41
42 46 44 42 43 43 43 44 42 44 49 48 45 44 43 54 68 45 45 44 47 46 42 43 42 43 44
43 42 44 45 44 41 44 49 44 42 44 44 46 45 44 52 82 51 44 44 44 44 41 43 48 44 42
43 40 44 49 44 42 44 42 43 44 44 44 46 45 45 52 82 59 52 44 44 44 43 43 44 44 44
43 43 42 44 44 44 44 44 42 44 49 44 43 44 44 51 99 92 52 42 45 43 44 48 44 42 43
42 44 43 43 45 45 47 43 46 50 46 44 46 46 48 56 117 135 96 48 47 46 43 44 48 45 43
44 44 45 43 46 45 46 46 46 46 48 60 51 54 51 61 118 167 147 53 48 52 47 44 43 43 44
45 40 46 52 46 47 56 68 69 76 83 102 76 94 58 81 107 174 184 85 48 50 54 48 44 44 44
43 45 45 48 51 48 54 66 76 76 78 76 85 76 62 67 99 171 182 113 50 51 54 46 43 44 44
45 49 47 46 50 48 53 63 69 72 77 72 70 81 70 81 121 188 254 168 55 55 53 49 45 46 45
49 47 59 49 54 62 68 74 77 78 76 76 67 67 85 87 159 206 260 208 62 57 55 48 45 47 45
53 51 68 54 69 82 76 75 79 75 71 71 64 69 75 78 138 204 244 261 68 57 55 50 45 45 46
56 50 64 63 65 75 76 72 78 78 71 70 64 60 61 74 95 162 208 269 80 58 55 47 45 46 45
47 46 56 56 61 71 76 71 78 77 70 66 60 53 63 75 62 92 126 163 86 54 50 46 44 45 46
49 48 52 48 60 71 78 77 85 74 66 62 56 48 62 63 51 66 99 118 95 53 48 46 45 44 49
46 51 47 50 57 67 76 76 70 72 68 61 53 48 54 56 50 56 74 115 89 57 48 44 44 49 44
47 53 50 48 58 62 67 71 71 70 65 62 50 47 49 58 49 56 89 120 95 59 49 45 43 44 45
53 60 53 49 56 65 68 65 71 67 74 68 52 55 53 58 57 57 108 228 139 91 55 45 44 45 44
49 55 59 48 50 58 59 62 71 67 71 64 53 55 52 57 53 60 101 140 124 91 54 46 44 46 44
49 58 56 44 49 55 57 58 69 68 63 66 56 52 56 60 58 80 117 144 131 131 66 46 44 45 42
45 51 50 46 46 48 52 53 54 61 63 61 58 52 52 58 69 93 137 133 155 133 69 46 44 44 44
46 45 51 44 46 48 49 50 47 52 56 53 54 54 52 60 64 95 136 146 266 156 83 47 45 45 44
47 48 47 46 48 49 47 49 55 52 52 56 57 61 58 64 84 118 151 177 206 191 103 53 45 44 44
44 45 46 45 46 46 47 46 46 48 53 52 49 58 56 60 78 98 100 117 102 105 74 49 44 42 46
42 44 44 45 47 47 46 44 46 49 47 46 48 52 52 59 63 78 84 93 72 72 57 46 47 44 43
44 44 45 45 46 45 46 46 46 45 47 54 50 57 57 76 67 85 91 88 84 84 57 45 44 43 44
44 40 52 50 46 44 46 46 49 54 53 49 52 60 70 101 83 98 102 88 96 87 63 47 44 44 43
44 45 42 45 46 46 47 48 48 52 54 63 60 82 83 95 90 106 114 98 88 72 56 46 43 44 44
47 50 50 50 50 49 52 60 57 57 55 61 73 103 118 109 99 111 133 122 72 68 54 52 45 44 44
44 46 51 49 50 49 55 67 64 63 65 79 85 122 136 93 105 125 146 139 77 61 56 46 45 49 45
49 46 47 51 51 54 59 65 64 60 65 103 90 108 129 94 89 95 97 91 67 59 52 46 44 44 45
44 46 52 59 70 63 61 68 67 71 63 62 70 86 84 88 76 77 76 63 57 52 49 46 42 46 50
53 55 53 60 63 62 58 63 59 59 58 57 71 80 73 94 76 81 73 62 54 51 47 46 51 53 50
46 49 46 53 63 65 65 65 56 62 64 61 68 76 67 80 72 67 79 64 52 51 47 46 52 76 51
44 48 44 54 63 68 67 71 58 60 64 66 63 71 68 72 65 63 63 72 51 50 48 44 61 110 46
44 52 43 58 69 74 62 73 63 58 60 64 62 68 65 62 65 56 56 62 51 47 48 50 92 109 45
44 46 43 52 69 69 62 69 64 59 62 58 60 66 61 58 60 54 56 63 49 46 47 72 140 75 44
45 51 47 51 59 75 64 70 65 60 64 59 64 63 62 62 61 55 62 62 48 45 50 154 134 49 44
47 54 46 46 54 62 74 75 63 68 63 64 65 64 62 70 76 60 68 58 50 56 56 259 102 44 44
47 60 48 51 52 60 64 76 62 62 63 61 63 68 74 83 97 67 77 59 52 57 78 232 71 45 43
47 49 49 48 52 57 62 72 70 63 59 63 65 75 81 87 117 78 90 66 54 64 119 180 60 44 44
45 57 48 49 53 55 67 68 70 60 61 63 67 76 91 82 114 83 99 75 57 79 166 159 49 45 45
49 52 48 51 49 63 68 71 65 60 63 69 79 84 94 95 103 112 114 111 62 108 160 121 46 44 44
46 49 46 48 56 68 69 78 69 68 68 67 83 84 78 97 103 132 147 130 69 167 194 119 48 45 45
62 54 46 48 56 71 69 73 68 67 70 70 87 88 78 101 119 138 173 143 93 207 200 109 47 46 43
50 52 54 48 63 70 74 79 74 71 72 76 88 90 89 112 128 159 225 223 136 262 266 115 46 46 45
51 64 52 46 74 78 84 82 77 77 74 83 83 87 103 108 115 190 238 239 206 339 291 81 46 46 46
52 61 52 53 69 80 101 90 80 77 72 84 89 92 102 112 119 180 198 270 257 301 303 80 47 46 45
58 63 52 61 69 80 98 89 82 79 70 84 84 90 94 112 107 156 162 274 278 270 270 73 47 49 46
64 54 54 57 74 90 95 88 82 68 70 75 71 73 72 79 91 107 155 246 221 234 210 58 44 46 48
51 70 51 46 50 51 53 52 51 51 53 55 55 59 65 67 77 76 108 171 149 188 139 52 44 45 46
56 57 49 46 46 44 46 46 46 46 45 46 51 60 62 66 65 71 74 80 69 76 59 46 48 44 42
64 47 45 45 43 45 52 48 46 46 46 48 51 61 69 72 74 80 83 85 71 62 55 47 47 45 42
61 49 44 46 45 46 52 48 46 47 46 48 51 59 74 86 80 87 88 82 67 57 53 45 44 48 44
54 50 46 47 54 46 49 49 50 48 48 50 55 63 75 92 98 100 100 82 62 57 54 51 45 43 44
54 54 58 54 49 48 49 51 51 50 50 48 60 71 89 120 149 161 127 89 70 64 57 52 45 46 42
58 59 63 52 51 52 53 51 52 53 54 54 59 67 94 181 187 249 178 107 80 72 62 51 46 46 44
70 72 61 51 49 55 51 51 50 53 55 56 56 66 97 175 173 194 133 93 81 74 59 51 46 46 48
85 62 52 50 51 52 51 52 47 56 58 59 54 67 89 123 140 120 84 85 81 74 54 49 45 46 42
