44 43 43 43 44 44 44 44 43 43 46 44 43 43 44 44 45 44 44 45 47 57 143 75 43 44 43
42 44 41 44 48 44 42 43 43 44 44 42 44 49 45 44 44 50 46 44 56 111 107 50 44 44 44
43 43 44 46 44 46 44 42 43 44 44 44 42 44 50 45 45 46 45 52 81 145 68 48 50 44 42
43 44 44 42 44 43 44 44 41 44 50 44 43 44 44 45 45 46 46 77 92 96 61 47 43 43 43
42 44 44 43 45 44 46 44 42 43 44 43 44 42 45 50 44 43 46 61 90 82 52 45 43 43 44
42 43 44 43 44 42 44 48 44 42 44 43 44 45 44 46 45 45 47 52 182 122 57 49 44 43 44
43 45 42 43 44 43 44 41 44 48 44 42 44 44 44 46 44 50 46 47 105 98 61 48 44 44 41
43 43 46 42 43 44 44 44 41 44 49 44 43 44 44 44 42 45 50 50 95 104 68 49 44 44 44
42 43 44 43 44 41 44 49 44 42 44 43 44 45 44 45 45 45 43 47 92 120 90 54 45 43 44
44 42 43 43 44 44 41 44 49 44 43 43 44 44 46 46 48 47 48 46 96 156 110 71 47 44 44
43 43 43 44 44 44 41 44 48 44 43 43 44 46 47 46 49 50 50 52 96 191 148 81 49 43 44
43 44 43 43 44 44 44 42 43 49 44 42 44 45 47 48 47 49 50 47 108 177 179 95 49 43 44
44 44 43 44 44 44 44 44 42 43 45 44 44 46 47 49 48 49 50 48 103 163 182 137 51 46 44
45 40 44 49 44 43 44 42 43 44 44 44 45 46 49 49 47 50 51 54 99 147 186 177 65 50 43
44 44 44 44 44 44 43 44 44 43 44 48 46 46 49 49 51 52 57 59 112 177 226 226 87 45 44
44 47 44 43 44 43 44 44 43 44 48 44 45 47 49 51 52 54 54 63 112 182 231 264 98 51 46
42 45 48 44 44 44 44 44 44 44 42 44 50 47 48 51 52 54 53 63 93 170 206 244 100 56 47
44 44 46 44 43 43 44 44 44 42 44 48 45 46 48 48 49 50 52 55 82 137 171 232 95 51 48
43 42 44 47 44 42 44 44 44 44 44 43 45 50 46 46 45 46 50 49 61 92 116 188 89 47 44
42 42 44 43 44 46 44 44 44 42 44 44 44 45 44 46 44 44 48 46 51 59 93 158 91 45 45
44 43 44 44 44 43 44 44 45 44 44 44 44 44 46 46 45 44 47 49 51 62 108 126 112 51 44
44 42 44 47 44 44 44 42 43 44 44 44 42 45 51 46 44 46 50 52 54 71 116 126 80 49 47
43 45 44 44 45 44 46 44 42 43 44 44 45 47 49 50 49 51 57 62 83 127 172 184 84 53 45
43 44 45 44 48 44 45 44 43 44 45 44 46 46 49 54 50 53 56 83 113 142 168 198 92 45 45
43 44 47 44 44 45 44 46 44 43 45 44 46 49 50 54 58 59 75 135 143 199 178 190 97 45 44
43 46 43 44 45 44 44 42 44 46 45 43 45 51 54 56 61 66 129 125 155 216 175 158 74 45 44
45 45 46 43 45 44 44 44 42 44 48 45 46 55 59 64 67 84 162 178 246 340 224 148 67 46 45
45 46 46 45 46 44 45 48 45 43 45 45 48 60 63 74 87 145 186 242 313 388 234 194 78 46 45
44 45 45 44 44 44 42 44 48 44 44 44 46 60 60 66 102 133 162 164 157 160 146 110 58 45 43
44 44 46 44 44 44 43 44 47 44 44 43 46 54 67 87 100 131 185 127 124 108 92 74 48 43 44
43 45 44 44 44 44 45 42 44 48 44 43 47 62 106 112 128 169 200 182 100 122 80 63 49 44 44
45 44 46 44 43 44 44 44 44 42 44 49 48 93 130 129 166 199 235 138 100 140 77 64 48 45 44
58 59 53 50 49 48 49 48 49 48 46 50 65 123 160 182 261 335 263 222 276 3098 313 255 97 53 50
44 46 44 48 45 43 44 43 44 44 43 44 58 126 156 148 201 209 138 93 81 92 69 61 47 44 44
44 48 44 42 44 43 44 45 44 44 46 44 49 85 111 129 138 115 127 100 59 70 63 57 47 45 44
43 44 44 48 44 42 44 43 44 44 42 44 51 64 89 103 100 93 95 84 53 60 59 48 46 51 46
46 44 44 44 43 43 44 44 44 41 44 49 49 58 87 95 124 81 88 58 51 57 55 50 42 44 49
43 44 44 44 44 44 43 43 43 44 44 41 46 56 75 84 131 81 100 53 52 54 53 56 45 44 44
43 41 44 42 44 48 44 43 44 43 43 44 45 50 67 76 85 65 69 48 49 52 47 48 49 48 43
44 43 42 44 45 44 44 44 44 46 44 42 45 50 66 76 78 62 69 51 49 51 47 47 49 45 43
43 41 44 49 44 43 44 42 43 44 43 44 44 52 72 81 81 63 73 50 48 51 48 46 44 43 44
42 44 42 43 48 44 44 44 44 44 44 44 44 54 81 89 85 67 78 51 48 51 48 47 44 42 44
43 45 43 44 48 44 43 43 43 44 44 43 46 65 87 105 112 82 98 58 53 54 51 49 44 44 43
43 44 44 41 44 48 44 43 43 43 44 44 46 70 87 124 136 101 84 57 54 58 53 52 45 48 44
43 47 43 43 44 43 44 45 44 45 44 43 47 80 107 148 165 116 78 64 58 62 58 56 45 44 46
44 43 46 42 44 44 44 44 43 44 46 44 52 88 145 179 187 136 73 77 66 75 71 64 46 44 43
44 44 45 44 45 46 46 46 45 43 44 44 51 96 166 170 199 132 78 75 70 83 89 72 51 44 44
45 44 45 44 44 44 44 44 46 44 43 44 58 107 167 175 167 116 94 76 73 90 95 91 54 44 43
45 45 45 45 44 44 46 45 46 44 43 46 66 113 115 135 107 101 87 79 117 175 253 277 90 44 44
45 45 45 45 46 44 45 43 44 47 45 44 71 104 96 109 95 95 99 137 207 217 229 180 77 47 45
46 46 46 45 46 45 46 46 45 46 45 46 69 96 97 97 99 109 153 212 221 230 265 196 89 45 45
46 46 46 46 46 44 45 44 44 45 43 46 73 95 103 100 104 139 161 196 189 200 155 183 76 44 44
45 51 46 44 44 43 45 45 45 44 44 45 59 97 111 128 145 164 147 167 150 98 104 112 56 44 45
45 46 46 43 44 44 44 44 41 44 50 46 49 106 116 166 162 129 105 93 71 72 70 66 49 44 44
47 44 44 43 44 45 46 45 42 45 47 45 47 110 147 174 162 127 98 73 65 69 64 58 47 48 44
52 48 44 44 44 46 50 45 45 42 46 55 61 128 237 356 211 134 106 92 82 95 104 89 50 45 45
55 51 50 45 46 50 45 45 46 45 46 45 60 122 202 359 172 121 106 101 90 100 126 108 55 44 44
57 48 46 42 47 51 47 45 46 44 45 48 56 96 148 173 116 101 95 98 90 101 115 103 57 45 44
56 55 50 47 48 46 47 51 48 44 45 47 57 80 108 117 98 100 101 113 102 119 121 104 57 46 43
71 60 51 54 49 46 51 47 47 46 46 48 62 71 92 98 106 102 122 117 110 138 128 95 51 47 44
76 65 51 54 49 49 48 47 46 47 46 47 51 64 89 103 111 150 140 128 123 165 144 97 51 45 45
57 64 67 50 50 48 44 47 50 46 46 45 52 67 76 99 111 171 178 135 135 155 134 90 51 46 42
76 66 60 47 48 47 47 49 47 46 46 49 49 59 68 86 80 111 106 101 116 149 113 67 49 49 45
65 78 49 46 49 46 50 51 44 44 47 51 46 57 59 67 69 79 72 86 103 137 95 62 46 44 49
