43 44 44 44 45 46 69 143 145 72 47 51 46 50 110 158 122 66 47 46 45 49 44 44 44 42 44
44 40 44 49 46 45 55 105 240 167 49 48 48 53 269 228 99 57 50 46 42 44 49 44 43 44 43
44 49 44 43 45 45 67 92 91 72 47 51 46 46 102 91 162 66 50 44 44 44 41 44 48 44 43
43 43 44 43 44 44 53 92 56 49 50 44 43 45 50 59 104 47 44 48 44 43 44 40 43 48 44
46 44 44 44 43 43 56 95 47 46 45 44 44 44 45 49 85 47 43 49 44 43 44 40 43 48 44
48 43 43 44 43 44 62 96 50 42 45 49 45 43 45 49 92 57 45 47 45 42 44 49 44 42 43
43 42 44 42 44 51 81 106 57 44 45 45 45 45 46 56 107 72 48 44 44 41 44 48 44 42 44
42 40 44 41 44 53 85 118 58 45 45 45 44 45 49 58 110 88 52 45 45 44 41 44 49 44 43
44 42 44 49 46 46 109 115 61 46 46 45 45 45 48 66 102 93 56 44 44 43 45 42 43 44 44
43 41 44 49 46 54 109 105 71 47 46 46 47 45 47 71 98 108 72 50 45 44 44 43 44 45 44
43 44 42 44 52 76 158 152 83 49 47 46 46 46 48 77 117 125 97 51 45 45 44 46 42 43 44
44 45 42 45 57 100 167 168 97 50 48 47 47 49 49 87 123 129 139 58 45 44 44 44 44 43 44
44 47 43 43 50 113 162 144 96 56 48 46 46 46 49 85 111 152 148 57 46 46 44 44 44 43 44
44 50 45 46 53 93 160 150 109 53 48 46 46 48 52 84 108 147 122 56 45 49 44 44 41 44 49
44 44 45 44 51 95 168 134 95 52 48 47 47 47 47 76 116 162 112 53 47 50 44 44 44 44 44
44 44 45 44 53 76 148 131 87 51 47 47 46 47 48 65 114 157 89 55 49 47 45 44 42 43 44
43 44 46 45 58 64 114 103 64 50 45 45 46 46 48 51 94 127 73 42 47 47 44 46 44 44 44
43 44 44 44 46 49 76 69 48 46 44 44 45 45 45 46 56 75 56 41 46 47 44 44 43 42 44
41 43 44 43 45 50 57 68 46 46 46 42 44 44 44 45 46 58 46 47 46 45 44 42 42 44 44
43 43 39 43 44 56 47 71 49 46 47 41 45 50 45 46 53 61 45 52 44 44 44 42 43 44 43
43 44 44 46 45 44 50 82 65 47 43 44 50 45 46 47 61 68 46 46 46 43 46 44 42 43 44
44 44 47 44 45 47 74 105 100 52 47 49 46 45 47 56 92 95 55 45 46 44 43 44 46 46 42
44 44 47 43 46 49 94 116 133 75 54 48 46 49 52 74 112 123 67 51 45 44 44 41 44 48 44
50 45 46 44 46 52 86 125 149 108 54 50 52 51 54 94 111 116 75 52 45 45 44 42 44 47 44
50 46 44 45 46 49 104 137 182 136 68 55 54 52 73 113 144 122 83 51 45 43 46 48 45 44 45
46 44 45 42 46 54 100 137 143 113 66 52 54 54 78 142 159 119 89 50 46 45 44 47 44 43 44
45 42 44 43 46 54 86 114 110 102 63 52 49 53 74 126 130 99 82 49 46 46 42 44 48 44 43
46 44 46 49 47 54 94 144 121 119 68 58 53 57 76 133 151 140 111 55 47 47 50 46 41 44 48
45 49 48 46 46 50 79 127 117 103 63 57 56 56 63 111 113 127 80 60 44 51 45 44 44 41 44
43 45 47 46 47 48 72 116 91 89 70 59 54 57 71 103 95 104 66 51 44 44 44 43 44 41 44
43 46 50 45 46 48 72 104 112 114 107 106 71 97 122 130 113 117 87 48 46 46 45 42 44 49 44
46 51 45 45 47 49 73 131 136 131 128 125 95 140 141 161 131 109 92 49 49 46 44 44 45 42 44
45 49 46 46 47 47 74 132 147 126 140 151 115 161 150 140 118 102 82 50 46 46 45 45 41 45 49
46 46 49 45 47 49 64 121 119 122 140 154 129 174 161 126 106 99 72 48 46 46 45 44 44 44 42
46 47 46 43 47 54 66 110 114 135 143 161 152 191 170 121 101 90 62 49 53 46 45 44 43 44 45
45 46 46 45 45 50 61 83 110 123 127 154 123 131 134 102 83 70 54 46 46 45 45 44 46 44 43
44 45 45 44 42 46 56 63 75 95 111 88 91 99 79 84 65 54 49 40 45 50 45 44 43 42 44
42 44 44 43 45 45 47 53 54 57 69 74 66 65 60 58 52 44 47 50 45 44 48 43 43 44 44
42 44 42 43 44 45 47 47 52 66 68 66 59 66 53 53 47 46 46 48 45 42 44 42 43 44 42
44 44 44 42 44 44 46 50 52 64 76 70 61 65 55 50 47 46 43 44 49 44 44 43 42 43 44
49 44 42 44 44 44 46 50 57 78 69 72 56 62 60 52 49 46 44 44 43 43 46 43 44 44 42
44 42 44 43 44 46 46 51 60 76 76 70 57 66 62 51 52 45 45 44 44 44 44 43 43 46 44
44 44 44 44 45 44 46 51 63 83 86 75 63 72 60 54 52 46 45 44 45 43 44 45 44 44 44
48 46 43 43 44 45 48 55 69 91 95 86 63 74 60 58 51 47 46 44 44 44 44 46 44 42 43
44 42 44 44 45 45 53 58 69 79 99 86 65 74 66 67 54 48 46 44 44 46 44 45 44 42 44
45 42 44 46 45 48 49 64 74 82 95 95 73 83 79 70 59 51 47 45 44 44 44 44 46 44 43
46 46 45 47 46 48 52 81 95 92 90 100 81 85 88 75 70 56 52 44 44 46 44 44 42 44 46
46 52 46 44 46 49 65 108 115 107 102 113 93 91 107 115 90 77 51 49 44 44 45 44 44 42 44
44 47 51 45 47 52 81 170 140 131 125 117 89 98 99 112 115 92 56 51 44 45 45 44 44 44 45
44 48 52 46 47 57 90 169 164 126 123 92 101 106 99 127 160 116 62 52 46 45 45 44 44 44 43
49 47 48 50 54 66 150 202 202 154 131 103 94 107 138 169 160 143 76 52 47 47 46 44 45 50 46
51 54 50 48 67 124 251 227 248 198 135 83 86 120 151 201 152 157 109 57 48 47 46 45 43 45 50
55 51 53 46 101 182 317 250 222 158 101 81 80 109 157 202 165 175 160 95 49 48 46 45 44 45 47
51 50 49 46 112 143 167 122 108 90 65 62 60 78 90 108 106 123 127 126 56 46 44 44 43 44 45
53 53 55 54 115 126 89 64 60 59 54 57 51 54 56 66 58 65 82 123 58 45 51 44 42 43 43
83 62 76 74 126 147 98 65 57 56 59 70 58 54 54 61 57 57 72 93 59 53 48 43 43 43 44
129 103 89 80 102 107 69 64 55 55 60 68 61 58 55 56 56 61 76 92 77 57 52 45 43 44 44
131 160 78 67 71 67 64 57 59 66 62 66 58 58 58 58 56 64 70 87 72 62 51 44 43 44 41
117 202 94 68 67 69 67 64 67 70 71 72 64 68 63 62 60 65 73 82 67 71 67 44 44 43 44
231 155 95 88 75 70 84 89 86 92 89 86 81 87 73 74 76 79 84 79 69 76 66 49 44 47 43
156 139 115 78 76 71 76 88 94 104 93 106 99 95 84 96 104 114 95 80 72 84 61 45 44 51 44
119 151 85 69 67 68 78 95 91 104 112 111 105 98 99 131 127 140 137 82 76 92 57 50 45 46 44
118 101 74 72 63 63 71 77 73 94 109 106 92 84 87 109 96 101 77 64 69 96 58 46 44 43 44
106 75 65 61 60 64 72 73 59 80 94 96 72 72 72 82 79 70 59 67 73 108 59 44 44 46 44
