43 44 44 44 41 43 49 44 42 44 44 45 48 87 168 54 44 44 50 44 45 44 43 43 43 43 44
43 43 44 44 43 43 44 43 44 42 45 46 55 102 107 47 50 45 44 44 43 43 44 43 43 42 43
42 43 44 45 41 43 49 44 42 44 44 58 78 99 90 51 44 43 44 38 44 49 44 42 43 42 43
42 42 44 44 44 41 44 48 44 43 45 57 76 107 59 46 46 44 44 40 44 42 43 48 44 43 44
42 43 44 44 45 41 44 49 45 44 47 51 68 296 77 50 47 46 42 44 43 45 49 44 42 43 43
43 42 43 44 44 44 42 44 48 44 44 46 52 126 83 47 44 45 45 40 44 47 44 42 42 43 44
43 46 44 44 44 43 43 44 42 44 50 46 50 101 86 50 44 44 46 44 47 44 42 43 43 43 44
43 42 48 44 42 43 43 43 44 43 46 51 52 130 124 56 48 46 45 45 44 44 49 44 42 43 44
43 42 43 44 44 44 42 44 48 45 46 48 59 121 180 88 56 47 46 44 45 43 44 46 43 44 44
46 44 42 43 44 43 44 43 44 48 46 48 56 110 173 120 58 48 51 44 44 44 44 44 43 43 44
44 44 43 43 44 43 44 43 44 50 47 49 54 121 158 225 72 53 55 44 45 46 43 44 47 44 44
44 46 44 43 44 43 44 44 44 46 51 50 54 116 138 255 97 61 50 46 45 45 46 44 43 44 44
43 40 43 43 45 44 44 42 44 48 48 49 56 108 177 142 119 75 51 46 46 44 44 44 44 44 44
44 44 47 42 44 44 44 45 42 46 52 51 58 122 208 160 164 98 57 47 46 46 43 43 44 44 44
44 42 45 49 45 43 44 43 44 47 50 53 60 124 241 201 206 129 52 49 47 46 46 44 44 44 45
42 45 49 44 44 44 43 44 45 46 49 53 59 95 246 199 233 155 52 49 46 46 45 44 43 45 44
44 45 44 44 47 44 44 44 44 46 48 51 55 74 143 164 252 165 56 46 46 45 44 44 45 44 46
44 42 45 49 45 43 44 43 44 46 47 50 55 63 106 141 223 226 52 50 48 47 44 43 45 44 44
43 44 45 44 44 43 44 46 44 44 45 47 50 56 74 95 163 138 58 47 46 46 45 45 44 44 46
44 43 45 44 44 43 42 44 48 45 44 46 49 51 75 69 176 161 58 46 46 44 44 44 44 42 44
42 47 42 43 45 44 44 44 44 45 51 48 49 52 71 103 155 153 66 46 47 45 46 43 44 45 46
44 45 44 44 44 44 48 44 43 45 48 50 59 56 83 165 179 159 76 45 49 50 45 43 44 43 45
43 45 45 44 46 41 44 49 45 46 50 51 58 76 124 189 157 140 83 63 48 46 45 43 44 44 45
43 44 45 42 45 47 44 45 46 46 53 54 65 95 159 245 171 134 88 68 51 48 46 45 43 43 47
44 44 44 44 44 44 46 45 49 49 56 62 97 121 179 280 221 151 85 72 49 50 47 44 44 46 43
46 46 45 44 44 44 45 45 45 50 64 72 104 156 220 316 290 143 86 74 51 51 46 44 45 44 45
44 45 46 44 44 43 44 47 49 48 57 83 101 165 196 236 228 109 74 54 54 50 48 46 42 45 44
45 44 44 44 45 44 42 50 58 61 71 126 171 223 246 247 200 149 91 52 54 52 50 49 45 45 44
45 45 44 44 45 44 44 45 53 68 77 116 156 167 193 162 118 101 72 50 50 49 47 40 44 50 45
43 44 44 43 44 43 44 45 65 79 86 108 130 134 126 98 87 60 70 47 50 49 42 44 49 44 43
44 45 44 43 44 44 44 49 63 140 109 128 153 141 112 93 88 56 65 49 49 49 46 49 44 44 44
44 42 45 46 45 42 44 64 106 120 148 160 251 206 127 102 94 59 65 52 52 54 51 46 43 44 44
43 46 41 45 48 45 44 54 119 133 156 279 463 262 130 105 73 60 66 55 56 58 50 45 44 45 45
44 44 43 45 47 44 43 52 93 123 142 237 326 174 138 76 62 58 61 52 53 54 48 48 44 43 44
43 44 48 44 43 44 44 61 81 116 154 172 191 132 127 64 58 51 59 49 50 50 46 45 45 46 45
44 44 46 44 43 43 44 48 72 101 130 134 145 106 91 57 54 49 53 46 48 48 46 44 43 45 48
43 42 44 48 44 42 44 45 55 92 112 123 134 96 74 54 47 49 50 46 46 47 46 44 44 44 44
43 44 44 42 44 48 44 45 49 66 92 121 117 80 62 51 49 46 47 46 46 47 45 45 46 46 45
43 44 44 44 44 44 44 45 47 64 88 100 105 69 56 48 51 47 47 45 45 46 46 46 44 46 45
42 46 44 44 44 43 44 46 46 60 81 98 98 80 61 52 50 46 45 45 45 46 45 58 44 47 45
42 44 43 44 46 44 46 45 45 61 86 103 100 80 60 56 47 46 48 45 46 48 45 51 44 43 45
42 43 44 44 44 44 43 45 49 64 108 112 118 97 64 53 48 47 47 52 48 46 45 45 45 44 45
43 44 44 41 44 49 44 44 49 71 127 140 152 127 77 55 51 49 49 49 54 50 46 44 43 43 44
43 44 44 44 43 44 44 45 49 78 142 172 186 164 78 60 55 56 52 49 50 50 46 45 44 44 44
44 44 44 43 44 44 44 44 47 71 146 173 170 169 74 59 51 51 56 50 51 51 46 44 45 44 44
43 45 45 44 43 43 44 45 48 70 126 168 191 146 88 61 55 52 56 52 51 56 46 44 45 45 44
43 43 44 44 44 44 42 45 54 74 124 177 180 155 104 63 63 54 53 51 62 68 52 49 44 45 44
44 45 44 44 45 44 45 43 50 87 147 184 207 159 94 69 65 56 57 60 78 95 64 48 44 48 44
43 45 44 44 45 44 45 42 48 95 163 173 177 114 76 64 63 59 65 87 152 275 118 45 49 56 44
45 45 45 44 45 45 45 45 44 79 151 141 151 94 66 65 69 80 118 175 239 248 97 45 42 47 49
46 45 45 45 46 45 44 45 45 65 142 139 132 93 70 77 102 126 176 206 207 197 139 46 44 46 45
45 50 41 45 50 44 44 45 46 63 129 151 123 89 79 98 100 135 146 167 118 159 119 46 47 46 44
44 46 46 45 46 44 43 44 47 60 110 156 150 127 110 120 106 118 124 100 81 74 68 48 44 43 44
46 46 46 45 44 44 44 45 49 55 101 179 194 185 142 145 106 86 92 70 67 61 55 52 45 45 44
46 47 44 46 43 45 49 46 48 58 92 182 227 245 140 130 101 69 73 60 58 63 50 46 44 44 46
44 48 45 46 45 43 46 52 55 66 97 161 238 389 179 134 93 74 71 76 58 58 50 48 44 45 44
47 52 45 45 46 46 45 47 51 68 86 130 187 277 160 122 86 76 78 84 63 58 52 46 49 44 45
56 47 43 44 46 45 50 47 52 61 72 92 110 149 125 99 81 84 89 91 67 62 54 44 44 44 44
56 51 45 46 48 46 53 49 50 56 67 75 88 108 103 98 88 95 118 106 74 69 61 42 44 49 45
69 60 47 50 60 46 53 50 51 56 62 66 77 84 88 102 104 123 130 114 78 81 57 43 43 44 44
68 61 53 58 48 46 54 49 51 53 60 66 77 80 95 135 170 199 152 119 89 97 56 43 44 45 45
63 65 66 49 50 52 49 48 51 53 62 67 76 82 106 173 198 283 221 112 100 106 57 44 45 45 45
74 76 67 50 48 46 49 57 49 51 58 62 65 74 90 145 159 180 131 90 85 104 56 44 47 46 48
72 80 52 48 47 49 56 51 45 53 58 62 57 68 77 103 115 111 84 83 85 113 54 44 45 45 45
