41 43 44 44 44 42 43 47 44 43 44 42 44 45 45 45 44 41 43 47 44 43 44 42 43 43 43
44 45 44 47 45 42 43 43 43 44 41 43 49 44 43 46 43 43 44 44 44 45 44 42 43 44 44
42 44 45 44 46 42 44 48 44 42 44 43 44 44 43 44 43 43 40 43 43 43 48 43 42 43 43
42 43 44 44 45 44 41 44 49 44 43 43 44 44 44 43 45 44 44 40 43 44 44 43 48 43 42
42 43 45 44 44 43 41 44 48 44 43 43 44 43 44 42 44 42 43 40 44 42 44 47 44 42 44
41 44 44 43 44 43 44 41 44 49 44 42 44 43 44 44 43 43 44 41 44 49 44 43 44 44 44
43 44 46 45 43 43 44 43 44 42 44 48 44 42 44 43 43 42 44 46 44 45 44 42 44 43 44
42 44 45 45 45 42 43 43 44 45 42 43 49 44 43 43 42 43 43 43 46 44 46 43 42 43 44
40 44 46 44 43 43 43 43 43 42 44 48 44 43 44 42 43 42 47 43 44 44 41 43 49 44 43
43 45 45 44 46 44 43 44 42 44 48 44 42 43 43 43 44 43 43 47 46 44 44 42 43 49 44
42 44 53 65 62 51 44 43 43 44 42 44 49 44 43 43 45 43 43 52 68 54 48 42 44 49 44
45 44 95 124 189 124 52 44 45 42 45 50 45 43 44 44 42 44 49 88 103 70 66 48 44 44 44
44 43 78 267 208 150 51 45 45 46 46 46 47 45 44 45 44 46 55 195 144 159 82 48 45 43 44
44 46 82 309 116 66 51 45 46 46 46 46 46 44 45 45 45 43 51 114 107 278 86 48 44 44 45
42 44 65 84 100 68 51 44 44 45 45 44 45 42 45 47 43 45 57 98 92 181 56 44 44 44 42
43 42 52 61 127 133 79 44 44 45 44 45 43 44 48 45 42 45 68 115 119 67 46 43 44 44 44
44 46 48 51 129 471 556 76 49 49 49 48 47 48 52 49 47 64 247 232 89 57 48 52 44 43 45
44 48 48 54 83 744 814 68 54 53 52 51 52 55 52 54 57 257 691 383 82 58 50 46 46 46 45
43 44 46 44 58 118 129 56 49 46 46 46 46 46 46 47 51 139 485 222 53 51 46 45 44 48 44
42 49 47 46 52 61 69 59 48 46 45 43 44 44 44 46 47 84 73 56 54 50 46 45 44 44 45
43 44 48 44 47 56 60 54 47 45 47 44 43 44 45 46 50 64 58 55 49 45 44 43 44 46 44
42 43 44 45 46 47 50 56 47 43 44 43 44 44 43 47 53 53 52 49 46 44 50 46 43 45 43
43 42 43 44 44 51 44 47 55 45 44 44 44 43 45 47 52 51 51 46 46 44 45 44 46 44 42
43 43 43 44 44 50 45 48 51 46 44 44 45 44 46 46 48 48 46 41 42 45 44 44 44 41 44
42 43 47 44 44 46 44 49 47 48 47 43 46 50 47 49 47 47 46 45 44 44 48 44 44 43 43
44 43 47 44 42 45 44 48 46 45 47 51 46 44 47 50 46 46 45 46 44 46 44 43 43 43 43
43 41 44 43 44 43 44 52 46 47 47 46 46 47 49 48 47 46 46 43 44 44 45 44 44 42 43
43 44 43 43 44 46 45 50 47 53 52 46 49 47 51 52 53 45 52 44 43 45 47 46 47 44 43
43 47 45 42 44 48 45 51 47 47 55 47 47 49 51 50 51 46 45 50 43 45 46 44 43 44 43
43 43 45 43 44 45 46 48 46 48 53 48 46 48 50 49 51 46 46 48 44 43 44 40 43 48 44
48 46 44 44 43 44 47 49 61 73 79 82 64 71 87 73 52 48 46 46 45 42 45 50 43 42 44
44 50 46 45 40 45 49 64 110 131 131 114 94 126 142 137 82 50 50 46 47 46 47 47 45 42 44
44 52 46 46 46 46 51 95 141 154 155 149 127 172 160 148 90 55 50 51 47 47 49 48 44 45 43
46 54 48 46 47 47 52 114 135 154 183 194 139 228 176 141 92 65 48 47 48 49 47 50 49 44 43
46 54 50 52 47 47 64 123 140 174 184 242 187 278 199 128 97 63 57 51 49 51 50 52 45 45 45
46 56 50 47 47 49 66 110 140 177 188 257 233 210 165 110 88 61 54 49 47 49 51 52 45 43 45
45 54 49 46 49 49 52 92 112 145 189 143 182 189 134 106 79 57 48 51 48 46 49 49 44 44 42
45 49 46 43 46 48 50 65 103 98 114 113 111 99 83 86 67 50 46 46 46 46 48 45 44 48 44
43 50 46 44 46 45 47 66 88 97 100 87 80 84 71 72 58 50 47 44 46 44 47 46 43 44 48
44 47 49 44 44 46 47 63 80 90 101 89 95 79 71 64 56 48 46 44 45 45 46 46 42 43 49
44 50 47 44 45 50 48 61 100 106 94 104 77 75 72 63 55 47 44 45 50 46 49 48 42 43 44
50 64 46 46 44 45 49 57 100 112 105 99 81 83 76 63 55 48 42 45 50 47 56 57 43 44 45
70 131 50 46 43 46 52 60 100 120 130 103 88 93 78 72 55 47 46 40 46 56 77 95 48 46 44
101 1109 63 48 48 45 51 84 126 144 147 126 95 109 83 80 68 53 46 48 53 55 86 799 55 47 46
63 231 93 46 46 46 49 83 133 126 141 114 92 102 81 88 75 51 48 51 48 54 129 199 65 45 45
49 190 127 50 46 47 51 103 136 141 139 135 103 117 103 102 89 63 48 46 49 79 155 131 55 44 45
44 122 139 72 48 48 60 109 134 141 143 145 108 112 124 104 99 68 52 49 54 126 208 78 55 45 44
45 71 122 103 48 52 70 124 135 133 140 149 120 114 123 117 123 86 53 56 65 162 153 55 48 47 45
46 57 78 100 57 53 83 169 203 155 141 147 115 122 116 152 161 85 63 58 106 162 102 53 45 51 45
46 57 55 90 80 65 96 162 213 147 143 127 135 123 122 212 191 108 74 68 125 110 56 55 45 43 45
50 57 50 69 95 86 98 127 183 143 143 138 131 119 125 200 139 100 84 84 121 76 52 64 45 44 45
46 52 53 56 75 97 144 119 130 145 129 128 103 114 129 135 94 89 93 99 76 62 47 51 44 45 45
44 49 54 49 56 111 151 134 143 157 113 125 105 110 133 117 89 99 84 104 60 51 49 50 47 45 43
44 49 46 49 47 56 86 80 103 121 86 88 81 98 99 89 71 82 71 67 48 46 46 46 44 43 45
43 52 45 48 45 48 57 56 62 69 70 65 58 67 72 67 52 55 51 50 45 44 45 45 44 40 44
42 48 49 45 46 47 49 54 60 63 68 72 68 66 59 55 52 48 46 48 47 43 44 44 43 44 41
46 46 44 44 44 46 50 51 52 57 66 72 71 61 62 58 48 46 44 44 45 44 45 42 43 49 44
50 50 44 44 46 43 49 56 55 57 64 69 67 67 62 54 50 48 46 43 44 44 45 45 41 44 49
57 54 48 46 47 48 51 54 59 68 64 71 68 74 67 62 52 50 47 46 45 44 46 46 41 44 48
67 50 49 47 49 55 58 62 67 73 71 75 77 85 75 71 64 58 45 47 51 46 46 46 42 45 44
56 54 57 52 49 51 57 64 68 75 75 84 88 90 78 93 87 79 62 49 48 46 46 46 43 48 44
53 66 55 52 51 54 65 68 65 82 90 95 96 91 97 128 106 98 85 51 48 51 48 46 44 44 44
60 62 52 58 52 52 58 66 63 74 91 93 88 85 89 109 85 80 68 51 47 46 46 47 44 44 44
73 57 51 52 51 54 66 64 56 70 85 98 75 74 77 82 73 61 56 62 56 48 46 45 43 44 44
