45 49 50 49 58 76 158 652 126 67 55 54 58 64 175 659 206 71 50 47 48 51 46 45 44 43 45
44 42 47 50 52 101 76 263 79 56 52 51 51 57 201 409 116 79 47 46 46 44 44 44 45 44 42
41 43 44 44 48 72 66 69 53 45 45 43 46 49 62 77 71 58 43 44 43 43 47 44 44 43 42
43 43 44 43 46 87 62 51 48 45 45 44 45 45 49 52 69 74 41 43 43 43 48 44 42 43 45
42 43 44 44 46 85 65 46 50 45 43 44 44 45 47 44 81 61 45 40 44 41 44 48 44 42 43
42 44 43 43 51 128 80 45 46 51 45 43 45 46 46 47 85 72 44 43 48 44 42 43 42 44 44
43 44 50 45 54 136 84 48 47 45 46 47 46 46 46 46 90 81 46 41 44 49 44 42 43 42 43
43 40 44 49 66 122 78 46 46 46 45 44 46 46 47 48 99 90 47 44 45 41 44 49 43 43 44
47 44 43 44 80 117 85 48 47 47 45 46 46 45 46 51 100 95 59 42 44 45 44 44 43 44 46
43 49 45 43 97 104 91 50 46 46 44 45 47 46 46 56 101 98 70 44 44 44 44 42 40 43 45
43 49 46 51 142 146 134 59 51 49 48 46 48 48 49 75 113 127 105 52 43 44 45 43 46 45 44
41 46 52 65 170 162 139 64 52 49 47 47 48 51 52 85 111 129 137 56 46 45 44 45 44 44 44
43 44 42 63 159 156 114 56 49 48 47 46 47 47 51 76 105 136 151 50 45 42 44 47 44 44 44
43 43 45 46 113 119 97 53 49 46 45 46 46 47 47 66 100 118 121 45 44 45 45 43 44 44 45
40 44 50 45 85 91 65 50 47 46 45 43 46 49 48 57 106 115 84 46 44 42 43 44 43 44 42
43 42 44 53 58 75 57 46 46 45 45 44 43 45 50 49 87 103 70 61 45 44 42 43 43 44 45
41 44 44 43 47 53 47 46 44 42 44 44 44 44 43 48 58 70 55 46 43 43 42 43 43 45 44
42 45 43 45 60 64 57 46 44 44 45 44 45 43 46 51 79 101 60 47 44 44 45 42 42 43 45
42 44 44 46 47 56 59 46 46 45 43 43 45 45 46 44 76 63 46 44 43 43 44 43 43 41 45
43 46 43 44 60 95 85 50 48 52 46 44 46 46 48 55 97 88 54 44 45 43 43 43 43 44 42
44 45 46 46 93 130 132 82 55 48 48 53 49 50 56 94 123 123 59 45 46 44 44 44 43 44 43
45 49 52 53 142 234 261 167 82 63 55 55 57 63 98 164 160 150 77 47 45 48 51 44 44 44 44
46 51 57 69 179 291 308 209 136 76 61 60 63 77 186 201 199 176 94 51 53 51 49 45 43 44 48
46 55 63 70 159 311 287 263 236 83 68 67 69 104 248 224 198 173 93 55 51 55 47 48 45 44 45
48 61 87 78 168 294 307 253 243 104 68 70 71 125 291 205 208 163 100 53 55 54 46 44 44 46 46
48 112 98 71 158 267 262 239 234 117 69 74 75 156 257 252 210 151 93 54 59 58 48 45 44 45 46
49 113 291 66 152 243 268 241 188 146 70 70 91 160 194 228 178 125 71 54 93 139 52 45 45 44 46
61 290 111 81 157 345 357 344 247 206 98 95 132 234 207 315 253 177 87 66 78 183 168 52 44 47 50
88 159 163 91 135 311 301 326 276 202 108 113 117 224 224 231 184 132 72 64 66 67 53 46 50 46 47
48 59 69 72 103 288 238 223 200 197 121 113 112 178 159 177 149 97 56 55 68 167 52 45 45 48 46
47 57 65 58 120 207 255 251 281 281 174 161 161 249 191 189 160 100 59 51 67 84 48 46 50 45 46
49 61 63 63 97 153 215 309 333 323 225 221 199 263 213 230 152 96 58 57 56 55 50 51 46 46 47
49 57 68 58 73 114 171 277 286 309 249 230 231 255 203 192 129 81 54 51 55 54 48 43 45 50 47
49 51 64 54 65 93 145 233 220 255 205 225 198 217 178 135 101 63 51 49 53 52 44 46 50 45 46
49 49 58 57 62 85 122 169 201 222 172 176 183 202 132 112 76 58 55 48 51 49 47 45 44 44 45
56 48 55 60 63 80 125 160 160 167 117 130 132 150 108 81 65 52 48 46 51 48 45 44 44 44 47
48 52 50 49 83 93 106 113 117 106 86 76 89 100 75 75 55 48 48 52 48 47 49 44 44 46 59
49 62 56 48 66 70 88 90 120 82 78 75 83 87 74 64 56 49 46 45 49 46 46 44 44 43 77
46 51 52 46 51 65 72 102 119 102 86 74 75 79 62 55 50 53 46 46 50 45 47 44 43 44 49
46 47 55 50 47 59 60 82 88 79 78 69 69 71 59 51 47 51 45 44 46 44 44 44 44 44 46
46 47 56 50 50 50 55 77 86 72 74 90 88 70 61 51 47 46 41 45 46 45 49 46 42 43 51
52 64 63 51 48 52 58 78 94 104 104 75 77 63 55 51 46 48 40 45 55 45 46 44 42 44 47
58 99 104 63 48 56 66 98 115 106 98 81 97 81 57 56 50 46 46 44 60 51 52 48 44 43 45
45 56 212 109 52 61 77 126 125 93 72 75 88 74 59 56 48 49 52 58 204 61 59 47 45 44 50
45 47 171 146 50 54 63 85 88 85 103 107 95 66 60 52 49 47 48 103 249 68 49 45 43 44 45
44 53 172 172 51 55 70 93 96 84 78 76 86 85 60 52 49 45 51 112 125 59 52 47 44 44 44
44 51 125 130 52 61 80 93 90 89 78 77 89 88 75 54 50 46 58 86 86 47 44 46 49 44 44
44 49 60 64 50 70 89 103 92 81 80 87 94 77 71 59 52 48 51 76 63 46 44 44 46 44 43
44 46 61 60 52 99 106 123 104 99 87 83 103 82 72 65 56 51 53 68 50 46 45 42 44 47 46
50 48 58 74 59 106 121 129 113 102 85 85 110 100 79 74 59 51 53 57 54 46 46 43 44 46 45
51 50 52 57 63 134 166 161 129 123 90 106 110 101 96 92 63 53 66 55 53 45 46 48 44 42 44
47 52 60 60 103 180 352 320 168 141 108 127 129 159 165 112 78 64 53 49 53 51 47 42 44 48 46
48 52 62 57 104 188 358 336 199 152 98 140 154 179 191 109 82 67 54 50 54 52 45 45 48 45 45
46 50 56 62 85 130 228 221 158 135 94 115 134 143 122 90 70 58 50 47 51 48 49 43 44 45 44
46 48 51 54 62 89 132 155 136 99 79 94 123 114 85 74 58 52 48 46 47 46 44 43 45 44 45
44 50 47 50 64 94 113 121 109 89 73 81 103 99 73 63 55 50 46 46 49 45 45 44 49 44 44
47 54 56 53 68 101 138 139 134 107 101 109 103 97 83 71 58 52 46 46 53 46 45 44 42 44 45
59 54 58 54 56 66 100 112 106 105 106 105 89 98 84 74 56 50 47 44 47 46 45 44 44 43 44
59 60 61 53 55 59 78 103 98 97 97 98 88 95 83 71 55 52 49 44 47 45 44 44 42 44 49
68 65 60 50 58 64 77 87 101 93 89 95 81 81 72 65 58 53 46 46 55 45 44 44 44 44 44
63 66 64 48 59 63 68 74 90 87 79 81 78 72 66 70 63 60 56 48 54 45 44 44 42 43 45
54 77 55 52 55 56 68 67 70 74 77 75 72 63 61 78 70 74 71 52 48 50 44 45 44 42 44
56 65 51 48 53 54 59 60 60 69 78 73 65 61 59 69 61 65 62 56 50 46 42 43 44 44 44
50 50 51 48 49 52 54 56 54 64 68 79 62 59 57 57 56 51 50 52 48 51 44 42 44 43 44
