43 48 44 44 59 67 46 44 44 44 42 44 48 46 48 49 110 66 44 44 44 43 41 44 48 44 42
44 44 41 44 46 111 63 47 43 44 46 44 45 46 52 87 128 52 42 45 45 44 46 41 43 49 44
43 44 42 44 51 76 98 76 46 45 45 45 46 58 95 92 78 45 44 48 45 43 44 42 43 44 43
43 44 46 42 46 59 109 191 68 45 45 46 50 109 132 97 55 46 44 49 46 42 44 43 44 44 42
43 43 44 42 47 79 74 101 55 45 44 45 48 94 87 78 50 44 44 43 50 44 42 43 42 43 44
43 44 43 44 43 104 113 62 47 48 44 44 46 49 65 97 61 41 44 48 45 42 44 42 43 44 43
43 42 44 44 46 123 82 47 48 45 45 44 44 45 51 90 52 44 48 44 43 43 43 43 44 43 43
43 42 43 44 49 104 93 46 45 45 44 46 46 43 52 103 61 45 45 46 50 44 42 43 42 43 44
42 44 44 45 47 118 107 46 47 45 43 44 46 46 55 114 80 46 44 40 44 45 44 46 43 43 44
42 43 43 43 56 106 94 46 45 48 45 43 45 45 59 120 92 46 45 43 45 43 44 40 43 46 44
42 44 44 44 90 141 127 50 46 47 46 44 45 46 61 114 104 58 45 44 45 44 44 44 45 45 43
44 43 44 47 115 153 140 56 46 46 47 46 44 46 65 107 113 66 47 44 44 44 44 44 44 44 44
43 50 47 47 130 161 117 60 46 46 44 46 48 46 68 87 104 76 44 45 50 44 44 44 42 43 44
43 46 50 52 121 162 141 70 46 46 46 44 47 50 79 91 111 94 48 42 44 48 44 44 44 45 44
43 45 46 46 146 166 155 83 46 47 52 47 46 49 95 114 149 145 47 44 45 44 45 44 44 49 45
44 46 48 57 174 197 171 88 52 47 47 53 49 50 105 129 173 145 53 43 44 44 44 44 44 44 48
43 47 46 51 151 193 147 68 50 47 46 45 48 56 84 114 166 140 47 44 44 44 44 44 42 45 49
43 49 52 46 106 151 123 56 49 46 44 47 51 51 68 115 137 127 46 49 43 43 44 44 44 42 44
43 44 46 46 65 118 89 50 46 45 45 45 44 46 56 84 105 68 44 44 44 44 41 44 48 44 43
43 43 41 45 47 76 67 48 43 45 43 44 46 44 48 60 70 54 43 43 44 43 44 41 43 49 44
42 48 43 44 48 52 50 45 47 44 42 44 44 44 45 46 49 45 43 43 44 43 44 40 43 48 44
42 43 41 44 51 49 59 45 43 44 44 44 44 46 46 56 59 44 44 49 45 42 43 42 43 44 43
42 44 45 41 48 65 77 48 47 45 45 45 46 43 48 63 65 47 45 48 45 42 43 43 43 44 41
43 43 45 45 50 72 105 55 49 47 46 45 43 47 59 87 77 47 45 44 48 44 42 44 43 43 44
43 44 45 45 48 118 139 81 53 48 48 48 48 49 84 109 95 53 45 44 44 43 43 44 42 45 49
43 43 50 44 48 108 115 92 63 49 46 48 48 55 115 131 108 59 47 46 43 44 44 43 45 42 44
44 45 44 44 47 89 104 80 65 52 46 47 48 61 87 120 96 59 46 45 44 43 44 43 44 42 44
43 45 46 46 47 94 129 109 67 51 48 50 50 74 124 146 117 68 47 43 45 48 45 45 46 44 44
42 45 45 46 50 86 104 106 77 51 49 49 49 76 103 115 94 67 44 43 46 40 46 50 44 44 44
42 43 45 45 48 72 81 81 63 47 48 47 47 70 76 86 71 56 43 44 44 43 49 49 45 44 42
44 43 45 44 51 70 84 89 69 52 49 51 49 71 83 103 75 64 46 44 45 47 45 43 46 52 44
44 51 47 44 50 78 95 114 92 82 61 59 74 114 93 130 90 57 43 45 51 45 44 45 43 46 44
44 47 54 47 49 62 84 146 122 119 85 93 115 147 117 127 80 62 46 46 47 46 46 44 45 44 43
45 48 55 47 49 59 91 142 127 124 95 127 120 146 128 113 89 54 47 44 47 50 46 44 48 44 44
51 50 49 48 51 65 106 145 139 144 105 132 139 172 136 109 101 54 48 45 47 47 47 45 47 44 44
50 50 50 48 49 74 121 144 163 174 110 145 153 148 112 90 80 52 49 45 48 47 48 47 46 45 46
45 53 49 46 52 71 95 111 115 126 98 99 132 128 84 81 63 48 45 50 45 44 48 45 44 44 44
47 48 48 52 49 60 81 100 112 110 91 78 108 106 78 70 57 46 45 46 46 45 63 48 46 44 43
53 50 43 45 46 51 65 88 92 85 93 84 91 84 68 65 46 45 44 44 46 48 124 42 44 47 46
82 69 46 44 47 48 47 67 81 84 86 86 90 72 60 47 45 44 44 44 46 66 127 43 44 46 44
105 150 49 45 50 46 49 63 71 78 66 62 65 62 51 46 45 44 45 50 49 88 101 43 43 44 44
100 172 58 46 46 47 53 64 80 80 64 58 67 61 50 51 47 45 44 46 58 111 90 44 43 44 42
76 237 88 50 46 48 51 74 86 83 71 62 65 73 55 48 46 46 46 46 70 127 57 43 44 44 44
54 247 231 50 46 50 56 82 88 100 97 97 99 76 56 51 47 45 46 54 101 140 49 45 41 44 50
49 97 209 51 46 49 52 88 93 82 70 74 85 78 57 53 50 46 46 72 319 85 48 44 44 41 44
47 65 124 60 46 49 64 96 103 93 64 84 92 92 68 58 53 46 45 75 133 60 53 45 44 42 44
45 57 102 57 44 51 76 97 110 98 69 83 88 79 75 62 46 45 47 74 87 50 53 44 44 46 44
43 51 103 61 46 56 78 108 100 89 77 87 95 82 79 66 49 46 50 99 77 48 48 42 43 43 44
44 51 84 62 50 70 92 110 101 96 94 86 99 85 72 73 49 46 52 89 73 45 50 44 43 44 44
44 51 89 75 52 78 101 115 99 87 87 83 110 102 87 81 51 47 59 95 57 46 51 44 43 44 43
46 51 78 89 57 102 146 197 121 98 88 100 128 159 136 110 62 51 74 89 60 46 46 45 43 44 44
46 51 106 104 72 116 179 202 130 103 85 108 125 175 170 108 70 56 73 63 52 46 51 45 43 44 44
47 52 74 101 76 121 166 177 158 106 83 125 128 141 125 101 79 69 74 50 52 49 47 43 44 44 44
49 51 55 75 91 105 124 118 125 99 78 110 108 112 84 84 76 77 63 47 49 46 48 44 42 44 44
46 56 47 57 85 97 94 83 99 82 73 90 98 78 64 71 76 59 49 52 47 45 45 42 43 44 44
45 57 49 54 81 138 119 101 92 82 77 88 84 73 63 65 59 52 46 46 46 46 45 44 43 42 44
48 65 50 59 83 114 106 108 105 97 91 96 81 79 75 70 59 57 47 46 47 45 45 44 44 44 43
56 62 50 53 56 66 78 90 82 96 92 89 72 75 72 68 54 51 53 47 46 45 43 43 44 44 44
60 63 56 51 62 61 70 80 83 95 86 84 78 79 72 65 54 52 50 46 47 42 45 49 44 43 44
74 68 72 54 66 59 78 82 102 99 91 91 83 81 70 66 64 59 53 48 47 44 45 44 44 45 44
74 70 70 56 71 63 75 87 90 95 93 89 86 84 68 82 78 78 63 48 47 46 45 44 44 46 44
66 84 65 60 63 61 71 76 79 88 97 96 89 79 72 101 91 109 80 53 48 46 44 43 46 45 44
70 82 62 57 56 66 70 75 76 88 106 104 90 81 76 99 86 83 66 51 48 46 46 44 44 45 47
96 60 56 56 54 65 62 70 73 98 100 109 86 76 73 75 81 63 52 53 50 47 46 44 44 42 44
