42 41 45 49 45 43 45 96 61 45 44 47 44 43 46 44 42 42 44 42 43 43 43 43 40 43 47
43 43 47 44 45 44 42 125 109 48 44 50 48 44 44 42 42 43 44 43 44 42 43 44 43 43 46
43 43 45 47 45 46 47 81 88 72 47 71 49 47 49 44 43 42 45 43 46 44 42 42 43 43 44
43 45 46 46 46 45 50 75 80 74 58 209 90 52 44 49 44 42 43 42 44 43 49 44 40 43 48
46 46 49 47 48 48 51 194 67 68 76 500 209 55 48 45 47 44 45 46 44 44 44 41 44 48 44
49 45 45 45 44 46 61 120 57 48 58 178 101 54 46 44 41 43 44 43 44 44 44 43 44 43 44
43 46 43 44 46 48 84 88 47 50 54 76 61 50 46 45 43 46 44 45 44 42 43 43 43 44 41
44 44 47 46 46 64 129 107 44 48 55 55 50 46 44 43 42 44 44 44 47 44 42 43 43 44 44
44 45 47 47 50 98 150 91 45 44 44 45 46 44 43 44 42 44 40 43 43 43 48 43 42 43 43
45 45 47 49 62 106 105 68 50 45 44 44 45 44 44 42 45 43 44 40 44 41 44 48 44 42 43
46 51 51 55 108 155 135 74 45 46 52 46 45 44 45 44 45 44 44 40 44 42 44 48 44 42 43
47 51 53 71 161 160 135 58 51 51 47 45 46 44 45 45 44 44 45 41 44 49 44 43 44 42 44
49 50 58 85 166 159 108 53 51 47 50 47 47 51 46 46 46 45 44 43 45 48 44 42 43 43 44
50 49 63 109 160 148 122 53 62 63 72 69 67 62 50 46 44 44 44 44 42 44 50 44 43 44 43
50 57 63 98 140 149 119 50 60 70 71 67 63 69 55 48 50 44 49 43 44 45 42 44 49 44 44
52 58 99 131 148 160 86 54 53 78 74 68 61 71 60 55 57 49 46 50 44 44 46 41 44 49 45
53 60 135 137 136 127 66 60 53 73 66 65 64 66 61 62 58 58 50 54 47 51 50 44 46 56 49
51 55 102 90 91 73 55 53 51 61 64 66 58 62 63 64 55 54 50 46 52 52 59 50 50 62 58
46 50 92 93 67 51 49 47 50 51 56 56 55 63 65 55 51 51 47 48 47 50 54 59 48 47 48
47 49 134 84 55 55 50 47 48 49 52 53 56 55 60 56 51 49 46 46 49 52 48 47 52 45 46
48 54 123 85 53 49 51 46 48 47 48 51 53 53 56 55 50 47 48 45 46 48 44 47 50 45 46
48 56 110 96 61 50 49 45 46 47 48 52 50 55 61 53 46 46 52 46 47 46 43 44 44 47 46
54 77 204 131 92 59 58 51 51 56 53 56 56 56 60 55 52 47 48 48 50 47 48 46 44 45 48
59 98 166 132 110 68 55 52 65 69 56 61 59 58 56 59 49 47 49 51 47 50 47 46 45 47 51
89 183 252 167 150 84 65 60 71 70 67 68 63 57 56 57 51 50 48 48 48 51 46 45 52 50 53
72 149 204 157 142 90 62 57 64 66 63 62 65 57 58 58 50 51 48 45 47 47 47 45 46 46 51
85 149 197 148 136 94 64 58 63 61 62 59 58 59 53 56 46 47 47 48 48 51 47 44 45 46 46
89 145 202 204 145 105 70 70 67 65 67 69 63 61 59 58 52 49 44 47 51 55 50 46 47 45 45
118 138 206 207 146 123 71 74 71 64 63 66 63 65 58 58 53 49 49 48 49 46 47 46 45 45 47
78 143 193 172 119 132 74 65 64 63 61 68 59 61 54 48 49 50 48 45 47 48 46 47 45 43 44
89 127 190 208 138 123 116 75 70 84 74 59 59 61 54 55 50 48 48 46 46 50 47 44 47 48 46
79 182 279 180 125 110 143 117 100 79 72 74 62 64 56 58 50 50 50 50 48 51 47 44 45 47 45
71 138 208 129 94 80 117 127 98 91 71 67 65 63 54 56 48 51 48 50 46 47 51 45 43 47 44
76 189 300 170 98 92 129 142 105 84 72 79 61 71 72 62 55 59 58 54 50 48 50 46 44 45 45
63 73 110 121 81 85 126 136 108 95 89 75 63 73 60 60 53 57 54 54 47 47 50 44 44 47 45
63 77 103 129 107 122 155 140 119 84 75 81 65 60 52 50 53 51 48 48 45 47 51 43 46 51 49
73 72 110 111 140 128 152 105 86 74 69 66 57 56 51 52 49 49 52 44 44 46 45 45 42 45 50
72 94 186 143 194 155 138 91 77 81 65 58 59 61 53 54 48 51 54 46 46 43 46 50 46 44 46
62 70 123 128 163 126 94 82 73 72 62 57 55 54 53 52 49 47 52 48 45 45 43 44 50 46 47
60 71 110 123 116 103 68 83 75 64 56 55 52 52 49 52 47 47 51 50 45 45 45 44 53 45 43
62 69 122 138 108 121 71 83 69 61 56 57 56 54 51 50 49 47 55 52 44 44 46 45 45 45 44
56 67 92 109 114 120 64 72 65 59 56 55 54 53 52 50 49 48 50 52 43 45 45 46 45 42 44
57 69 93 101 110 136 71 77 68 61 59 53 56 59 50 49 47 46 49 58 46 45 47 52 44 45 42
65 74 100 107 118 143 88 93 70 65 61 59 59 55 50 52 49 50 46 46 45 45 46 43 45 50 44
79 99 125 143 143 127 108 105 74 65 64 60 60 55 52 56 51 51 49 46 46 47 46 46 44 45 49
121 100 135 168 162 127 121 102 86 69 62 64 63 57 56 59 52 46 47 50 46 48 47 44 46 46 42
158 97 133 178 163 145 136 106 88 71 65 64 63 60 61 59 54 51 44 47 51 47 58 44 44 55 45
155 119 121 188 167 149 142 114 89 74 68 69 64 61 61 60 57 50 49 48 48 47 50 45 58 59 44
201 141 131 176 191 171 128 129 97 90 76 72 66 60 57 60 54 51 49 44 48 56 48 47 68 45 45
234 178 150 178 215 163 120 136 96 92 79 70 72 63 58 61 56 51 49 52 52 55 52 43 52 46 46
258 225 158 181 219 167 125 140 101 89 76 73 70 61 61 66 59 54 52 66 49 57 61 44 55 45 46
381 353 256 315 303 207 184 153 126 100 82 87 82 69 65 65 62 61 56 63 55 53 68 50 50 47 47
270 272 223 267 235 172 197 148 128 99 80 86 77 69 64 64 62 62 58 59 65 64 50 51 46 46 50
186 283 212 243 182 125 152 133 106 91 79 81 70 67 63 63 63 62 58 65 63 72 53 51 46 46 52
170 266 197 198 168 150 132 119 106 94 89 82 71 66 60 63 65 58 61 74 61 64 57 48 47 49 50
253 288 219 194 171 167 129 97 89 72 73 76 69 63 60 70 69 63 67 82 66 59 69 47 44 46 50
263 250 183 159 158 148 111 84 71 63 59 56 55 56 52 51 51 51 55 51 56 50 60 48 46 44 45
202 181 125 121 110 100 81 74 65 61 54 53 48 49 54 52 46 48 46 46 46 46 44 45 49 45 44
130 126 108 97 87 73 81 80 70 59 54 50 49 49 47 47 46 46 47 46 46 46 45 44 48 44 43
126 106 96 90 85 76 95 85 84 72 57 53 56 52 50 50 49 55 53 50 44 47 44 44 44 44 44
102 90 85 76 78 76 89 95 81 72 62 53 53 53 57 57 54 62 52 47 44 51 45 45 45 41 44
84 95 80 71 73 74 89 97 78 77 70 54 56 55 55 60 61 78 60 47 46 44 44 44 44 44 42
84 97 74 73 69 75 90 95 79 76 79 63 55 47 52 65 56 63 54 46 45 44 45 42 44 49 45
87 76 64 67 67 79 95 97 73 83 84 70 53 52 53 56 56 51 48 44 44 45 44 44 42 44 49
