44 43 46 52 50 58 62 86 141 868 340 88 60 54 57 55 51 46 46 50 47 46 47 45 44 45 45
47 46 46 45 46 48 59 79 118 1086 527 75 55 58 59 57 53 50 44 46 53 48 49 47 44 44 45
43 42 44 42 44 45 46 56 81 187 92 51 46 46 46 46 44 43 42 44 43 44 49 44 43 44 42
42 42 43 43 44 44 44 53 88 84 59 50 43 44 45 45 46 44 44 42 44 43 44 46 44 44 44
46 44 43 43 43 43 45 63 89 71 52 47 45 43 44 44 42 44 43 47 42 43 44 43 44 42 44
48 43 42 44 43 43 45 73 111 69 50 48 45 44 44 45 42 43 44 44 44 42 44 48 44 42 43
44 40 43 42 44 48 46 76 113 70 47 46 44 45 49 45 43 44 44 44 44 43 44 45 44 45 44
43 40 44 48 44 44 45 91 104 70 47 45 42 45 49 45 43 44 44 44 43 44 46 44 45 44 42
43 46 44 45 44 43 50 117 106 72 46 45 50 46 44 45 44 44 45 44 44 44 44 42 43 44 41
43 48 44 44 44 44 71 119 108 88 48 45 50 46 44 46 40 44 44 45 42 43 44 44 44 41 44
42 44 46 44 46 48 110 170 128 114 59 44 46 52 48 46 45 45 45 47 46 44 44 44 44 44 44
42 44 48 44 45 45 138 193 132 129 69 45 47 52 49 47 46 46 43 44 45 44 45 42 44 49 44
43 48 44 44 45 43 138 161 127 116 67 46 46 47 48 48 46 46 45 43 45 44 44 44 44 44 44
43 49 44 44 45 46 121 159 128 117 56 46 46 48 47 48 46 45 46 43 45 44 44 44 41 44 50
43 44 45 42 45 50 114 140 119 89 57 46 46 46 47 47 45 45 40 44 50 44 44 45 42 43 44
43 44 44 44 46 47 90 132 126 77 51 46 46 47 46 47 44 44 42 44 48 44 43 43 43 43 44
42 44 46 43 42 49 63 93 89 54 51 45 46 44 46 50 43 44 45 40 44 48 44 42 42 42 44
43 44 44 44 44 46 44 66 76 48 51 45 45 44 45 43 43 43 44 42 44 47 44 42 43 43 44
42 43 44 46 44 44 54 65 103 53 50 44 44 45 44 46 44 42 44 48 45 42 44 42 43 44 43
42 49 44 44 44 45 46 61 77 59 49 47 45 45 46 44 43 44 44 47 45 42 43 43 43 44 43
43 44 44 42 44 49 45 74 85 70 52 46 45 46 45 45 43 44 42 44 49 44 43 43 43 44 44
43 43 44 43 44 45 48 100 123 95 59 48 47 47 51 50 46 45 42 44 42 44 50 44 43 45 43
44 44 44 44 44 46 51 108 154 117 78 51 48 61 76 60 50 46 45 42 46 44 45 49 44 44 44
45 45 44 44 45 46 56 111 180 132 96 55 53 76 99 77 53 49 46 43 46 44 46 50 45 44 44
44 45 44 44 45 46 61 119 186 156 96 53 57 81 115 96 59 51 47 44 47 52 48 45 48 43 44
45 42 45 49 46 46 58 119 141 119 92 56 58 96 116 124 78 52 50 44 48 52 47 46 44 43 44
44 40 45 50 45 46 56 102 110 107 76 63 54 88 98 134 85 54 49 48 47 47 53 46 44 48 45
45 51 45 44 46 47 58 131 134 125 87 72 70 91 123 155 149 81 52 53 51 47 62 47 48 51 54
45 51 45 44 45 51 63 122 125 116 76 71 86 85 113 147 119 85 49 59 46 53 50 47 45 42 47
43 46 50 45 45 46 78 131 108 117 85 76 70 112 125 136 117 91 52 49 54 49 47 47 44 44 44
44 47 51 46 45 47 90 138 141 157 137 128 108 150 160 169 126 125 63 49 51 50 51 44 45 49 45
48 51 46 46 47 48 86 172 198 180 172 159 145 205 200 217 154 124 64 52 57 54 53 50 46 47 45
48 47 47 46 47 52 76 148 180 173 198 180 152 225 204 188 143 99 62 50 52 54 53 50 47 45 47
49 47 45 46 47 49 68 130 149 166 193 176 132 237 208 153 119 86 54 48 50 54 53 50 45 45 43
47 46 47 48 47 50 69 113 140 175 189 188 138 244 196 132 105 70 54 52 56 52 52 49 45 44 45
45 46 45 45 46 47 58 87 115 151 147 148 112 127 120 97 74 56 49 46 49 52 50 47 46 45 45
43 45 44 44 48 46 51 59 70 90 106 81 85 94 79 80 59 48 46 46 47 48 48 47 51 45 44
42 43 44 43 45 45 46 51 52 56 63 63 68 62 52 53 49 47 46 47 46 44 48 61 59 45 42
43 44 46 43 46 48 44 48 53 63 68 67 63 61 57 53 48 49 45 47 46 45 55 124 66 45 42
45 44 44 42 44 46 46 51 50 66 75 69 63 66 59 54 49 46 46 45 49 49 78 226 70 44 44
44 44 44 44 44 46 46 48 59 73 67 75 64 64 63 56 51 47 42 45 45 54 118 259 54 44 44
44 43 44 44 45 45 44 51 70 74 75 77 69 70 69 56 56 46 46 42 47 65 187 269 49 44 44
44 45 43 44 46 45 48 53 69 80 95 90 72 79 70 65 59 49 46 42 48 91 591 116 46 44 44
43 44 44 44 45 45 49 51 71 99 105 95 78 83 66 69 62 48 46 42 47 108 193 60 45 43 44
44 40 45 49 45 44 48 57 70 83 111 100 81 88 73 81 76 56 46 43 51 120 140 55 45 43 44
46 41 45 49 46 44 50 64 81 90 109 124 107 99 91 102 88 68 48 46 62 165 114 51 44 44 43
46 51 46 44 46 45 52 76 100 100 115 133 111 99 108 109 110 80 54 46 94 175 83 49 50 44 44
46 47 46 44 46 46 58 98 112 121 135 140 119 102 118 131 149 106 54 54 112 147 58 46 46 51 45
49 49 49 46 46 49 63 161 143 148 161 157 114 126 114 170 226 108 71 69 129 130 57 46 46 50 45
51 50 48 46 46 50 69 162 172 150 170 122 119 129 114 176 187 122 86 72 148 91 53 50 43 46 50
48 49 47 49 47 51 100 182 193 174 178 113 113 119 118 160 136 105 95 81 133 74 53 53 46 45 45
48 48 49 49 49 75 170 201 238 208 174 99 84 110 111 113 93 93 100 126 97 65 52 49 45 45 47
49 48 50 46 59 115 238 225 214 152 99 88 72 97 104 95 86 88 85 120 73 50 50 47 45 44 45
47 47 48 48 74 117 128 100 102 80 61 62 53 70 79 66 57 66 60 64 58 46 45 44 43 43 44
55 56 56 55 99 130 100 62 55 54 53 52 50 51 54 58 48 50 48 48 46 45 44 44 39 43 47
78 66 68 75 113 189 106 64 56 53 56 59 53 53 52 50 51 46 48 46 46 44 45 43 44 46 44
101 92 78 73 103 124 76 57 53 50 54 61 56 55 54 52 46 46 47 44 46 43 44 43 44 44 44
85 127 68 63 69 65 66 55 54 55 56 58 55 61 57 56 49 52 46 43 45 44 45 44 43 44 46
85 157 85 66 66 66 62 61 60 62 62 63 61 68 65 61 50 52 53 46 45 45 46 44 44 44 44
194 118 83 79 72 68 75 72 76 79 71 72 78 79 76 71 65 61 53 49 48 46 50 46 42 44 44
128 103 110 84 68 66 68 79 81 88 77 85 94 87 84 90 93 82 67 46 47 47 47 50 44 45 44
84 114 83 64 65 63 71 83 72 88 95 96 101 89 92 122 104 103 95 51 48 49 48 48 44 44 44
106 90 66 66 59 60 64 68 66 77 89 90 84 78 84 103 85 78 63 52 48 51 48 44 43 43 44
98 67 62 56 56 61 71 66 64 70 80 89 69 68 72 79 70 62 53 56 51 47 46 43 44 49 44
