42 44 45 44 46 47 99 63 46 48 44 42 44 44 44 44 43 43 44 41 44 48 45 42 43 42 43
44 40 45 51 47 47 99 98 46 45 44 43 46 44 45 44 42 43 44 44 41 43 49 44 42 43 44
40 44 47 45 45 48 89 79 48 43 44 48 44 42 44 42 43 41 47 42 44 44 41 43 48 44 43
43 46 46 44 45 48 78 70 47 45 49 44 43 44 43 43 44 43 42 46 43 43 44 42 43 48 44
43 45 46 51 47 54 99 110 47 46 42 43 49 46 45 43 45 43 42 46 43 43 44 41 43 48 45
46 46 48 47 47 73 108 126 48 44 45 49 44 42 44 42 41 42 43 44 45 41 44 46 44 45 44
45 44 46 48 52 100 92 63 48 45 43 43 45 43 44 42 41 42 43 44 44 42 44 48 44 43 44
45 44 48 48 68 128 103 55 47 44 44 44 44 44 43 44 43 42 43 43 44 44 43 44 48 44 44
46 47 52 62 102 147 130 54 49 46 44 43 44 46 44 43 43 43 44 42 44 43 43 45 43 44 47
46 48 56 76 126 127 85 51 47 46 44 44 47 44 44 43 40 43 44 42 44 44 43 43 44 44 44
48 58 68 120 187 174 98 57 51 47 45 44 44 44 47 45 40 44 44 43 43 43 44 43 44 43 44
50 67 89 151 205 177 88 58 50 46 46 43 44 47 44 44 47 44 43 44 43 43 44 43 44 47 44
55 88 152 168 205 161 76 56 52 51 45 44 45 44 44 44 46 44 43 43 44 43 45 44 43 47 44
58 115 238 191 187 148 74 59 52 50 45 43 44 44 44 44 43 48 45 43 44 42 43 44 44 44 46
58 124 254 191 192 140 72 63 52 46 45 43 44 44 45 44 43 43 45 41 44 43 45 47 44 44 43
65 165 335 193 197 145 76 65 54 47 45 44 44 44 42 44 43 45 41 44 45 44 47 44 43 44 44
82 250 446 192 174 101 74 63 58 48 44 44 45 44 45 42 44 44 45 43 45 44 42 44 47 45 43
102 223 257 127 88 70 63 54 52 46 43 43 44 44 44 42 45 43 44 41 44 45 44 47 45 46 44
92 156 177 82 60 56 53 47 46 48 44 42 44 44 44 44 43 44 44 45 44 43 48 44 42 43 44
95 135 159 64 55 53 52 48 46 42 44 48 45 42 43 44 43 42 44 48 44 44 44 42 43 44 44
76 139 202 127 66 60 56 51 47 46 42 44 49 44 43 43 42 44 42 44 44 44 44 44 43 42 44
90 222 178 119 93 67 60 53 50 51 45 43 45 43 44 44 43 43 46 42 44 44 42 44 47 44 44
85 197 352 190 136 106 76 63 56 49 49 45 45 44 44 44 44 44 43 47 43 44 45 44 45 44 45
98 171 267 224 161 155 100 69 61 52 52 45 44 44 44 44 45 44 44 48 43 44 44 44 44 48 44
127 316 433 314 233 223 150 94 71 57 49 50 46 44 46 44 43 45 45 45 46 44 45 46 45 46 45
89 187 344 399 234 209 185 119 74 60 48 46 45 45 46 47 42 44 45 45 45 41 45 50 45 44 44
74 149 286 221 229 200 202 152 82 61 49 46 45 45 47 45 43 43 44 44 45 44 42 44 49 45 44
77 125 244 275 219 243 228 227 117 74 53 48 46 46 46 46 44 44 45 44 45 44 44 46 45 45 45
74 89 179 296 195 255 257 220 160 96 53 47 47 45 46 45 45 44 50 45 44 46 44 44 44 45 45
60 70 114 186 132 179 208 179 144 102 57 50 45 44 49 45 40 44 44 43 43 43 44 44 44 42 44
59 65 78 176 118 142 225 224 161 134 94 50 45 49 45 43 46 44 43 44 44 43 45 44 44 48 45
68 78 85 109 130 165 361 678 252 202 113 67 44 44 45 45 45 44 44 44 45 44 45 44 44 49 45
58 65 65 74 87 116 199 419 254 185 109 58 45 47 45 44 43 47 44 43 44 43 44 45 42 44 49
51 54 62 60 68 84 134 225 176 199 128 72 45 43 44 44 43 45 44 42 44 43 44 44 42 44 49
50 51 55 56 65 85 136 157 164 122 90 54 44 44 42 44 42 44 38 43 48 44 46 44 42 44 44
50 52 56 60 68 94 150 171 168 123 72 49 46 44 44 44 42 44 40 44 48 44 43 44 43 43 45
50 53 55 59 64 89 130 208 140 94 56 45 45 44 44 47 42 42 44 38 44 48 44 43 44 42 44
48 52 55 60 82 95 113 154 114 72 49 44 44 44 44 44 43 44 41 43 50 44 44 43 42 43 44
50 53 55 61 87 100 112 136 107 76 48 47 45 43 43 44 43 41 44 48 44 42 44 42 43 44 44
53 54 57 62 88 111 126 140 146 73 46 45 47 44 43 43 42 43 44 42 45 49 44 43 44 42 44
54 59 63 69 91 148 170 212 191 87 52 44 44 44 44 44 45 42 46 44 44 43 43 44 47 44 43
60 63 69 75 101 178 225 242 216 87 54 46 43 44 44 44 46 44 44 45 44 44 46 45 43 44 47
65 70 77 86 116 238 279 307 216 100 56 46 44 44 45 44 46 44 44 46 45 44 45 43 44 48 45
75 76 84 96 128 279 303 379 230 111 55 50 45 43 44 44 42 44 45 44 45 45 45 44 44 45 44
67 74 86 101 143 244 269 325 204 104 53 44 45 48 45 44 43 44 44 43 45 47 46 45 44 43 44
67 70 82 95 193 217 272 277 218 92 52 46 42 44 48 45 43 43 44 44 44 44 48 45 44 45 45
72 76 81 93 180 230 269 230 197 80 51 51 46 43 44 44 43 43 45 42 44 44 44 44 42 45 49
64 73 72 79 127 188 216 217 138 66 46 46 49 44 43 44 39 45 44 43 43 43 44 44 45 44 44
107 80 68 71 85 124 155 183 121 59 48 45 42 44 49 44 40 44 44 46 42 43 44 44 44 43 44
273 225 110 80 84 112 124 145 102 55 47 42 45 49 45 44 45 45 45 48 45 43 44 44 44 46 42
330 273 188 135 102 125 147 150 100 57 48 46 45 42 45 49 45 46 44 45 45 44 45 43 45 50 46
318 324 328 293 227 207 203 173 107 61 50 45 46 45 46 46 45 47 46 44 45 44 45 45 42 46 50
173 231 280 311 330 341 320 226 121 69 53 46 46 48 46 46 45 46 46 45 46 48 46 44 44 45 46
134 173 220 319 363 449 398 251 127 76 54 48 47 45 45 46 45 45 46 44 46 45 46 46 46 46 47
141 179 193 268 527 780 508 244 148 88 57 47 46 46 44 46 46 46 45 46 48 45 45 45 45 46 46
146 157 163 188 292 628 332 184 118 71 53 47 46 44 46 50 44 44 45 42 46 48 45 44 44 44 45
159 144 119 121 155 198 133 102 71 55 48 45 45 44 45 43 44 45 47 45 43 43 43 44 44 43 44
220 182 100 100 86 86 75 64 54 52 46 45 45 44 44 44 44 43 45 50 45 42 44 42 43 44 43
311 242 140 105 89 86 79 71 57 50 47 45 45 45 46 46 45 47 46 48 46 43 46 43 44 45 42
359 239 149 115 97 89 83 78 60 53 48 44 46 48 46 48 48 50 49 46 45 45 46 45 48 46 43
356 211 164 107 90 84 76 72 57 51 48 46 47 47 47 52 51 60 52 50 45 44 45 44 45 50 46
223 201 106 87 75 72 66 64 55 51 48 46 49 46 49 57 56 60 59 52 47 44 44 44 44 47 44
146 133 89 75 64 62 60 57 51 50 46 49 47 46 49 54 52 55 50 49 46 45 49 44 43 45 43
121 92 78 64 58 58 57 54 48 50 48 48 46 50 47 52 52 51 48 48 51 51 45 43 44 45 44
