43 44 45 45 47 47 47 51 53 53 64 72 380 558 128 65 56 51 46 51 46 43 44 43 44 44 42
46 44 48 46 48 45 49 55 58 59 71 97 937 904 78 62 58 51 50 47 48 46 44 44 45 44 45
42 43 45 44 45 42 46 51 48 47 57 63 266 317 79 52 46 45 41 44 43 44 48 44 42 43 43
42 42 43 44 44 43 41 44 49 45 44 51 67 64 68 46 44 44 44 40 44 41 43 48 44 42 43
42 45 44 42 44 44 44 44 41 44 50 46 60 63 84 54 45 43 43 40 44 42 44 47 44 42 43
41 43 43 43 45 44 44 41 45 50 47 43 57 63 106 67 44 43 44 41 44 48 44 42 43 43 43
42 42 44 43 49 44 43 44 44 44 47 44 51 63 110 85 45 44 44 42 44 48 44 42 43 42 43
43 40 44 48 45 42 44 44 44 46 46 45 51 64 106 104 45 44 44 43 41 43 49 44 44 43 43
43 48 44 44 44 43 44 45 46 43 46 50 46 65 110 104 53 44 48 43 44 44 41 43 49 43 42
43 44 44 43 44 43 44 45 44 46 52 46 46 70 113 109 66 47 44 46 43 43 44 42 43 48 44
44 44 46 44 44 44 46 46 47 47 47 47 55 103 132 125 92 51 44 48 44 43 44 40 43 49 44
46 44 45 45 44 43 45 47 48 46 49 53 55 138 141 122 110 53 48 44 45 42 44 47 44 43 44
43 42 44 43 45 47 46 47 48 49 49 49 61 130 134 119 115 56 46 44 45 41 44 48 44 43 44
45 41 44 43 45 48 46 46 48 49 50 49 56 125 132 117 108 59 45 44 44 44 42 43 48 44 44
43 42 46 49 46 44 46 45 47 48 52 48 53 95 130 123 116 58 46 42 44 43 44 45 44 44 48
43 42 44 49 45 42 45 45 46 49 47 46 52 59 95 99 108 56 50 44 43 43 43 43 44 43 44
42 43 42 44 50 44 43 45 44 46 47 45 46 56 64 92 85 51 43 44 48 44 44 43 42 43 44
43 44 43 43 49 46 44 44 44 46 46 44 46 46 53 82 56 45 44 47 45 43 43 42 43 43 44
42 43 44 43 44 47 45 45 45 44 45 45 45 47 47 94 58 45 44 43 45 43 42 43 44 43 44
43 46 43 43 45 44 44 46 45 46 47 43 45 46 59 82 52 52 44 42 43 42 43 44 43 43 46
43 42 47 42 44 46 44 45 45 47 50 46 44 46 61 86 68 46 44 44 44 43 44 42 43 44 43
42 43 44 44 45 45 45 48 48 54 55 50 49 49 79 99 91 47 42 44 46 44 46 43 42 44 44
43 44 44 46 45 45 44 49 58 107 79 68 54 52 102 114 102 59 45 41 44 46 44 43 43 44 43
43 43 46 46 46 45 48 51 80 147 113 75 58 61 128 139 104 67 48 42 44 46 44 46 44 44 44
43 44 46 47 47 45 47 52 107 128 139 85 61 78 128 159 136 76 50 45 45 48 45 42 45 45 44
44 44 48 47 46 45 48 57 105 118 122 83 59 74 131 170 159 80 49 50 46 48 45 43 43 43 44
44 43 46 49 47 44 47 60 92 108 97 67 62 68 107 170 133 81 49 47 46 45 49 44 42 43 44
70 52 48 48 46 46 50 94 123 130 110 91 68 74 125 176 178 121 59 51 46 46 53 44 48 44 43
82 45 46 46 47 46 53 113 123 112 95 73 75 76 102 148 126 104 60 56 46 49 46 41 44 49 44
45 45 46 47 48 44 72 138 109 121 103 91 70 92 104 125 113 94 55 52 48 45 45 41 44 48 44
49 45 46 50 48 46 92 147 129 152 143 152 100 120 138 168 125 120 74 49 46 43 45 49 44 43 44
46 44 48 53 52 49 82 178 191 177 169 166 133 175 182 207 145 105 71 51 50 45 46 49 44 44 44
45 43 48 50 52 53 68 156 180 165 189 183 136 203 199 182 141 102 65 50 47 47 43 45 49 44 44
46 46 45 52 49 47 61 133 142 159 185 186 119 218 198 150 113 92 56 49 46 48 43 44 48 45 44
45 43 48 56 53 46 59 98 129 168 180 192 136 228 191 131 107 71 59 51 48 47 45 44 44 44 44
44 49 45 49 55 46 49 78 106 143 134 146 109 134 129 92 76 57 51 47 44 44 45 44 44 42 45
50 78 51 46 49 46 47 55 66 86 97 76 82 97 76 73 60 49 46 49 46 42 45 43 43 44 42
43 70 78 44 47 49 46 45 51 56 61 62 69 58 52 52 49 46 44 44 44 43 47 42 43 49 44
43 80 104 49 48 44 46 51 53 63 65 58 61 58 52 51 47 48 45 43 44 43 45 44 42 44 48
43 63 136 71 48 46 45 50 60 66 66 62 56 58 54 51 46 42 45 46 44 42 44 42 43 44 42
43 47 176 110 53 50 46 51 75 76 65 72 59 59 57 52 47 46 40 42 44 44 44 43 42 44 46
44 50 139 225 56 44 46 52 86 90 78 73 67 66 63 55 49 47 46 44 44 44 44 43 46 44 42
44 45 70 294 63 45 51 60 95 95 94 79 72 76 67 60 52 47 46 40 44 48 44 44 44 42 43
42 45 53 106 62 44 47 76 100 112 109 86 78 81 65 63 54 48 46 45 45 45 44 44 42 43 44
43 46 50 88 73 45 47 82 110 102 114 100 86 84 70 65 60 48 46 49 45 45 44 43 43 44 44
44 47 48 91 89 45 50 104 128 119 107 119 107 102 84 76 68 55 46 46 48 47 44 44 44 44 45
43 45 46 88 98 46 64 117 144 136 114 130 110 102 106 89 79 58 50 46 46 46 42 44 49 44 43
44 46 48 82 102 49 82 132 151 129 130 134 123 119 147 138 102 69 50 51 45 46 45 42 44 45 44
45 45 49 78 118 50 101 206 226 164 142 147 120 132 138 134 110 86 53 48 46 47 46 43 44 47 45
50 48 47 82 116 64 103 164 197 147 138 120 131 145 137 125 118 110 59 46 46 47 46 44 42 45 48
45 47 53 66 115 100 119 149 168 134 132 125 131 145 169 159 131 121 64 50 47 47 46 49 44 44 45
45 43 53 54 97 118 152 153 125 120 118 119 106 141 185 208 129 127 80 53 48 47 44 44 47 45 44
45 45 46 51 66 106 150 138 115 109 99 106 99 118 174 189 141 135 119 65 50 47 45 45 46 44 44
44 43 46 51 50 51 63 64 68 78 72 76 66 74 84 99 95 117 102 99 48 46 44 43 44 44 44
43 44 42 45 46 46 48 53 53 60 61 61 50 55 60 61 56 68 76 120 50 46 45 44 44 41 44
42 44 52 46 46 46 46 50 52 56 66 70 56 59 55 55 56 57 71 107 56 46 46 43 43 44 41
45 43 46 46 46 47 48 50 50 55 63 70 60 54 58 61 52 56 69 93 70 54 51 41 43 49 44
51 48 45 46 46 43 49 57 54 56 62 67 59 63 61 59 56 60 65 84 67 62 53 44 41 44 49
56 47 52 47 48 48 50 54 63 63 61 70 65 73 69 66 62 67 68 81 68 65 66 46 41 44 48
48 47 52 51 51 56 59 62 64 68 72 74 77 88 80 79 80 84 81 80 72 77 63 53 42 47 45
48 51 58 54 51 53 61 66 65 72 74 81 95 96 89 105 110 128 96 81 76 90 65 48 43 52 45
47 61 54 52 51 53 65 70 63 78 83 86 104 95 99 145 136 158 155 76 75 105 67 47 44 46 44
49 55 51 54 52 51 55 65 59 66 78 81 84 82 89 120 108 108 88 68 75 107 64 44 43 44 45
58 50 47 51 51 53 60 56 53 66 73 80 68 68 72 84 82 74 63 72 79 121 67 44 44 45 43
