43 45 44 43 42 43 48 44 42 44 48 66 81 47 46 52 42 43 48 44 42 43 43 43 43 43 44
42 44 43 43 44 43 44 44 43 44 46 53 103 77 58 48 44 44 44 44 43 43 47 44 42 43 43
43 47 44 43 44 43 44 44 43 45 49 49 76 113 110 59 44 44 44 47 42 43 44 43 43 45 44
40 44 48 44 43 43 43 43 44 44 45 47 54 111 79 56 43 43 43 42 43 47 42 42 44 43 44
42 44 47 44 44 44 44 44 44 45 49 54 65 273 66 47 45 44 45 43 44 42 43 44 43 44 46
43 41 44 48 45 42 44 43 43 45 46 49 80 163 56 46 44 43 44 43 44 43 44 41 44 48 44
43 41 44 42 44 49 44 43 44 44 47 51 117 120 52 46 44 42 43 43 44 44 41 43 49 44 43
43 43 42 44 44 44 48 44 44 46 48 61 155 111 49 46 46 44 43 43 44 43 44 43 43 44 49
43 41 44 50 45 44 44 43 44 47 56 85 183 102 51 47 43 44 50 44 43 43 42 42 43 44 44
43 44 43 44 49 45 45 45 44 46 56 110 175 89 50 50 44 44 44 47 45 44 43 44 43 44 44
43 44 42 46 51 45 45 45 45 49 68 153 170 99 51 49 44 43 44 49 44 43 44 42 42 44 44
43 44 44 43 46 49 45 46 46 55 86 142 113 97 49 47 44 48 44 44 44 42 43 43 43 44 44
40 44 44 47 45 44 46 45 46 54 110 155 116 101 56 47 44 49 45 43 44 42 43 44 43 44 42
44 44 47 44 46 46 46 45 44 58 127 140 121 143 61 49 42 45 50 44 44 44 42 44 43 44 44
43 44 45 45 46 45 46 44 49 63 132 110 112 138 63 49 43 44 41 44 47 43 45 43 42 43 44
42 44 45 46 46 45 45 46 50 68 117 117 108 129 58 47 45 43 45 41 44 44 44 46 44 42 43
41 44 45 45 46 45 46 45 47 63 109 108 90 95 54 49 45 44 44 40 44 46 44 46 44 42 43
42 43 45 44 46 45 45 45 47 62 132 103 70 60 53 48 44 43 44 44 44 43 43 44 46 44 42
43 42 45 44 44 44 45 44 45 52 107 81 60 55 49 47 44 42 44 46 44 44 44 42 42 44 44
42 44 45 46 45 43 44 44 46 64 129 84 62 59 49 47 43 44 44 43 44 43 46 44 42 44 43
43 44 42 46 49 45 44 46 46 77 172 105 62 55 55 48 43 44 44 43 46 44 45 44 42 43 44
44 47 47 44 46 45 46 46 46 73 147 133 76 56 52 48 46 44 43 46 43 44 44 42 43 48 44
43 45 56 46 46 46 46 46 50 82 199 145 98 63 58 49 49 46 44 46 44 44 44 42 43 47 44
49 45 47 46 46 46 47 47 57 88 173 177 120 96 60 51 47 44 47 43 44 44 44 44 41 46 48
45 50 54 49 50 48 49 51 57 115 226 247 162 145 78 57 52 46 45 45 45 44 44 41 44 49 44
43 44 48 47 49 53 49 49 52 110 159 163 188 148 121 64 50 45 46 46 45 44 41 44 48 45 43
44 49 44 49 47 49 54 50 51 82 180 160 187 138 137 79 52 46 47 49 44 44 45 44 41 44 48
44 49 47 54 52 50 50 51 54 93 134 198 205 213 171 133 59 49 56 59 47 44 47 43 44 44 44
44 46 49 48 54 49 51 51 52 71 112 153 141 180 133 137 55 52 51 52 46 44 45 44 42 44 45
43 44 46 47 52 46 45 46 47 65 80 101 106 137 96 107 63 51 50 54 46 42 44 42 43 44 44
44 44 47 47 49 52 47 46 47 55 75 100 124 142 120 136 92 80 76 49 45 44 44 44 43 43 44
43 48 45 49 49 46 48 52 48 54 78 98 130 169 146 182 125 93 94 54 46 43 44 44 42 44 49
44 44 49 48 50 49 47 51 57 63 74 98 161 252 140 168 114 97 101 67 44 43 43 44 44 45 44
45 45 51 49 51 50 47 50 55 59 72 122 179 298 242 144 126 95 98 60 44 43 44 44 44 42 44
43 45 46 49 47 48 51 48 49 54 63 105 132 245 163 136 130 86 91 72 47 47 44 45 44 42 44
44 44 45 47 47 47 46 47 50 52 58 85 126 141 161 117 113 76 77 54 45 48 44 44 43 43 44
42 44 45 46 47 46 46 48 46 48 54 64 107 106 100 100 90 73 74 48 43 44 46 44 44 44 42
43 45 45 46 46 47 47 46 46 52 55 63 103 139 131 109 97 77 82 50 45 44 44 42 43 44 44
44 48 45 47 46 45 44 45 46 47 48 58 81 110 93 87 72 63 61 44 48 44 45 44 42 43 45
42 43 44 45 45 45 45 44 44 47 50 58 66 81 91 84 70 50 48 44 49 44 44 44 42 43 44
43 44 44 44 45 45 45 46 43 46 56 69 73 72 76 76 61 48 48 50 43 44 44 41 43 49 44
45 44 46 45 44 44 46 45 45 47 48 71 81 82 78 63 58 47 47 46 44 43 44 43 44 45 44
48 44 44 46 46 46 46 46 47 51 61 99 123 105 92 72 53 46 49 42 44 44 43 44 42 44 46
44 50 46 46 50 47 47 49 49 55 77 106 177 137 87 78 51 46 47 45 44 44 44 47 44 42 43
44 42 47 49 50 53 49 48 51 59 82 160 172 153 120 91 51 46 47 46 44 44 42 44 47 44 42
44 45 45 49 49 50 53 50 50 62 70 147 158 160 138 96 51 46 48 46 44 44 44 44 46 44 42
44 45 51 55 54 48 49 47 50 64 66 126 142 150 133 89 50 46 51 46 43 43 43 43 44 42 44
50 53 51 82 71 58 52 51 50 62 72 118 137 146 136 95 50 46 47 44 49 44 42 43 43 44 44
46 49 81 139 142 98 68 62 53 63 76 89 132 115 108 81 48 46 47 50 45 42 44 43 43 45 44
47 61 79 162 181 140 119 104 68 62 76 82 136 111 102 74 48 46 47 41 45 44 43 43 43 44 44
48 61 83 154 142 147 142 136 116 88 76 87 99 106 105 72 47 49 47 44 44 43 44 45 42 44 50
49 59 108 135 80 95 149 147 158 108 113 146 105 108 98 69 46 47 47 45 45 44 44 43 44 45 42
47 53 61 78 65 72 84 128 141 152 153 242 182 143 106 72 56 48 48 46 43 44 44 44 44 42 44
46 54 58 61 60 66 78 78 114 169 192 280 261 177 113 74 52 47 50 41 45 44 44 44 44 44 43
49 52 57 73 84 92 83 75 98 160 266 368 363 189 102 76 54 50 51 41 45 49 45 44 44 44 44
49 63 61 86 110 115 94 79 82 123 195 389 326 154 89 79 56 50 49 46 44 44 49 44 44 44 45
62 70 64 82 137 136 82 79 73 89 119 159 141 89 68 62 49 44 48 50 45 44 44 42 43 44 44
62 89 76 91 125 114 109 92 69 68 73 84 74 65 61 51 49 47 44 46 50 44 44 44 42 43 44
79 117 89 110 153 131 133 99 76 65 61 66 61 59 60 53 47 50 47 49 51 44 44 43 43 44 44
139 114 97 127 183 153 161 126 96 74 65 66 61 58 56 53 54 52 51 51 46 45 45 41 44 49 45
113 102 115 146 149 140 150 121 92 71 62 63 61 58 52 57 58 61 63 50 47 43 44 46 45 49 44
86 121 99 95 116 120 136 122 79 71 60 59 59 54 53 57 63 67 72 49 46 44 44 44 45 47 45
92 102 81 84 82 91 96 90 68 58 56 58 52 50 52 52 51 60 62 46 46 47 44 44 44 42 44
95 78 66 72 76 85 95 74 51 53 55 59 47 50 55 51 50 49 50 48 46 44 45 44 46 44 42
