47 44 44 49 52 82 104 83 47 42 45 50 46 47 58 81 82 54 44 44 44 41 44 50 44 43 43
44 45 47 45 53 72 195 360 63 50 49 52 51 58 193 368 107 56 45 46 46 44 44 42 44 47 45
44 45 48 45 45 54 66 180 54 47 46 50 47 47 116 154 61 55 46 42 44 43 43 44 42 44 47
43 42 44 48 45 53 53 56 45 44 44 44 47 44 54 58 55 63 44 43 44 43 46 42 43 44 44
42 43 44 46 45 54 52 46 46 44 43 44 49 45 46 46 53 46 44 44 43 43 43 42 44 42 44
42 43 42 44 50 95 70 46 45 44 45 44 45 48 46 47 72 47 44 43 44 43 44 44 40 44 49
42 43 42 45 44 128 87 47 45 44 44 44 46 44 46 55 89 49 43 43 44 43 44 40 43 49 44
43 48 44 44 47 121 80 51 46 44 45 43 44 45 46 58 95 61 44 42 44 44 43 43 43 42 44
43 44 43 44 55 113 83 47 45 44 44 44 46 43 46 68 96 72 44 45 44 44 44 42 43 44 44
42 43 45 44 67 104 92 51 46 44 44 44 45 45 43 63 95 86 42 44 45 44 46 44 44 43 44
44 45 45 42 110 150 141 62 48 46 45 46 46 47 51 76 104 107 50 46 50 44 43 44 44 45 45
43 45 46 47 157 186 170 101 50 48 46 47 48 49 55 92 117 133 70 48 45 44 43 43 44 44 44
44 44 46 46 172 194 148 100 51 49 45 47 52 49 63 88 118 159 86 49 45 44 43 44 44 44 44
46 46 46 47 139 157 157 99 50 48 47 48 49 47 66 101 120 146 93 45 46 44 44 43 44 46 46
45 46 46 47 126 151 149 88 53 48 48 47 47 49 65 105 145 151 74 42 45 48 44 45 44 43 44
44 45 46 51 107 146 130 69 54 49 47 46 47 50 58 97 159 144 71 51 45 44 45 44 46 44 44
44 45 45 49 78 116 107 56 50 48 46 47 46 48 50 70 116 141 54 46 45 44 48 45 44 46 43
43 43 47 44 58 96 72 51 48 46 46 45 44 46 48 61 100 106 48 44 45 44 44 45 45 46 46
47 44 44 44 48 86 82 49 47 46 43 45 49 46 45 52 87 69 46 45 43 43 48 45 42 45 44
44 45 40 44 57 92 104 54 46 46 46 46 46 51 49 58 109 70 46 44 45 41 44 49 44 43 44
44 43 46 43 54 125 125 68 50 48 47 48 48 47 51 85 104 79 46 44 45 42 45 48 44 42 46
43 47 53 47 64 160 168 105 60 51 49 52 50 52 69 111 114 101 46 45 46 45 44 44 44 44 46
45 46 53 54 84 228 237 161 88 56 53 55 56 59 110 134 142 115 54 46 46 46 46 45 43 44 49
46 55 53 49 90 198 201 166 120 57 54 56 59 74 158 148 142 105 54 51 45 46 46 45 44 43 45
47 52 66 51 96 201 215 192 188 66 59 58 60 90 204 166 159 119 64 49 48 47 46 46 42 45 48
45 51 52 49 87 177 177 155 147 68 55 57 58 104 165 173 153 118 58 48 48 47 46 42 44 48 45
46 54 50 50 71 123 149 132 106 68 53 53 56 119 113 149 122 89 52 46 46 48 46 44 44 42 45
48 59 89 64 74 142 181 174 112 86 61 60 66 128 144 187 160 111 53 57 57 62 47 46 44 45 44
48 101 72 60 63 142 156 156 128 78 60 66 68 135 138 144 122 88 50 52 67 78 53 46 44 43 44
84 128 56 51 64 125 128 122 110 76 59 70 60 101 110 116 100 73 49 50 55 50 49 44 42 44 44
65 63 52 52 70 113 131 126 130 114 85 78 90 116 119 130 105 75 56 49 49 46 45 44 44 44 43
51 60 54 51 62 98 125 164 159 160 121 124 120 157 137 159 115 76 51 51 50 62 46 44 44 42 45
50 63 53 50 56 73 104 151 153 187 150 136 151 174 134 131 104 72 50 51 52 81 45 44 45 45 45
58 61 53 50 54 67 106 145 148 180 148 170 163 174 127 114 90 58 49 53 50 51 45 43 45 44 44
49 57 54 50 54 71 95 133 162 191 138 165 175 202 120 101 83 55 49 49 51 50 44 44 48 44 43
49 58 54 51 53 67 103 129 150 170 104 123 145 154 105 82 69 55 45 48 49 78 51 46 44 44 43
52 70 59 52 58 68 93 109 113 106 77 73 92 107 79 76 58 49 48 46 50 56 50 47 46 45 45
66 122 52 47 56 57 73 86 84 73 68 68 76 76 70 61 50 48 46 46 54 70 51 44 43 45 45
50 78 51 46 51 53 57 85 85 76 86 72 76 81 64 51 46 46 46 46 50 50 46 48 44 45 44
53 89 67 46 47 50 53 75 81 76 74 68 75 68 59 55 45 45 45 45 55 54 46 46 45 43 44
48 87 75 47 46 50 55 79 96 76 74 100 81 74 62 49 47 45 46 46 62 50 46 44 43 46 53
55 104 93 54 49 48 55 86 100 93 91 71 69 74 56 48 47 46 47 46 67 51 44 44 41 44 49
62 232 152 61 52 53 61 93 101 105 82 89 93 82 57 53 46 47 46 63 79 53 46 44 44 41 44
56 354 237 96 52 57 78 136 131 115 79 89 107 80 66 57 51 49 49 82 191 63 53 45 46 44 46
57 143 156 66 51 54 71 105 97 103 89 89 97 78 63 59 49 47 47 95 206 70 52 44 44 46 45
54 123 149 70 50 55 82 116 110 97 74 88 97 95 72 57 49 48 48 117 147 60 50 50 44 46 46
46 73 143 84 58 65 102 126 127 105 78 87 98 100 80 60 52 48 53 108 107 46 52 44 44 44 42
47 72 130 71 53 88 118 150 125 103 81 101 103 94 97 76 54 51 59 111 81 51 46 43 43 44 44
47 59 100 77 55 110 136 149 130 122 99 99 118 101 94 82 56 52 71 101 71 46 44 44 43 44 45
48 56 101 90 61 114 141 154 130 117 108 102 132 112 95 96 59 53 76 106 50 46 45 45 43 43 44
53 58 91 106 84 156 191 187 143 122 108 119 137 154 144 121 72 59 82 83 51 47 45 46 45 43 45
49 61 108 130 99 162 239 205 177 130 107 141 154 177 179 113 81 64 70 60 54 48 47 44 44 44 45
49 64 71 103 108 160 237 223 208 133 107 157 176 172 148 117 89 78 76 57 53 47 45 44 44 45 43
47 58 59 92 110 114 165 191 157 118 100 139 160 145 101 95 84 74 56 53 51 46 45 45 44 44 45
47 61 54 59 88 101 128 149 136 100 99 117 143 122 78 78 81 62 50 51 47 46 49 44 43 44 43
47 55 52 56 79 129 140 126 118 94 97 105 119 98 70 70 67 55 49 46 48 43 44 49 44 44 44
57 69 57 57 87 125 124 132 133 120 121 118 106 99 84 73 63 56 46 49 54 46 44 44 43 44 45
70 63 62 55 57 73 92 107 102 114 115 113 85 88 82 72 60 54 50 45 48 50 45 44 44 43 44
62 65 62 55 58 66 81 100 97 108 97 92 86 85 80 72 60 54 52 46 49 50 46 43 43 43 44
82 72 66 58 68 64 85 91 106 99 87 89 84 78 72 70 68 57 62 49 48 46 44 44 42 45 47
78 73 71 57 69 67 76 89 102 93 89 93 86 78 71 79 80 78 73 51 49 45 42 44 48 46 44
68 87 64 52 63 63 74 76 74 84 96 89 85 76 70 103 93 107 88 62 49 44 45 43 44 48 45
74 82 65 57 57 61 68 71 71 81 96 89 87 77 72 93 84 89 71 58 51 45 49 44 44 44 43
94 59 50 56 58 64 63 65 61 81 93 97 78 72 72 78 74 64 53 57 57 44 44 46 44 44 44
