43 44 46 47 50 91 188 208 56 47 46 47 49 52 69 162 154 63 45 46 45 44 47 45 44 44 43
43 47 53 48 55 72 157 414 79 56 52 50 53 65 235 579 145 64 47 44 47 50 45 45 45 43 44
46 44 45 45 45 68 57 78 50 44 45 50 47 49 101 145 66 52 44 44 45 44 44 41 43 41 44
47 44 44 43 44 70 54 51 46 41 44 49 45 43 51 56 69 52 46 41 43 44 43 44 40 43 50
42 46 45 44 46 68 57 46 46 44 42 44 49 45 46 47 64 49 43 44 44 43 44 42 43 44 40
42 48 44 44 47 125 76 47 46 44 42 44 49 46 45 47 81 54 44 43 44 44 41 43 49 44 43
43 44 42 46 48 153 88 48 46 45 44 44 45 45 46 52 95 63 43 43 44 44 44 43 43 44 49
42 43 42 44 56 138 84 48 45 45 44 44 46 45 46 58 92 77 43 43 45 43 44 40 43 49 44
43 44 42 44 78 127 86 48 45 45 46 44 46 46 46 61 95 85 46 49 46 43 44 42 43 44 44
43 44 45 45 91 104 89 49 46 45 45 43 46 51 47 61 96 94 51 48 46 43 43 43 44 44 42
43 44 46 49 150 165 143 61 49 47 46 46 46 48 55 78 106 112 66 48 50 45 43 43 45 46 44
44 44 46 63 197 192 159 90 52 48 47 47 49 50 52 95 117 141 90 51 45 44 44 45 43 44 49
44 44 46 59 191 193 143 79 54 49 48 47 47 50 60 93 122 152 131 50 44 44 43 44 44 43 44
46 46 46 55 149 148 144 75 50 48 50 48 49 50 57 96 118 142 104 46 44 45 44 43 44 42 46
43 44 46 47 130 130 127 59 51 47 45 46 47 48 54 97 133 149 80 43 45 46 44 46 44 43 44
43 44 45 53 106 118 102 54 53 46 45 46 46 47 51 76 136 141 72 47 45 49 44 43 43 43 46
42 44 45 51 81 85 68 55 48 44 45 44 45 47 47 55 104 118 50 45 42 43 49 44 43 45 43
43 43 45 45 62 87 59 47 46 45 44 45 45 44 45 49 80 81 44 45 42 43 50 44 42 44 44
43 42 45 45 55 97 60 48 52 46 44 45 45 45 46 51 89 73 44 45 50 44 43 44 42 44 45
43 44 50 47 60 104 95 52 48 47 46 46 46 47 54 56 120 89 45 45 50 44 43 44 42 44 45
43 46 52 48 74 138 124 72 51 49 48 48 49 51 53 90 116 108 47 43 46 49 44 43 44 43 45
50 46 49 48 102 176 202 127 63 51 51 56 53 56 84 140 138 125 51 46 47 46 45 43 44 46 45
50 47 53 49 142 276 246 166 97 58 56 59 58 62 126 163 171 140 64 48 47 48 45 44 42 44 51
46 55 58 52 133 263 236 198 135 63 57 60 64 81 218 192 179 136 71 51 53 47 45 45 44 44 43
51 54 72 56 142 257 258 217 222 72 62 64 66 104 236 178 191 153 71 54 51 49 44 45 48 45 44
46 48 70 68 118 218 204 170 172 76 58 60 63 108 202 200 169 137 71 51 50 50 46 44 46 45 46
44 51 105 58 102 163 184 166 119 81 58 59 64 119 136 183 143 99 56 49 52 57 46 46 44 45 44
47 106 156 72 100 197 239 221 144 112 68 66 78 168 182 223 186 125 57 53 94 103 47 45 44 45 46
59 129 84 83 82 186 199 210 179 104 67 72 81 167 162 153 140 100 54 54 61 96 66 45 45 45 42
46 55 75 56 75 155 160 146 134 100 68 76 68 124 124 123 112 80 51 51 55 52 46 44 44 44 45
46 46 57 55 85 139 157 157 172 159 105 107 114 151 138 144 124 82 53 49 62 85 49 45 42 44 50
51 48 58 55 71 116 157 208 207 197 145 157 147 183 158 180 123 76 56 52 57 122 47 45 45 46 46
48 51 61 52 60 82 119 187 196 210 179 167 174 189 159 142 105 71 51 52 52 63 45 44 45 43 45
46 50 56 51 57 72 118 168 165 205 170 189 183 184 137 116 93 64 49 51 53 52 45 44 45 45 42
47 50 59 55 56 78 105 145 180 203 144 172 188 207 121 101 80 56 51 46 52 53 46 43 44 44 45
46 51 63 59 57 69 116 150 156 159 100 115 134 153 107 80 67 53 45 48 50 59 52 45 44 44 44
45 54 70 59 75 78 109 119 115 107 78 68 84 97 78 78 55 49 44 50 49 51 54 44 44 47 46
46 76 101 52 60 64 80 93 104 77 72 68 76 78 72 60 51 48 44 46 57 56 46 44 44 52 45
46 52 80 53 50 54 66 106 112 101 91 76 78 73 62 54 48 47 45 48 55 51 46 44 43 46 45
44 60 111 71 48 53 59 89 95 87 76 73 76 71 61 49 47 46 46 43 51 51 46 43 43 43 44
49 49 96 59 55 53 62 93 112 92 79 101 89 77 69 53 51 47 46 43 62 45 46 52 44 44 50
47 61 180 81 52 54 64 105 127 117 114 84 83 74 59 54 50 47 49 46 58 46 44 44 48 44 44
47 71 358 141 50 57 71 117 124 125 106 108 108 96 64 55 52 48 50 56 69 49 43 44 49 44 44
47 50 95 109 52 61 87 162 147 129 97 97 113 85 64 58 51 49 49 68 173 59 56 44 44 44 46
44 48 92 81 56 56 78 118 114 116 110 110 108 84 64 57 51 49 50 97 236 75 54 45 44 44 44
46 48 95 108 56 58 90 119 116 108 88 92 104 97 68 58 49 48 49 121 161 59 47 53 45 44 46
45 51 108 91 53 71 108 131 133 110 88 95 103 108 91 62 53 50 50 110 115 51 46 44 44 44 44
43 49 80 82 54 92 121 155 132 103 92 101 118 100 96 71 57 52 60 111 82 46 45 44 44 44 42
46 50 62 63 62 112 141 164 140 127 100 106 125 104 92 81 58 53 68 103 63 49 46 44 47 44 45
46 46 74 72 73 131 159 166 138 128 108 106 140 120 96 88 58 56 72 96 53 47 44 44 44 44 45
51 50 63 71 95 165 259 224 145 133 110 125 140 162 130 111 74 60 75 74 54 48 46 45 45 45 48
50 49 62 73 132 175 351 259 181 134 110 147 158 221 176 114 83 66 69 57 56 49 47 45 45 47 46
48 53 60 78 104 152 326 250 209 133 108 157 179 194 144 117 83 78 68 53 55 49 46 45 45 45 46
47 50 56 65 82 109 201 203 152 110 100 145 163 141 102 99 78 72 52 52 52 49 46 43 44 44 45
50 47 53 53 66 85 122 151 120 91 94 114 148 116 76 76 76 57 47 50 50 46 47 44 43 44 44
46 49 51 53 73 115 144 127 111 93 102 102 122 101 71 70 63 56 45 48 51 46 46 44 42 44 44
56 58 56 53 80 115 141 141 134 122 123 120 111 105 89 77 63 56 50 49 53 46 43 44 43 44 45
63 55 56 57 57 74 105 114 109 116 110 113 93 93 84 76 61 54 52 49 51 46 43 43 44 44 44
62 63 65 57 58 67 88 108 104 107 99 100 89 86 84 71 61 55 54 49 49 48 46 43 44 44 44
84 70 68 59 69 67 92 95 110 99 97 87 84 78 72 70 69 58 60 48 49 44 44 48 44 44 44
85 72 71 56 68 68 82 91 108 97 90 83 85 75 68 80 79 77 71 52 49 46 42 44 48 47 44
72 90 63 52 67 64 76 77 79 81 84 87 81 68 68 101 87 103 89 59 52 45 42 44 48 45 43
78 84 61 56 58 62 68 70 66 79 93 77 74 68 69 88 80 87 69 57 50 45 50 44 42 44 43
97 56 48 53 59 61 60 63 59 76 81 82 68 67 71 70 71 62 54 57 53 44 48 44 43 43 43
