47 45 44 45 69 94 134 119 59 49 46 44 46 48 45 45 45 84 167 127 48 45 45 42 43 44 44
45 45 45 47 48 65 204 316 94 51 50 48 48 47 48 53 48 254 390 132 48 43 45 49 45 43 46
41 43 48 44 43 44 63 56 48 45 45 46 46 44 44 43 42 66 76 56 44 42 43 44 43 43 46
44 44 45 49 44 46 165 47 44 44 44 44 46 44 44 44 44 48 54 62 44 43 44 43 40 43 49
43 47 46 46 47 46 281 61 46 46 43 44 50 44 43 44 40 47 64 137 45 43 44 43 44 42 44
43 44 45 45 51 61 359 104 47 47 47 43 46 50 46 46 46 49 99 300 58 45 45 46 41 44 49
44 44 40 44 45 49 110 60 46 46 46 46 48 45 46 46 46 47 80 308 58 44 44 42 44 48 45
43 46 43 43 44 46 103 57 45 45 44 44 44 44 44 44 43 46 54 96 46 43 43 44 42 43 42
43 44 44 44 47 54 154 79 45 45 44 44 44 44 46 44 44 46 70 146 48 43 43 42 43 44 43
43 44 44 41 45 57 133 76 48 46 46 46 45 45 49 46 45 50 118 224 65 50 45 44 45 42 44
43 44 44 43 46 56 117 87 49 47 46 46 46 45 50 47 46 49 107 182 70 53 43 44 42 43 44
42 45 45 47 46 51 94 69 49 50 45 44 46 44 45 48 42 45 70 108 47 44 42 43 43 44 44
46 46 46 44 46 80 255 202 76 50 49 46 46 46 46 46 46 57 152 191 84 47 44 44 44 44 45
44 44 45 45 45 67 167 151 94 51 49 50 47 45 47 49 49 71 247 276 144 49 45 43 44 45 46
43 42 44 43 45 46 65 59 53 45 44 44 43 43 45 44 43 49 76 93 59 51 44 43 43 42 43
42 43 45 44 45 62 127 122 59 46 46 43 45 44 45 45 44 45 62 76 48 44 47 44 44 43 42
43 46 45 46 45 59 167 128 73 53 47 46 46 44 46 46 47 50 99 169 62 46 51 48 43 44 43
43 42 44 43 44 45 54 56 52 45 44 44 43 43 45 44 46 48 58 75 49 44 44 47 43 43 44
45 44 45 43 44 44 45 46 43 44 48 44 43 44 43 43 43 44 42 46 49 43 43 44 42 43 44
43 43 49 44 44 49 45 57 47 45 45 42 44 47 45 45 43 46 50 46 45 47 44 44 43 42 43
44 40 44 46 45 51 56 82 67 49 45 45 45 42 45 52 43 57 63 51 47 45 44 46 44 42 43
44 45 46 43 43 44 46 53 55 44 45 48 44 43 44 44 44 49 63 51 45 42 43 44 42 44 49
42 44 44 48 45 43 51 82 97 61 48 46 46 49 45 44 47 56 72 55 46 44 43 44 46 48 44
43 49 46 45 47 47 101 143 201 159 83 54 53 53 50 58 88 127 126 105 67 46 46 46 44 46 45
42 46 50 45 46 48 68 103 173 135 85 56 52 52 52 67 106 141 153 132 66 52 48 46 46 44 43
43 44 40 44 46 44 54 53 60 57 52 46 46 42 45 52 53 64 63 56 50 45 46 43 44 46 44
43 46 46 45 50 49 108 156 203 174 111 71 57 55 57 88 115 106 115 88 70 49 48 51 45 45 44
45 48 51 55 59 63 189 284 346 299 223 142 97 85 111 184 273 291 262 230 172 63 56 63 50 47 44
44 47 46 60 51 56 74 106 138 102 88 78 64 59 85 111 125 148 132 123 83 49 50 70 61 46 44
44 44 51 51 49 56 85 133 107 111 93 88 66 61 78 92 80 90 87 81 57 48 47 47 46 45 45
43 46 109 56 51 86 110 136 116 135 120 111 109 106 105 137 118 118 106 115 70 64 48 48 46 47 42
46 43 49 48 51 54 69 140 152 132 118 121 116 145 126 160 120 111 117 129 70 62 51 54 59 44 46
46 54 44 46 51 46 52 62 89 165 147 141 84 107 104 157 109 124 90 75 52 59 56 50 70 45 45
48 49 49 62 75 60 66 150 239 275 254 266 229 240 238 238 175 199 133 74 54 56 65 70 49 46 47
45 47 50 93 178 69 67 150 187 238 226 270 281 354 275 235 187 174 141 96 56 60 186 330 51 47 47
44 45 46 51 86 46 52 72 103 134 143 198 207 245 196 148 123 96 70 61 46 50 75 79 48 44 44
43 43 44 49 54 46 55 79 107 100 98 100 116 130 99 89 87 81 68 50 47 44 49 53 44 46 48
45 47 53 48 56 45 51 82 87 90 97 101 97 104 93 103 82 84 78 56 51 46 57 49 43 44 47
44 43 52 45 46 44 47 49 55 63 70 65 57 63 63 63 64 59 50 45 44 44 60 51 44 46 46
43 49 44 44 49 45 46 50 50 81 80 60 52 59 53 64 68 56 47 43 45 49 46 44 43 42 43
50 44 43 44 46 44 46 47 47 60 63 56 51 64 48 54 62 51 50 42 44 47 45 44 41 43 47
44 50 44 43 46 44 44 44 45 48 55 52 50 63 48 46 54 44 49 42 43 44 49 44 43 44 46
43 51 44 43 53 45 46 49 50 59 86 76 71 97 62 62 66 49 46 48 42 45 46 45 45 43 45
40 44 49 44 46 44 46 45 46 50 58 62 52 50 49 51 51 44 44 44 44 46 46 44 46 44 43
43 44 42 46 48 45 52 46 45 51 76 77 59 50 56 67 49 46 44 44 45 46 45 42 43 47 44
42 47 45 44 55 42 46 51 46 48 60 71 63 52 55 56 47 45 44 44 45 46 47 48 44 45 44
43 45 50 49 733 73 46 49 50 57 79 91 101 85 82 73 59 51 49 50 47 97 77 47 44 44 41
49 47 50 68 238 153 54 53 59 78 126 146 154 128 114 114 93 63 55 51 53 226 95 49 46 45 43
44 42 45 49 101 57 47 47 50 61 92 103 116 91 89 86 66 55 49 45 49 124 57 45 44 44 45
42 44 44 46 53 46 48 48 49 57 81 106 138 92 84 71 58 51 48 45 48 51 47 46 42 44 46
45 48 46 52 68 57 54 63 88 121 211 302 351 280 210 209 132 92 70 57 49 57 53 53 46 43 47
44 46 46 48 59 50 51 57 82 126 191 246 251 208 167 161 108 94 69 54 50 53 49 51 46 45 47
42 48 43 44 48 44 46 46 52 74 98 106 94 73 69 73 66 58 49 45 45 45 45 46 45 44 44
43 48 46 46 57 46 54 65 102 233 233 206 155 129 110 145 162 94 61 55 49 51 50 54 46 44 45
45 53 51 50 60 52 56 72 106 296 332 251 199 159 127 201 271 138 85 67 51 55 53 53 46 46 49
43 44 45 50 47 43 46 47 50 68 88 87 72 59 62 87 97 58 54 46 46 47 47 44 44 43 43
42 42 44 44 45 44 44 45 49 48 49 53 51 47 49 50 50 47 47 46 48 44 42 43 43 43 44
45 45 52 46 49 47 53 66 67 76 93 103 83 84 90 120 118 98 97 76 50 52 47 45 44 45 46
51 49 54 47 52 51 65 83 84 99 117 121 113 112 127 151 158 152 129 107 63 56 50 48 45 44 44
62 45 44 44 46 45 50 59 56 61 61 66 67 65 70 80 87 94 84 69 59 56 47 48 46 45 46
52 47 50 46 46 46 52 56 54 51 57 64 62 58 65 74 82 93 78 64 61 63 45 47 49 48 43
49 66 62 59 71 72 93 100 88 93 110 118 110 100 131 177 194 257 166 100 76 83 74 48 46 53 47
51 77 68 74 75 73 86 96 95 97 110 113 104 93 119 164 161 173 106 83 65 74 74 51 45 49 47
52 50 42 48 60 56 56 62 56 64 71 76 64 68 75 86 79 76 58 60 56 68 53 50 46 46 50
