43 44 44 42 44 47 44 45 46 58 60 67 52 47 44 44 42 48 46 43 44 42 44 43 44 44 41
45 44 46 42 44 44 44 45 43 95 146 79 48 46 46 44 41 43 46 43 45 44 44 43 43 44 47
43 49 47 43 44 43 44 44 44 49 61 105 63 47 44 43 40 42 42 46 42 42 44 43 43 41 44
41 44 49 44 45 44 43 44 46 50 54 122 181 80 48 45 43 44 43 45 44 42 43 43 43 44 44
43 44 46 44 46 44 43 44 44 47 49 118 121 91 52 45 44 43 44 46 45 42 43 42 43 44 42
43 43 44 43 44 47 44 42 43 44 45 70 65 49 49 44 43 46 44 42 43 42 43 43 42 43 48
43 43 45 44 43 41 44 42 45 51 50 76 99 108 46 46 44 43 43 42 43 43 43 43 41 44 48
47 44 48 44 46 44 46 46 50 52 61 144 347 169 54 52 46 50 44 42 44 41 44 43 44 45 44
44 44 44 43 44 40 44 44 48 44 51 52 63 54 44 44 42 43 47 41 43 43 43 44 41 44 48
43 47 44 45 44 42 46 44 44 46 59 73 63 47 44 44 39 43 43 44 42 42 43 43 43 41 44
43 45 45 46 50 45 51 48 54 54 112 136 80 50 48 43 42 43 44 43 44 45 44 42 43 43 44
42 45 45 44 46 44 46 49 47 60 117 93 54 49 44 45 43 44 44 46 45 42 43 43 43 44 42
43 48 44 42 44 45 45 45 46 61 64 49 46 44 44 42 42 46 44 44 44 42 43 43 42 44 41
44 45 46 44 45 50 52 69 112 215 144 68 52 51 48 46 43 44 43 43 47 44 43 43 42 43 45
45 45 47 46 47 61 102 112 321 273 199 72 60 57 54 51 44 44 41 44 43 44 48 44 42 45 43
43 43 44 44 45 50 114 159 159 125 77 51 49 48 48 45 45 44 44 40 44 41 44 48 44 43 44
44 46 44 46 46 55 128 472 152 135 67 53 52 52 50 48 46 45 44 40 45 42 44 48 44 43 44
44 46 45 46 49 57 168 387 239 119 79 54 53 52 51 49 46 45 48 43 44 44 41 44 48 44 43
44 45 46 43 46 55 203 170 156 60 62 49 47 48 46 46 44 43 43 43 45 41 44 48 44 44 44
43 39 44 48 45 54 78 59 59 57 46 45 47 44 45 44 42 43 43 43 41 43 48 43 43 43 42
44 44 41 46 58 205 223 84 69 73 54 49 48 47 47 47 44 43 44 44 44 44 41 43 48 44 43
46 52 48 48 59 474 454 184 118 105 65 56 56 53 51 50 46 46 44 48 43 44 45 43 44 44 45
40 43 49 44 45 79 92 81 65 59 52 50 47 48 45 43 44 43 43 44 44 43 44 43 47 44 42
43 44 44 45 48 88 106 99 102 87 58 60 52 49 48 45 43 43 44 40 44 46 44 45 44 42 43
44 48 49 48 53 136 197 174 192 165 150 97 72 65 56 53 48 44 45 46 44 46 44 44 44 44 44
44 48 48 46 50 96 143 157 176 154 137 118 100 66 57 56 47 44 43 43 44 44 43 44 47 44 44
43 52 44 45 45 49 60 70 77 78 69 72 74 61 50 46 47 44 42 43 43 43 44 43 43 43 44
45 49 52 52 51 60 85 128 235 230 225 213 157 136 99 64 52 47 48 44 45 44 43 44 44 44 44
48 59 53 59 58 64 98 237 306 336 325 247 237 208 158 99 62 49 45 46 45 46 45 44 44 44 45
46 54 53 55 50 55 63 101 134 195 219 194 206 226 170 123 68 51 44 47 45 45 44 43 44 44 44
44 48 49 50 48 51 50 55 62 84 115 142 193 202 164 110 59 52 44 45 44 42 44 43 43 44 42
45 47 50 50 49 50 52 60 81 113 106 124 150 212 156 138 86 72 44 44 45 42 44 43 44 44 42
46 47 51 48 48 50 53 59 68 102 103 110 157 225 178 181 97 69 48 44 46 44 43 44 43 44 45
44 46 54 51 48 50 51 54 59 83 108 114 170 185 189 178 97 84 51 44 45 44 42 44 43 44 45
46 47 50 52 50 52 50 56 65 69 82 172 186 272 221 230 146 79 46 42 44 42 44 48 44 44 44
46 47 49 51 48 50 52 55 58 66 77 148 182 230 198 161 137 101 46 41 45 44 44 46 44 43 44
43 46 47 50 48 49 50 50 56 64 72 92 199 192 152 140 127 107 48 43 44 44 42 43 47 44 43
44 45 47 46 46 47 47 49 48 55 61 72 117 159 141 132 114 67 44 44 44 46 44 42 43 43 44
42 41 45 49 45 44 45 45 46 49 50 59 78 91 83 83 76 53 44 44 42 43 47 44 42 43 43
43 45 40 45 50 45 46 46 46 49 59 69 76 87 74 76 76 56 44 43 44 43 46 43 42 43 44
43 47 46 44 45 44 45 46 46 49 60 66 77 86 68 72 67 56 43 46 42 43 44 43 44 45 44
41 44 48 45 43 44 44 45 46 46 49 53 62 77 75 72 61 47 44 42 43 46 42 42 44 42 43
44 46 51 48 45 48 48 49 52 55 59 69 119 162 140 146 95 53 44 40 44 49 44 44 44 42 44
44 49 48 50 48 51 55 62 58 62 66 83 165 192 149 169 121 53 44 43 44 44 46 42 44 48 44
43 43 46 45 46 52 50 55 51 52 56 60 97 107 131 152 85 45 43 43 44 44 41 43 48 44 43
43 44 44 47 44 47 60 66 55 49 50 52 62 78 86 102 75 45 42 43 44 43 43 43 42 44 49
44 43 47 52 48 76 130 142 111 68 60 64 79 103 107 115 99 45 50 44 44 44 43 43 44 44 44
46 47 46 50 56 151 170 165 115 103 74 70 97 126 122 132 110 47 44 48 45 45 45 44 44 44 45
44 46 44 46 54 112 110 94 84 74 64 62 69 93 91 115 69 44 44 49 44 44 44 42 43 44 44
45 48 49 48 74 126 74 65 95 106 108 90 110 137 142 139 68 47 44 43 48 44 44 44 42 43 44
50 58 60 70 225 204 83 95 253 290 257 253 175 225 212 179 91 58 47 45 46 45 47 47 45 45 45
50 54 64 66 112 73 64 72 137 226 254 322 281 243 194 125 64 53 50 45 46 45 44 44 44 45 47
46 49 54 65 51 49 53 53 64 86 126 185 176 126 84 63 48 46 49 44 44 44 43 43 44 43 44
54 67 191 411 62 63 62 72 89 180 320 359 352 290 188 94 68 53 46 44 46 43 46 49 44 45 46
124 234 277 179 63 67 71 79 102 281 375 405 343 296 187 95 68 54 46 42 46 49 46 46 45 45 46
55 64 69 67 55 58 58 63 76 156 308 330 248 156 88 71 56 48 45 44 45 44 45 44 46 44 44
52 50 48 47 47 49 47 49 50 50 67 103 66 53 50 46 45 44 44 42 44 47 44 42 43 42 44
75 50 56 64 63 58 63 59 61 63 68 85 69 59 53 50 46 46 44 44 42 44 49 44 44 43 43
69 88 67 91 99 85 89 92 84 78 75 80 66 68 66 57 53 49 48 48 51 48 50 46 43 43 44
80 67 57 62 66 63 72 84 74 62 63 61 56 55 54 53 56 53 51 51 46 53 50 48 44 48 45
71 56 58 57 55 56 68 73 65 53 55 59 55 52 53 52 55 56 55 46 45 55 47 49 44 46 46
88 101 94 93 100 95 122 118 92 69 70 73 63 58 63 64 69 76 65 48 49 59 50 47 42 44 50
116 140 132 133 123 128 138 132 110 81 75 77 69 66 68 78 79 81 64 56 60 60 55 42 44 51 53
74 64 64 62 74 81 79 72 66 60 58 59 52 54 59 58 60 55 48 52 52 57 44 44 48 48 62
