42 43 44 44 42 43 48 44 46 44 42 43 44 43 44 44 40 44 48 43 44 43 42 43 43 43 44
43 42 46 44 43 44 48 85 121 44 44 50 45 43 44 45 51 66 48 45 44 43 44 43 42 43 45
43 44 44 45 46 45 54 230 508 70 49 49 48 47 48 47 126 264 127 53 47 46 46 47 44 43 44
44 43 43 44 45 44 59 102 103 53 46 45 46 45 45 46 59 104 358 63 45 45 45 44 44 44 45
41 43 43 43 44 43 45 49 46 46 44 42 44 44 44 44 44 45 73 46 43 43 43 43 46 43 42
43 42 44 43 44 44 55 82 46 44 47 44 43 43 44 44 42 44 52 46 43 43 47 43 42 43 44
43 44 43 46 48 52 63 142 52 45 46 45 45 46 46 45 45 46 81 64 45 43 42 43 48 44 43
45 45 42 49 46 47 63 142 55 43 46 42 46 44 46 44 46 54 185 127 46 43 44 43 43 46 44
43 43 44 48 44 49 50 50 45 40 44 43 45 43 44 43 42 48 62 70 45 43 44 44 43 45 44
47 44 42 44 44 43 96 111 57 46 46 46 45 43 44 44 43 46 80 92 44 44 43 45 44 43 46
43 44 45 45 48 46 209 294 120 51 50 45 48 51 48 48 50 69 264 392 53 45 45 46 42 44 48
43 48 45 45 45 45 92 149 83 50 46 47 51 46 46 48 50 80 285 456 66 45 43 44 49 44 44
43 44 41 44 45 44 66 76 52 46 45 43 44 44 43 44 43 47 91 113 49 44 41 43 49 45 42
43 46 42 44 42 46 175 167 130 52 46 46 46 44 46 50 47 67 136 134 58 47 45 41 44 48 44
43 44 42 45 51 51 180 183 149 61 50 48 47 47 52 49 51 128 207 237 90 46 45 44 44 42 44
43 44 44 44 47 45 71 102 87 50 47 44 46 50 46 45 46 78 163 197 81 44 44 43 43 44 42
43 43 46 43 46 49 104 127 74 46 45 45 45 45 45 47 45 50 71 78 48 43 44 43 43 44 41
43 46 47 46 47 51 220 268 176 56 51 48 45 47 52 52 51 61 122 170 67 46 46 45 43 44 44
42 44 44 44 43 44 85 104 82 48 47 45 46 45 45 47 48 53 111 134 59 46 44 44 41 44 49
44 43 47 42 44 44 45 51 57 45 44 44 43 43 44 44 44 45 60 54 44 43 43 43 43 42 44
43 43 44 43 45 45 48 69 89 59 46 46 45 43 44 46 44 52 61 51 49 44 43 43 42 43 44
42 44 45 44 43 45 72 132 164 83 51 50 48 48 48 49 54 106 139 66 50 49 45 45 44 44 44
41 44 43 44 46 44 49 64 97 62 54 46 46 46 46 48 52 96 138 95 52 44 43 44 44 46 44
40 43 49 43 43 45 44 52 68 52 49 45 45 46 45 44 45 51 54 54 48 43 43 43 43 44 43
43 42 45 50 46 47 60 129 219 182 113 58 51 52 53 59 74 105 107 70 50 48 46 45 44 42 45
44 50 46 45 48 49 68 165 228 218 157 81 62 61 59 115 186 219 211 158 82 53 50 46 44 45 46
43 43 51 45 44 45 50 58 68 64 58 51 49 47 50 67 89 93 110 123 83 45 47 45 43 44 44
43 44 45 46 47 48 62 114 126 106 90 68 52 50 52 75 90 93 79 92 63 49 51 43 44 47 44
48 44 45 65 51 62 76 130 126 111 96 82 61 55 68 99 100 108 96 100 66 51 49 47 43 46 44
41 44 55 78 52 60 49 72 74 71 68 62 51 53 57 78 80 80 83 78 57 46 47 52 51 57 46
43 49 50 44 45 44 45 51 51 54 56 56 50 54 48 61 56 54 55 54 45 45 43 45 53 62 44
47 60 87 51 50 51 65 132 152 162 165 156 84 99 112 193 135 114 98 74 48 57 51 47 49 49 47
45 51 53 50 50 53 58 112 156 185 181 191 172 163 151 208 159 136 131 96 52 63 56 47 59 50 49
46 48 47 46 50 50 45 66 101 104 110 128 130 128 136 129 91 104 74 56 47 55 63 46 68 53 48
44 44 43 55 63 50 48 82 103 100 101 100 115 123 116 100 86 84 98 61 47 49 74 53 49 45 44
43 44 45 54 84 51 50 79 101 105 109 118 108 120 119 96 89 79 75 63 46 50 81 131 65 45 44
43 44 44 43 48 50 46 50 60 63 77 84 77 95 91 75 66 63 57 51 50 45 49 73 50 49 45
43 45 45 53 49 51 52 54 78 101 119 136 132 135 122 124 109 82 59 48 45 47 52 52 42 45 49
45 45 50 45 54 54 46 59 89 108 128 138 132 185 124 108 97 79 71 51 45 47 78 88 46 42 45
44 50 43 44 48 46 44 43 51 66 71 60 52 56 55 61 61 54 48 44 42 43 59 57 44 41 44
44 50 46 44 60 52 49 46 48 76 70 58 56 65 51 57 59 53 45 39 44 49 55 51 44 43 44
42 46 44 45 90 69 46 51 52 81 91 75 81 82 66 63 74 54 47 45 45 45 98 69 46 44 46
42 45 44 43 51 46 45 49 45 48 56 53 56 62 51 52 53 44 42 44 42 44 61 50 43 43 44
43 44 44 44 73 84 44 46 52 65 83 96 75 61 61 64 57 48 46 42 46 57 70 44 43 43 44
42 49 48 44 189 186 51 51 52 76 130 128 116 87 94 103 76 58 50 47 56 85 196 48 43 44 45
43 44 49 44 63 66 44 44 45 46 55 69 63 52 58 58 49 46 45 44 44 70 101 44 42 43 43
46 44 46 46 179 648 58 53 56 66 105 106 108 88 98 96 79 59 52 49 46 115 515 49 45 46 45
51 46 48 65 127 136 73 60 58 76 122 132 154 134 115 119 112 68 57 47 49 153 168 55 49 42 44
47 44 43 45 67 64 52 49 50 62 99 113 120 97 92 91 72 57 51 45 46 103 77 47 47 44 45
43 48 45 44 50 52 46 47 49 57 83 103 109 87 85 76 62 53 48 48 42 49 50 45 44 44 44
45 51 48 55 65 84 57 67 89 120 204 264 295 241 204 223 182 119 73 56 47 63 68 51 49 46 44
44 45 45 49 58 59 54 59 81 122 204 240 226 198 157 181 148 142 89 55 48 55 60 48 48 48 46
43 45 45 45 45 49 46 49 59 82 124 138 122 95 95 103 108 93 54 48 46 49 51 47 45 46 44
44 47 49 47 55 55 48 61 88 163 216 200 152 147 120 151 220 153 69 60 48 51 66 47 46 46 43
45 51 49 49 56 58 53 69 96 198 254 225 174 166 132 177 268 187 101 84 49 51 60 49 46 46 45
44 43 45 52 46 46 46 47 50 57 70 85 68 63 71 89 99 66 57 54 46 47 48 44 44 44 44
43 45 45 44 45 46 44 49 46 46 49 53 50 50 51 55 52 49 50 48 44 44 44 44 42 43 47
49 44 48 46 48 49 46 57 63 64 70 78 69 73 78 93 99 86 89 74 47 47 48 45 44 42 45
52 50 48 47 51 53 57 79 80 88 104 108 105 108 120 136 145 141 124 110 61 54 54 47 46 44 45
60 45 45 45 44 47 53 61 56 60 63 70 71 70 76 92 87 97 90 66 62 62 51 47 45 44 44
54 44 45 44 46 44 51 58 51 51 56 57 60 59 62 71 78 89 75 61 62 62 51 50 44 50 44
46 56 55 51 62 65 84 91 81 77 94 101 98 87 112 153 162 206 135 81 73 70 68 50 44 47 47
47 63 62 69 74 78 88 105 102 95 108 113 97 94 122 174 167 193 110 84 68 63 68 49 45 49 45
51 49 46 47 57 59 58 66 56 66 74 78 64 72 78 90 90 90 63 61 60 70 56 45 44 46 52
