44 42 44 43 45 46 52 52 47 46 46 45 44 45 46 46 52 63 67 63 51 45 47 43 42 43 44
43 42 46 43 46 46 57 65 51 45 42 44 44 44 47 44 53 56 87 94 61 43 43 43 43 41 44
42 43 44 44 41 46 91 127 45 44 43 44 44 43 44 47 43 44 71 74 51 48 43 43 43 42 43
43 44 44 44 45 107 188 383 58 46 45 46 46 47 46 43 45 52 166 89 54 46 45 43 44 43 45
42 43 44 43 45 92 141 69 46 43 45 44 44 44 42 44 44 49 161 122 124 44 47 44 43 43 44
42 43 44 44 44 46 56 45 44 46 44 42 44 43 44 44 43 47 56 98 90 42 43 42 43 44 41
43 46 44 44 44 57 99 50 42 44 48 43 44 44 43 43 42 44 47 55 51 43 42 43 42 43 44
44 43 48 48 45 71 222 85 45 44 42 44 49 44 44 44 43 45 63 111 54 44 42 43 43 44 44
43 44 43 44 44 56 138 71 49 45 45 44 44 44 44 44 47 46 119 295 78 43 44 46 43 44 44
45 43 42 43 43 46 64 49 44 44 44 43 44 43 43 43 44 43 49 85 61 42 45 47 43 42 43
42 43 43 43 44 78 191 77 46 49 44 43 44 43 44 44 43 43 62 80 48 44 42 43 47 44 43
43 44 45 44 50 97 275 195 48 47 46 46 46 46 46 45 47 49 154 261 78 48 45 43 43 43 44
43 39 45 48 45 60 83 74 47 45 45 44 47 44 45 44 44 48 190 244 99 45 51 44 43 44 43
42 43 39 44 49 64 103 84 49 44 44 44 45 44 44 44 42 44 63 72 51 44 48 43 42 43 42
44 48 45 44 47 127 236 176 95 48 48 46 48 46 44 46 45 66 118 135 58 44 45 44 44 43 44
40 44 49 45 45 76 180 160 88 48 47 46 46 48 46 46 47 123 184 218 98 46 44 44 45 44 42
42 43 44 44 43 48 88 68 50 45 43 44 45 44 45 44 45 68 112 139 61 47 44 44 43 42 43
42 43 44 44 44 50 149 112 59 47 45 44 44 44 44 45 44 47 72 72 46 44 44 46 43 44 43
42 43 43 44 45 46 138 134 63 47 46 44 45 45 45 46 46 60 129 114 49 48 44 42 43 43 44
42 44 44 44 44 43 53 66 51 45 42 44 49 44 43 44 43 52 80 61 45 46 44 43 43 44 47
42 43 42 43 43 44 50 60 51 44 43 43 44 43 44 44 45 48 52 46 43 43 44 42 43 47 43
42 43 42 44 47 46 51 89 84 48 46 44 46 42 45 49 44 65 79 50 45 45 44 43 43 43 44
43 44 42 44 48 44 51 68 84 55 47 45 46 44 45 48 50 86 88 61 50 45 44 42 43 43 44
42 43 44 42 44 46 47 53 63 53 46 44 44 44 42 44 46 61 57 45 46 43 43 43 41 44 43
42 43 44 44 45 43 47 58 90 75 54 44 46 45 45 47 53 66 56 49 45 42 44 43 44 44 41
42 46 45 45 46 46 50 80 123 125 92 50 48 48 47 67 93 101 92 56 49 46 44 44 43 44 44
43 43 45 47 44 45 50 51 65 66 56 46 50 45 44 63 73 73 73 50 50 44 43 43 43 43 44
43 42 46 44 44 44 43 57 64 62 56 46 44 45 45 57 63 63 56 44 45 41 44 48 43 43 43
46 46 49 45 45 46 55 81 80 76 71 50 46 47 48 66 72 71 63 52 45 45 44 46 44 43 43
51 51 53 45 45 47 55 73 68 73 60 48 47 47 48 68 68 72 69 62 46 45 43 46 50 46 42
43 43 47 44 44 44 49 63 62 64 62 56 46 46 49 62 64 69 62 56 45 46 44 43 44 50 44
44 42 46 53 45 43 54 94 78 81 78 64 57 53 50 76 71 69 61 49 44 45 49 44 43 45 43
44 45 44 54 51 47 59 97 117 149 135 122 105 110 97 122 99 92 104 67 48 51 55 46 43 47 44
47 45 45 51 50 46 51 78 87 125 120 134 145 163 133 129 98 97 85 61 47 49 53 50 46 52 45
42 44 50 48 45 45 46 64 75 85 94 104 106 111 111 97 72 68 53 48 46 46 48 43 45 48 44
48 45 46 49 45 46 54 72 102 106 104 129 120 125 110 89 78 72 61 45 46 47 49 46 42 44 49
43 47 46 49 46 44 54 78 91 97 99 97 109 105 84 82 75 67 64 47 46 46 48 46 45 44 48
43 44 46 50 46 44 47 62 74 84 81 94 86 93 88 78 75 71 63 46 45 47 46 48 50 44 45
44 46 51 48 45 45 47 65 84 89 95 88 101 93 82 68 61 54 50 44 45 46 49 53 41 43 48
43 51 120 60 44 46 53 64 87 96 94 99 117 90 75 89 73 63 48 46 46 48 70 99 45 48 44
44 48 117 69 52 46 48 54 89 99 92 96 135 92 71 76 72 57 48 47 46 53 148 239 43 44 44
42 46 55 54 50 44 45 46 52 58 59 58 80 59 54 51 46 44 43 49 45 48 98 95 43 44 43
42 45 98 98 53 52 48 50 74 87 92 76 69 66 62 55 47 46 44 46 46 61 92 59 44 42 43
44 46 155 148 70 56 52 59 83 128 114 113 93 85 77 69 56 54 48 46 48 154 188 72 43 44 44
44 45 104 153 65 46 49 54 60 108 117 106 93 86 75 69 51 49 52 46 58 237 251 58 44 44 44
45 44 64 635 63 46 48 51 56 86 97 103 83 79 70 61 47 49 52 46 51 280 283 49 44 44 45
46 45 70 377 120 57 54 73 99 172 190 179 170 151 124 88 60 54 51 46 63 174 164 54 44 44 45
46 51 60 119 76 59 62 86 115 175 236 236 256 228 176 126 81 59 55 54 71 161 122 56 44 43 45
42 44 47 56 54 46 49 63 65 95 130 104 110 110 83 74 53 49 47 46 52 75 58 48 46 44 42
44 44 47 51 49 47 52 71 87 96 109 104 120 85 80 72 59 50 46 46 49 52 52 46 44 44 42
46 44 51 61 76 62 78 131 138 138 128 152 157 127 106 121 96 63 59 55 80 60 55 48 43 44 44
45 44 49 59 76 60 109 168 200 165 141 154 137 120 125 142 95 76 64 58 82 63 54 47 43 44 44
44 44 46 49 49 47 58 86 136 119 87 86 78 76 89 108 72 58 53 47 53 49 48 48 44 42 44
46 45 51 54 52 64 92 121 193 208 126 128 97 95 132 152 74 63 53 51 51 51 52 46 44 47 45
51 46 48 56 51 78 100 118 135 162 135 127 99 95 125 120 71 64 59 53 48 51 50 47 42 44 47
44 48 45 46 45 47 51 57 60 63 69 70 63 64 62 58 50 49 51 46 45 46 45 42 43 43 44
43 45 45 45 46 53 50 60 59 54 56 62 56 57 55 64 55 57 58 50 46 43 44 43 43 44 42
50 48 48 50 55 62 74 80 77 80 80 83 74 80 83 90 83 75 69 57 50 48 46 45 46 44 44
57 46 56 61 66 76 93 106 95 93 95 101 97 99 103 105 98 96 83 70 70 55 52 44 44 47 46
76 45 46 53 57 56 66 81 71 68 72 76 76 75 76 80 79 85 69 67 61 53 48 47 42 44 46
63 45 47 50 56 51 57 65 58 56 60 64 63 65 63 71 75 86 66 64 50 49 46 48 45 44 46
52 57 75 63 77 73 90 90 83 80 84 99 84 79 94 130 124 166 102 63 57 56 54 46 45 44 47
64 73 79 80 94 104 105 112 111 96 108 124 92 95 126 169 148 171 95 79 75 69 63 47 48 46 56
49 50 53 59 64 70 72 72 71 69 79 88 68 76 86 93 96 89 58 64 61 63 50 43 45 47 56
