43 48 44 44 44 42 43 44 44 44 42 46 47 44 45 43 42 42 45 44 44 45 43 44 50 45 43
43 43 41 44 42 43 48 43 43 44 43 44 44 44 45 43 41 43 43 43 44 43 44 42 44 46 46
42 43 43 43 47 44 42 43 43 43 44 42 44 48 44 43 43 42 43 48 44 42 43 42 43 44 42
42 43 45 42 44 48 44 43 44 42 43 44 43 44 44 44 43 43 44 47 44 42 43 42 43 44 42
42 43 44 43 44 47 44 42 44 43 44 44 42 45 49 44 42 43 44 43 49 43 43 43 42 44 44
42 43 44 44 41 43 48 44 43 43 43 43 44 42 44 47 42 43 44 47 44 41 43 43 43 44 41
44 41 43 45 44 44 41 44 50 45 42 43 43 44 44 42 46 43 44 43 42 43 43 43 44 41 44
42 43 42 44 44 44 44 46 46 44 44 42 44 42 44 42 40 43 44 44 44 43 43 43 44 44 44
42 42 43 43 44 47 44 48 47 42 44 40 44 43 44 43 42 43 49 44 42 42 43 43 45 42 43
42 43 43 44 47 44 43 47 63 46 44 42 44 49 44 42 42 43 44 48 44 43 44 43 44 45 44
42 43 44 44 45 42 47 75 203 53 48 46 47 47 45 45 44 44 43 45 42 43 49 44 43 44 42
42 42 43 43 46 44 46 123 163 52 48 47 46 45 46 46 43 45 44 45 49 44 44 44 44 44 44
42 48 44 42 44 42 43 51 52 45 43 44 46 43 42 43 42 43 40 43 50 43 43 43 42 43 44
43 44 48 44 44 47 56 228 403 78 61 55 54 54 49 48 46 46 47 45 46 48 45 45 44 42 44
43 48 44 42 44 44 51 135 229 97 56 52 51 48 46 46 45 49 44 45 45 44 45 46 44 44 44
46 43 42 43 43 43 45 50 53 50 46 46 45 42 44 43 44 43 46 41 43 44 43 44 44 43 45
42 43 44 44 44 43 44 46 55 65 51 54 47 46 45 43 44 44 47 42 44 44 43 44 46 43 44
43 46 44 42 43 43 49 49 52 76 87 74 66 59 51 52 47 48 46 50 43 44 46 44 44 45 46
40 43 43 44 44 43 45 44 46 51 54 59 68 73 75 79 54 50 51 47 44 44 52 44 45 44 42
42 44 40 43 45 43 47 44 42 44 46 45 46 44 63 79 53 46 45 45 45 43 44 44 43 45 44
43 44 44 44 44 44 47 49 49 50 48 48 49 51 112 175 203 130 132 70 49 46 46 46 43 45 44
44 45 48 46 47 45 49 54 55 58 57 54 57 64 102 204 324 362 412 265 123 56 51 46 45 45 43
44 44 46 44 45 47 48 49 52 53 53 54 53 49 58 82 143 241 321 319 257 95 61 46 46 45 47
43 41 44 48 46 43 47 44 47 47 47 48 46 46 50 51 60 103 105 119 84 70 55 45 44 44 44
43 44 42 44 50 46 52 50 54 52 54 54 52 55 62 62 76 100 96 119 111 145 127 51 43 45 47
44 44 46 44 45 44 46 50 59 55 57 61 66 81 98 98 103 96 126 94 108 132 144 63 45 42 47
42 47 42 43 46 44 48 46 49 55 62 54 64 76 68 93 93 83 82 91 106 97 70 47 44 44 44
44 44 44 44 43 46 57 81 89 87 122 119 121 119 152 194 142 120 97 72 58 54 50 44 44 47 44
44 46 46 47 48 50 93 182 224 295 266 275 229 286 236 308 227 225 153 110 65 56 59 54 46 47 47
44 46 46 46 49 57 127 324 326 324 264 241 183 228 188 223 158 140 92 71 53 53 61 47 46 46 46
43 43 44 44 46 58 118 235 307 219 192 127 111 99 80 76 67 55 54 56 48 47 50 44 44 44 45
42 46 44 42 45 61 84 135 170 152 123 92 87 118 82 64 48 49 51 50 48 46 46 44 44 45 45
43 43 47 44 44 53 84 142 157 137 93 102 80 82 70 56 50 48 48 50 46 44 47 44 44 44 43
44 43 46 44 44 51 92 150 140 106 154 90 77 65 56 52 48 46 47 52 46 46 47 43 43 43 44
45 44 43 44 46 72 149 237 212 220 109 83 71 58 53 54 51 49 52 50 46 46 48 44 44 44 45
44 44 43 44 62 131 223 301 294 264 122 88 73 63 56 59 54 50 56 53 47 47 47 46 49 45 45
44 46 44 43 51 105 244 243 234 160 93 72 63 58 51 54 51 49 49 53 44 46 48 43 44 48 45
43 41 44 46 46 52 72 127 121 80 61 55 56 49 46 47 45 45 45 46 42 44 50 44 44 44 44
43 44 40 43 52 74 102 98 82 73 65 55 51 45 46 49 43 44 44 44 45 42 46 46 43 44 45
43 43 44 44 48 71 90 92 76 78 63 53 50 47 46 45 43 44 44 45 45 42 45 48 43 43 44
41 44 48 44 45 54 92 120 85 88 70 53 52 53 47 46 46 44 45 48 45 43 44 43 44 44 41
43 42 44 43 45 46 60 102 99 77 75 54 51 51 46 47 46 45 45 44 44 43 44 44 43 44 47
44 43 45 48 46 60 176 298 276 203 129 88 74 62 56 58 51 51 51 55 47 46 48 44 44 45 45
45 45 43 45 51 69 246 377 321 290 187 110 83 72 85 131 95 57 56 60 50 49 53 46 47 46 47
44 43 45 44 45 52 91 168 174 149 93 71 64 65 98 112 127 57 50 52 46 45 49 44 44 49 45
42 46 42 43 45 46 72 104 102 81 77 59 58 59 58 60 64 51 45 46 44 44 46 43 44 47 45
43 44 44 44 45 50 94 109 108 95 78 72 82 85 80 76 73 68 50 47 46 48 46 43 43 43 44
44 46 45 44 45 46 76 133 118 105 88 108 116 97 87 60 66 92 70 59 47 46 48 43 43 44 44
45 43 44 42 45 51 58 107 105 86 121 117 129 103 65 52 48 63 67 53 51 46 49 44 42 44 45
44 44 45 45 44 51 81 174 236 212 216 226 245 121 67 61 56 56 59 68 47 50 55 46 48 45 45
48 46 49 47 48 59 100 293 362 335 319 389 408 251 82 75 73 71 191 269 69 61 67 50 46 48 49
46 47 51 47 49 56 83 196 298 343 353 396 388 188 70 72 69 69 83 298 127 98 89 54 52 56 55
45 45 46 45 44 48 63 98 141 197 287 334 204 74 57 58 55 52 57 77 69 85 117 46 47 46 58
45 45 45 46 46 53 78 127 214 369 492 632 173 87 67 70 64 62 66 80 56 81 128 52 48 53 54
46 45 45 46 47 56 85 136 195 534 475 572 173 95 69 74 67 64 68 123 60 73 191 78 62 54 50
44 44 44 42 44 45 50 57 61 97 101 104 65 53 48 49 50 47 48 55 46 48 59 48 48 46 56
43 43 44 42 44 44 45 47 44 54 58 55 48 46 46 48 46 46 49 47 43 45 54 45 43 44 45
44 44 39 45 52 46 47 49 47 53 53 53 52 54 54 62 56 54 52 51 48 46 49 51 44 44 46
50 46 41 47 55 57 57 61 58 60 63 64 68 80 81 97 89 85 80 72 61 57 62 59 46 44 45
43 48 51 51 50 52 54 58 56 57 58 61 67 73 83 95 96 93 81 70 61 62 63 56 45 46 43
46 48 46 60 51 52 48 52 49 53 53 55 61 64 66 78 85 89 68 54 51 58 54 56 42 46 49
49 50 77 58 55 50 56 62 58 59 61 65 72 66 84 115 123 149 101 61 54 61 56 47 45 45 48
51 87 75 61 64 71 71 76 78 73 76 80 70 81 116 180 174 191 121 88 81 89 76 49 52 46 48
51 56 50 49 54 58 60 60 57 58 58 59 56 63 74 95 106 96 66 71 67 76 59 46 46 50 49
