43 43 43 45 44 44 44 43 48 53 50 50 81 312 422 67 51 48 46 43 46 51 46 44 45 43 44
43 43 45 44 44 46 44 43 44 45 46 49 89 181 65 45 43 44 43 44 46 44 45 43 42 43 45
43 44 44 42 43 43 43 44 42 44 50 50 51 49 45 43 44 43 43 46 42 43 44 41 43 48 44
42 44 43 43 44 42 44 44 44 45 45 74 73 62 45 44 45 44 43 45 44 43 44 42 43 47 44
48 44 43 43 43 43 45 44 45 44 46 97 90 50 47 44 43 42 46 42 44 44 44 44 41 44 48
42 47 43 43 44 43 44 43 43 43 45 47 51 51 46 42 42 42 44 43 44 42 44 47 44 42 43
42 40 44 41 44 48 44 42 43 43 45 48 56 66 65 44 42 42 43 43 44 44 41 43 48 44 43
44 44 41 46 45 44 44 47 50 53 55 56 239 340 150 53 48 52 46 49 45 44 45 43 44 45 44
41 43 47 44 44 44 43 45 46 47 49 50 106 239 137 46 50 46 44 46 44 44 44 44 44 46 44
47 45 42 43 44 43 44 43 44 44 45 44 46 65 84 49 46 44 46 44 42 42 44 43 44 40 43
42 44 47 44 46 46 42 44 44 45 46 43 49 106 120 94 64 48 45 47 44 42 43 43 43 44 41
43 43 44 44 45 46 44 43 45 45 46 46 48 88 116 118 110 55 45 46 44 43 44 41 43 48 44
42 46 42 43 44 41 44 48 44 44 45 44 46 60 81 93 92 52 45 42 44 43 44 44 41 43 49
44 43 47 42 44 44 43 45 49 46 46 46 45 52 93 186 155 102 48 46 45 42 44 43 43 44 42
44 46 46 42 46 49 46 49 51 51 53 55 56 70 210 373 498 455 58 49 52 47 46 45 44 44 45
43 44 44 45 44 44 48 47 49 49 49 50 51 56 107 195 485 389 77 48 46 46 46 45 45 45 46
43 47 44 42 44 42 43 44 44 44 46 44 46 45 46 53 117 107 54 47 42 43 44 43 43 44 44
41 44 49 44 43 44 43 45 45 45 47 46 47 51 54 67 139 213 118 50 46 48 44 43 44 44 45
42 43 44 43 45 42 44 48 44 44 45 44 46 46 49 62 96 126 97 71 47 45 44 42 44 44 43
43 46 45 43 44 42 43 44 44 44 42 45 50 46 46 51 79 103 95 68 52 44 44 43 43 43 44
44 48 44 42 44 43 44 44 43 45 48 45 46 46 55 68 86 106 70 47 49 44 43 43 42 43 44
45 43 45 43 45 45 45 47 49 51 53 52 56 72 120 190 250 323 204 58 47 46 46 44 44 44 45
44 43 45 44 44 44 45 48 53 52 55 55 64 98 168 221 291 299 145 58 47 46 46 46 44 46 44
47 44 43 44 44 43 45 47 51 51 53 63 90 87 122 118 119 125 64 46 45 45 45 45 43 44 46
43 44 50 44 43 44 44 48 63 61 72 101 113 105 127 124 132 119 93 47 46 46 47 47 44 42 44
44 40 44 44 44 46 45 48 55 59 98 98 97 108 117 136 115 97 70 49 46 46 46 44 47 44 44
43 43 41 43 45 41 44 47 53 55 90 88 90 134 89 92 92 72 50 46 45 43 46 44 43 46 42
43 44 45 44 45 42 47 71 108 165 232 276 269 323 237 113 72 58 51 59 47 48 60 46 46 46 44
44 44 45 45 46 45 49 89 203 280 303 337 293 409 269 187 106 66 59 63 50 49 60 48 47 44 46
42 45 49 44 46 45 48 116 211 298 296 292 222 240 133 114 74 59 53 62 50 47 59 46 46 45 44
44 43 45 48 45 45 47 88 163 261 242 250 189 119 72 66 53 50 48 55 48 46 56 43 45 48 45
43 46 44 44 44 41 59 106 117 140 137 130 91 88 72 51 48 47 46 47 45 45 48 45 42 44 48
44 45 47 43 44 44 49 104 146 145 124 138 84 104 71 53 49 47 47 48 46 45 48 45 42 44 48
44 44 46 43 44 44 52 117 139 135 111 127 94 100 67 51 53 47 47 50 44 44 48 44 44 41 44
43 44 44 44 42 45 57 136 219 230 237 152 97 76 59 54 52 48 44 53 51 46 51 45 44 44 45
43 44 44 45 43 46 77 221 300 255 224 249 149 80 64 62 53 50 51 52 49 51 56 46 45 44 46
42 43 44 44 45 42 55 152 192 194 200 161 89 70 56 55 50 47 49 52 47 41 52 50 45 44 45
42 44 44 43 44 41 47 77 129 120 131 91 68 57 49 48 46 42 46 52 46 44 47 43 43 44 44
43 49 44 42 44 44 46 74 76 71 99 64 58 50 45 45 44 44 44 45 45 49 46 42 43 43 44
42 46 45 42 44 46 46 96 84 76 81 68 58 51 46 46 44 44 46 45 47 44 44 43 43 43 45
43 42 44 44 44 44 44 102 103 81 74 71 56 51 48 46 48 44 44 44 44 45 45 44 42 43 47
43 42 44 43 44 44 45 62 106 84 84 67 52 49 47 46 47 45 44 46 45 44 46 42 44 46 44
48 44 43 43 44 44 48 117 225 190 153 114 73 60 54 53 50 47 49 49 46 46 50 45 44 44 45
48 44 44 44 44 45 59 198 305 300 228 160 94 76 85 136 97 57 52 57 49 46 55 50 45 44 45
44 41 44 43 45 48 49 105 140 136 124 88 66 74 113 140 159 69 50 50 46 46 46 46 49 46 45
43 43 44 40 44 46 46 88 93 74 75 65 60 68 64 73 74 54 46 46 43 44 49 44 44 45 45
44 48 44 44 44 44 50 107 108 96 94 82 94 92 85 81 88 76 53 49 44 45 46 43 45 42 45
46 46 44 47 45 45 49 105 132 98 85 132 138 103 102 69 69 97 74 52 46 46 50 45 45 45 45
43 44 49 44 44 44 45 74 98 97 126 139 168 113 79 53 52 64 78 53 47 45 50 45 45 44 45
44 44 45 44 46 44 53 99 174 188 227 224 226 148 79 60 56 52 57 64 49 47 57 47 45 45 47
46 43 51 50 46 48 53 166 295 306 324 370 375 271 101 73 71 63 159 332 63 56 69 53 47 46 51
45 46 49 46 48 48 54 103 198 292 335 364 377 236 85 69 65 59 66 268 166 102 91 59 62 48 57
45 46 46 44 45 45 46 69 102 150 240 310 228 92 63 54 58 51 52 67 63 75 145 49 51 44 56
45 45 45 46 44 46 54 94 147 315 451 678 257 115 78 70 63 58 63 76 61 67 177 63 51 47 57
48 46 44 46 50 47 53 100 151 408 492 648 244 119 82 75 64 60 63 99 57 65 248 89 70 51 51
43 43 44 43 44 46 46 54 58 82 100 107 68 54 50 46 45 47 48 57 46 50 63 47 52 46 50
43 43 44 42 44 47 44 46 46 48 53 54 49 46 45 48 46 51 46 48 46 44 46 45 45 45 43
45 46 44 43 46 45 46 47 46 51 56 52 49 51 54 59 58 55 54 58 49 50 48 46 44 44 45
49 48 45 46 50 50 51 58 55 60 65 66 65 72 80 99 94 95 97 82 65 65 55 60 47 46 46
46 46 46 50 52 48 48 54 58 55 56 59 63 69 78 96 106 103 93 78 65 68 56 60 47 46 43
46 48 49 60 48 48 46 48 47 50 48 53 59 55 63 78 84 94 71 57 53 60 51 56 45 46 45
48 51 74 54 61 50 55 61 54 56 59 62 64 67 87 126 140 168 108 62 56 62 57 47 45 53 48
53 82 70 61 63 66 70 71 75 76 74 76 71 78 113 184 182 205 125 85 83 95 72 51 49 46 47
56 50 51 52 52 56 54 56 56 56 57 60 57 60 74 96 108 101 68 74 67 77 60 46 48 46 48
