43 44 41 44 49 44 43 43 43 43 44 44 45 47 48 53 74 62 59 48 49 44 44 44 46 43 44
43 45 44 44 47 42 44 44 42 44 49 46 44 44 47 58 90 67 53 46 47 44 44 44 45 41 44
42 43 44 44 42 45 49 44 44 45 44 45 46 44 49 126 229 57 50 41 46 49 44 44 44 42 43
44 45 45 46 46 45 45 49 54 51 50 51 50 51 60 676 547 98 58 46 46 47 45 43 44 44 44
42 43 44 44 45 43 45 50 47 46 46 46 46 47 48 312 193 141 55 46 41 44 48 44 42 43 44
43 42 43 44 45 44 44 41 45 48 45 43 45 45 46 69 91 213 57 49 44 42 43 42 43 44 42
43 47 44 42 44 42 43 44 43 44 42 44 47 44 43 46 59 71 43 44 49 43 43 43 42 43 44
42 45 48 44 42 44 44 44 44 44 45 45 46 44 47 57 139 148 54 51 47 44 49 43 42 43 41
43 45 44 44 45 43 45 44 45 44 46 46 46 49 50 74 244 306 71 65 43 45 44 44 45 41 44
41 43 46 43 45 44 42 43 43 44 44 44 44 43 43 46 78 92 55 44 44 41 44 48 43 42 43
42 43 43 43 44 43 44 42 44 49 44 43 44 43 44 46 75 114 60 43 44 45 42 43 48 43 43
43 45 46 43 46 44 46 46 44 46 52 46 46 46 48 62 239 300 179 60 45 50 45 45 44 42 44
44 40 44 47 45 45 45 44 45 45 46 46 43 46 51 56 177 289 165 54 44 46 48 44 45 44 43
42 44 41 43 45 44 46 44 42 44 43 44 44 43 44 45 55 72 58 44 44 43 41 43 48 43 44
43 50 45 44 45 43 45 46 46 47 46 46 49 47 46 94 192 259 152 61 44 44 44 44 44 42 44
41 44 50 45 44 44 45 46 47 47 48 46 48 50 49 116 263 274 244 94 51 46 45 46 44 44 44
40 43 49 44 43 44 43 44 44 44 45 44 45 46 46 50 104 137 80 52 45 42 43 43 43 44 43
43 41 44 48 44 43 44 43 44 44 45 44 44 44 47 51 104 123 66 46 45 44 44 42 43 44 43
43 42 44 49 45 43 45 44 46 46 46 46 47 46 51 69 203 202 118 48 44 45 44 44 42 44 47
42 43 46 43 44 44 41 44 49 44 43 44 44 44 45 47 94 90 58 44 42 45 44 43 43 44 42
43 42 42 43 44 44 47 44 44 44 43 43 44 43 44 44 62 52 45 43 43 43 44 42 43 47 44
43 44 43 44 46 44 46 44 43 44 44 44 45 42 49 58 113 79 49 44 45 46 44 42 43 44 44
42 44 43 44 48 43 45 44 43 44 45 44 46 43 49 62 101 85 57 47 44 46 44 42 43 43 43
42 43 44 43 44 44 44 46 44 42 43 44 44 44 43 53 58 53 47 44 43 43 46 44 42 43 43
42 43 43 43 45 43 44 44 44 46 45 43 44 44 49 62 73 62 48 46 44 42 43 45 43 44 40
42 46 45 43 45 44 45 46 44 47 53 47 47 46 75 120 140 101 63 47 47 44 43 45 44 43 44
43 42 44 44 44 43 44 44 44 45 43 45 50 45 53 77 82 69 55 47 46 43 42 43 43 43 44
43 43 46 44 44 44 42 44 50 45 44 45 44 44 58 74 73 62 50 42 44 42 43 47 44 43 44
45 48 45 45 45 44 45 45 45 48 52 47 46 48 72 109 99 83 61 43 44 44 43 47 44 42 43
42 50 46 44 46 44 44 43 46 52 48 46 46 48 63 88 80 79 68 47 44 44 41 43 49 44 42
42 44 44 43 44 43 44 45 46 46 49 51 46 44 48 68 62 58 49 44 44 46 44 42 43 42 44
44 43 45 53 46 43 45 67 78 82 91 66 59 56 64 114 84 71 50 45 42 44 48 43 42 43 43
46 47 43 55 54 46 49 93 145 163 165 139 104 101 108 155 108 98 78 52 45 45 48 44 43 44 44
44 45 43 56 54 46 48 68 111 160 156 171 124 150 140 149 114 83 62 49 46 42 45 48 44 43 44
41 44 50 50 46 44 48 57 85 101 101 120 94 126 108 100 64 55 47 45 44 43 45 43 44 46 44
42 46 52 56 49 46 55 107 164 151 140 161 139 173 133 126 98 74 55 47 46 44 44 44 44 44 47
43 42 47 56 48 45 56 109 125 117 103 107 116 137 105 106 93 74 59 46 46 44 44 43 43 44 44
44 45 52 54 47 44 47 70 92 95 91 95 106 112 100 95 83 66 51 44 45 45 44 44 44 44 46
44 42 49 50 47 44 44 56 71 91 101 80 90 112 82 64 52 50 46 44 44 42 43 44 41 44 49
43 45 71 69 50 51 56 97 127 129 123 114 131 138 113 106 85 59 48 45 45 45 44 41 44 49 44
43 44 65 79 55 50 50 90 131 134 109 113 126 97 84 85 76 55 49 46 46 44 44 44 42 44 45
43 44 44 55 52 44 45 50 61 68 72 74 73 78 62 60 51 45 45 49 45 43 43 42 43 43 43
42 44 67 102 63 51 47 55 81 105 120 117 96 88 69 58 49 46 46 44 47 44 44 44 43 44 44
43 44 89 195 116 56 52 74 107 151 144 164 126 108 89 77 60 56 48 46 46 43 46 44 43 44 43
43 45 59 123 83 46 48 58 78 126 158 138 124 98 81 71 51 50 51 45 46 44 43 44 44 45 44
43 43 47 75 54 44 44 47 49 68 82 71 61 65 58 49 42 45 49 44 44 43 42 43 43 43 44
44 44 54 621 218 51 47 62 102 175 188 179 141 153 110 68 59 53 50 44 46 43 45 49 44 44 45
44 46 50 113 99 52 53 77 138 217 236 240 250 218 174 109 64 58 53 45 48 48 46 46 44 43 45
42 44 46 62 60 46 50 62 94 168 209 187 172 149 108 79 57 53 50 46 46 46 45 44 47 45 44
43 46 46 53 53 46 47 59 84 104 126 137 159 108 99 63 52 47 47 46 44 44 46 44 46 44 43
44 45 49 62 73 48 54 142 201 167 179 197 201 154 152 123 63 57 51 48 46 46 48 44 43 44 45
44 46 45 63 65 50 67 207 209 191 182 209 201 179 146 130 66 59 53 49 49 46 48 44 43 47 50
42 44 45 55 55 50 53 119 213 165 121 131 129 105 90 85 56 52 49 46 46 44 44 47 44 43 45
44 45 51 63 54 52 77 143 349 306 165 161 146 132 119 92 64 59 50 48 47 46 46 42 44 49 45
50 46 52 67 56 74 188 169 282 317 209 206 179 172 179 148 126 68 59 50 50 48 47 45 42 46 49
44 52 45 49 48 45 66 66 74 77 81 78 72 75 92 113 117 60 59 48 46 46 46 44 42 44 47
44 51 45 46 49 46 55 60 62 57 59 64 63 60 66 93 82 71 68 57 45 45 43 44 50 44 43
52 46 44 55 62 68 85 92 87 83 84 84 79 89 98 129 123 119 108 90 52 49 44 45 49 44 43
53 52 50 63 72 84 102 122 110 107 111 114 111 118 124 157 163 181 174 142 77 71 58 43 49 49 46
59 50 45 54 61 58 71 91 83 76 78 84 80 87 92 109 126 132 138 104 70 77 60 50 48 44 46
48 46 46 50 57 54 62 71 66 63 66 71 71 70 74 88 107 127 97 76 62 76 54 44 44 44 46
46 58 68 61 79 82 91 98 86 82 92 99 93 84 116 160 176 228 159 83 71 78 57 45 44 43 46
48 72 69 76 94 94 96 115 110 101 114 128 104 104 138 197 201 221 138 95 80 83 70 45 45 50 53
45 49 50 54 63 72 72 79 71 76 85 95 75 80 95 115 115 108 78 69 67 76 59 44 46 48 56
