44 42 44 47 44 44 44 42 45 45 44 52 61 75 63 55 49 46 45 45 50 50 50 57 41 52 50
44 43 44 42 46 44 43 44 45 44 44 50 69 137 79 51 48 46 47 49 50 52 62 95 43 79 54
43 48 44 43 44 42 44 44 45 45 43 46 58 79 57 47 44 46 46 50 46 47 50 95 44 64 48
40 44 44 44 44 44 44 42 44 45 43 48 119 243 246 50 47 46 47 52 46 48 50 77 44 62 46
44 44 46 44 43 43 43 44 46 44 46 50 415 96 71 48 47 47 47 47 49 49 56 156 43 172 52
43 42 44 47 44 43 44 44 46 45 44 42 86 66 50 46 44 46 46 47 48 45 50 88 44 121 46
43 42 44 44 44 43 44 43 44 45 44 42 66 49 45 44 43 47 44 43 44 42 44 47 43 53 46
44 43 46 42 44 43 44 43 44 45 46 44 136 87 47 45 43 44 43 45 44 45 45 51 43 62 44
44 43 44 43 45 43 46 44 51 46 49 45 158 113 59 50 48 47 51 49 50 50 49 87 47 127 47
43 43 44 42 44 43 44 44 43 45 48 44 64 59 49 47 46 46 51 47 47 47 46 60 43 91 50
43 43 42 44 47 43 46 43 43 44 44 44 69 63 46 49 43 44 44 47 46 46 45 48 43 56 45
42 43 44 43 44 45 44 46 48 45 46 51 182 192 61 49 44 47 53 49 49 52 49 75 44 132 47
43 46 42 44 45 43 44 44 52 50 46 48 134 142 65 55 52 56 54 55 56 59 62 205 44 237 57
43 43 46 41 44 43 43 44 46 45 48 49 66 71 52 48 46 47 47 52 48 48 50 101 43 127 56
42 43 44 43 44 43 44 47 45 43 44 56 96 119 80 46 44 45 42 46 47 46 52 85 43 58 44
43 42 44 44 44 44 42 44 53 46 43 65 100 136 104 47 52 48 49 47 51 53 78 157 44 124 46
43 47 44 44 44 42 43 44 47 46 42 47 77 85 58 49 43 47 49 51 48 51 82 148 44 111 51
42 43 46 43 45 43 42 43 44 44 46 44 72 74 50 44 44 44 45 48 46 45 48 72 43 57 44
42 43 43 43 44 43 44 42 45 47 45 47 83 102 57 53 46 46 47 47 48 54 63 133 44 58 46
43 39 44 47 44 42 43 42 45 44 43 46 61 71 54 48 44 46 46 47 45 54 76 134 43 58 47
42 42 44 46 44 42 43 42 43 44 42 44 51 53 49 44 42 43 43 44 44 45 54 57 42 44 43
43 46 44 42 43 42 43 44 43 44 47 44 48 61 53 46 44 44 44 47 44 47 65 69 43 47 44
42 42 44 44 44 42 43 43 44 44 43 45 53 79 72 52 49 45 46 49 47 61 104 86 44 54 47
46 43 44 43 43 43 44 43 44 42 46 49 48 59 58 47 44 44 48 43 47 56 86 80 41 47 49
42 43 44 43 48 43 42 43 43 44 45 42 47 65 63 50 42 44 45 44 47 55 60 57 43 44 44
43 41 44 42 44 48 44 44 45 44 44 46 63 101 136 97 53 47 51 51 75 112 87 70 48 49 46
43 44 42 44 45 44 44 44 46 44 44 45 56 75 88 81 54 48 51 56 110 168 130 91 48 50 48
43 40 45 48 44 43 44 42 44 44 44 45 54 70 67 63 47 45 52 48 63 82 81 66 43 46 45
42 44 42 44 48 43 44 44 46 45 45 49 58 80 78 70 52 46 51 52 58 69 67 62 44 44 45
42 44 43 44 47 44 43 54 52 51 44 45 62 79 72 69 53 47 48 60 62 72 72 66 43 49 46
42 43 44 41 44 48 50 44 45 46 44 47 65 85 72 74 53 47 47 56 65 74 72 69 43 52 46
43 46 42 43 44 42 46 46 45 46 46 46 70 96 80 85 55 52 50 51 61 70 63 55 42 47 48
44 44 47 42 44 44 45 46 48 47 53 63 92 112 130 116 88 76 89 93 101 123 108 89 42 54 54
45 43 47 42 45 44 44 46 52 47 47 53 87 123 132 123 108 108 121 112 113 139 127 107 44 57 51
43 43 44 44 44 44 44 45 51 46 44 46 57 85 97 109 98 101 113 111 93 123 116 77 46 53 46
43 43 44 44 43 44 46 44 48 45 44 51 70 93 89 88 82 84 81 84 79 100 112 60 44 48 46
42 43 43 43 45 43 45 44 46 48 45 49 67 85 75 87 79 76 78 81 73 92 134 76 44 52 48
42 43 43 44 44 43 44 46 47 47 45 45 64 83 78 84 85 80 81 87 78 95 191 78 44 52 60
43 43 44 46 44 42 44 44 49 46 42 45 57 72 72 78 77 83 88 78 77 84 116 62 43 50 67
42 49 44 44 46 43 44 50 76 48 44 46 57 76 68 73 78 87 79 86 88 108 114 80 42 58 70
44 43 44 42 45 44 44 55 110 56 49 46 54 74 76 81 89 98 97 103 90 111 101 69 44 137 207
43 43 44 42 44 44 44 49 57 51 48 44 47 56 55 57 58 65 61 66 64 59 54 48 44 121 241
47 44 44 43 43 44 44 63 103 75 46 48 47 54 60 56 56 49 62 61 61 54 47 46 44 60 65
48 44 44 44 44 45 47 80 143 118 51 49 52 63 75 73 71 66 85 92 88 73 55 58 44 98 93
43 41 44 42 45 50 46 62 154 120 49 47 57 66 90 87 96 80 98 100 96 78 59 70 48 165 126
43 44 43 44 45 40 45 53 205 76 46 46 69 71 74 90 82 72 82 92 76 65 58 69 48 322 67
44 42 44 49 48 44 46 53 192 166 56 50 61 76 116 148 154 106 152 135 101 76 61 59 44 82 53
46 46 46 46 47 50 47 50 104 93 62 57 82 125 224 260 255 221 244 287 220 161 103 108 45 159 66
44 43 45 45 45 45 43 47 69 59 48 53 79 100 120 153 160 164 186 194 198 171 111 92 44 163 69
44 43 43 44 45 44 44 45 48 48 45 48 73 69 79 101 93 91 104 121 111 97 72 57 44 87 50
44 43 46 47 47 47 46 46 57 63 52 59 108 115 120 129 124 122 135 180 179 208 134 87 42 139 74
45 45 47 44 46 46 46 48 60 66 53 68 130 139 138 136 116 128 133 168 192 292 215 148 42 216 109
44 44 48 43 46 45 44 46 58 51 47 64 100 115 132 115 106 116 118 150 188 214 184 113 45 115 80
44 44 44 45 44 45 48 46 53 50 48 63 78 110 155 126 105 102 99 138 226 177 127 83 43 68 55
46 45 45 46 44 47 52 49 57 54 55 111 116 144 168 149 132 132 129 218 299 236 204 129 44 86 58
43 43 44 43 46 42 44 50 49 46 46 56 62 67 78 84 84 83 90 138 113 101 89 70 43 58 49
44 43 44 43 45 42 44 48 46 44 45 47 50 53 56 65 63 66 78 93 68 62 62 52 43 50 46
48 49 45 44 45 43 44 46 49 49 49 52 58 63 71 84 83 92 101 99 78 78 68 62 43 51 49
51 51 50 45 47 45 46 52 56 56 63 68 75 91 102 118 118 138 147 136 111 118 101 98 43 62 52
45 44 45 49 46 44 45 51 52 50 53 57 64 75 83 92 104 119 128 104 91 103 89 82 42 57 52
44 43 47 45 45 44 45 48 50 47 49 52 54 59 66 76 100 111 94 74 71 82 78 64 44 54 48
49 51 46 46 50 50 55 59 58 52 56 64 63 67 88 123 148 197 156 91 87 92 86 62 44 57 50
53 59 51 51 61 63 67 71 75 68 70 78 70 82 113 179 194 244 153 119 113 124 101 82 44 62 57
55 43 46 47 52 57 55 56 56 54 59 65 57 70 86 117 136 130 88 94 90 97 80 60 44 56 62
