47 49 49 49 50 51 54 57 57 58 73 121 1210 697 87 73 66 120 417 76 56 49 47 45 44 45 46
44 44 46 44 46 44 43 44 45 46 51 52 191 96 78 53 63 83 89 44 47 46 44 45 44 42 47
44 43 44 44 44 43 44 43 43 45 45 48 55 48 46 44 56 50 44 44 44 43 44 42 43 46 44
48 44 43 44 45 44 45 45 45 46 52 65 65 71 57 52 134 121 50 43 44 44 43 43 42 44 47
43 49 44 43 45 44 44 45 45 45 50 52 62 74 52 52 103 275 64 47 45 44 44 44 43 44 46
42 48 44 42 44 42 43 44 43 44 44 46 63 62 44 44 49 70 51 45 44 43 41 43 47 44 44
43 43 40 44 42 43 47 44 43 44 44 51 63 47 42 44 45 61 57 45 44 44 43 43 46 44 42
42 44 41 44 45 44 44 44 44 46 47 54 63 46 45 45 51 114 118 52 45 44 44 44 44 44 44
42 42 44 43 44 47 44 47 44 41 45 49 54 46 45 45 43 71 152 60 46 44 42 43 44 44 44
42 43 41 44 49 43 43 43 42 43 44 44 52 45 44 46 43 52 78 71 45 44 44 42 42 44 44
42 43 44 42 45 47 44 44 44 43 44 44 47 45 45 45 46 72 164 195 47 42 44 42 43 44 42
44 44 45 44 45 48 46 45 45 45 45 47 52 50 52 49 52 141 429 529 74 46 45 45 44 45 47
44 42 44 43 44 44 44 44 44 44 46 45 46 45 45 45 45 71 197 204 57 42 43 43 43 44 41
43 43 47 43 44 44 41 43 48 43 43 44 45 43 44 42 46 48 73 72 46 43 43 42 43 40 43
42 43 44 44 43 44 49 45 44 44 43 47 49 45 45 46 46 80 133 147 78 44 44 44 43 44 42
42 43 44 44 42 43 49 44 43 44 43 44 50 44 44 46 44 63 112 155 87 50 44 44 43 42 43
41 42 43 43 44 41 43 46 43 43 44 42 44 44 44 43 44 44 48 66 53 44 43 45 43 45 44
41 43 43 43 44 41 44 48 43 43 44 43 44 44 43 44 44 46 46 59 49 44 49 43 42 44 43
42 42 43 43 44 44 42 43 48 44 43 44 43 44 44 44 44 45 50 70 68 48 49 44 44 43 44
43 49 44 42 44 42 43 43 43 44 43 44 46 43 42 43 43 44 45 55 59 46 44 44 42 43 44
42 42 47 43 44 44 42 43 44 43 44 42 44 46 44 42 43 46 52 46 48 50 44 44 43 42 43
43 48 44 42 44 45 44 44 44 45 47 44 47 45 43 44 53 61 94 68 54 46 46 46 43 44 44
46 44 42 43 44 47 46 44 44 46 45 46 47 44 45 46 64 75 100 106 54 46 45 45 45 43 45
42 43 44 43 44 44 43 44 44 44 44 46 45 45 45 45 54 63 64 64 58 50 45 44 46 43 44
44 47 50 44 46 44 45 46 47 45 48 46 50 47 50 63 89 110 111 86 85 46 45 44 46 43 43
45 46 45 46 48 46 48 54 50 46 52 56 59 55 67 137 167 175 222 197 125 48 45 44 44 44 47
44 46 48 43 45 45 47 48 44 47 51 48 49 54 68 110 105 116 150 106 102 52 46 44 43 45 45
46 46 47 50 50 49 55 62 55 51 51 56 58 98 107 131 127 140 110 86 52 51 44 44 45 44 44
47 59 71 78 76 72 73 89 72 60 53 69 83 123 111 127 108 115 105 105 60 44 44 44 44 44 43
50 49 64 69 60 63 63 76 63 60 51 78 81 91 86 100 88 87 74 68 48 43 44 44 44 44 44
46 44 47 53 48 47 52 56 53 55 58 64 72 87 99 128 88 72 53 48 46 44 44 44 41 44 48
58 72 88 74 63 66 91 132 148 140 156 173 191 225 236 278 203 109 58 54 51 48 46 47 44 45 47
61 70 67 63 61 64 85 145 182 233 189 219 195 262 240 245 199 106 62 54 50 49 47 56 48 43 46
54 55 50 52 54 55 68 93 115 139 163 194 160 215 206 193 161 69 59 51 49 46 44 56 68 44 46
45 47 48 49 46 50 62 77 71 71 74 94 97 118 108 117 61 47 48 41 45 49 44 44 46 43 44
47 52 54 55 59 58 77 96 97 88 85 123 97 100 88 85 62 50 48 46 46 44 43 49 44 43 44
44 50 50 54 56 62 72 84 77 72 64 78 80 83 65 67 58 48 43 45 44 44 50 44 42 43 43
45 53 46 48 50 55 57 63 69 63 56 74 83 73 65 61 48 46 46 44 46 44 47 44 43 43 45
47 59 60 57 59 62 65 74 69 69 63 72 92 78 55 51 46 46 48 44 47 45 43 43 43 43 44
58 72 87 85 83 87 86 109 108 108 78 103 136 117 76 60 53 50 49 47 54 66 46 44 44 43 43
49 55 63 64 69 77 84 126 125 120 80 108 120 103 76 60 56 51 51 59 125 142 50 48 44 44 44
46 46 44 46 47 49 55 67 73 77 51 63 74 66 51 48 45 46 51 62 112 62 45 44 44 43 44
49 72 52 57 65 91 95 101 97 94 56 70 70 68 52 50 48 48 56 59 53 46 42 44 48 44 43
61 77 65 71 82 106 118 135 99 107 63 94 90 79 58 55 53 75 79 94 59 48 49 45 44 44 43
52 64 60 66 69 85 92 122 99 94 62 104 96 83 58 56 52 62 71 93 50 47 54 48 44 44 44
46 48 45 55 58 65 67 89 99 79 56 83 100 72 55 56 47 53 62 52 46 43 44 46 44 44 44
87 81 79 88 107 132 152 200 186 174 114 190 212 185 86 75 75 77 65 51 48 48 46 44 45 47 45
64 82 86 98 115 140 159 207 204 168 127 249 305 239 135 112 140 161 88 57 52 49 46 46 45 46 46
74 60 53 56 65 72 83 111 126 112 85 124 219 142 91 114 107 94 55 49 48 46 44 45 44 45 47
61 71 71 74 83 94 99 99 103 94 71 88 112 102 68 96 77 66 51 47 46 44 43 44 44 47 45
81 105 87 89 111 135 141 142 151 116 102 129 133 113 99 130 130 119 56 49 49 47 45 46 46 45 46
64 72 76 82 96 117 141 129 132 116 115 130 129 117 116 123 111 95 52 49 48 46 46 45 45 44 47
55 59 62 62 69 78 84 93 101 89 87 108 138 147 143 140 109 70 50 49 49 45 45 44 44 46 49
65 77 84 94 117 116 152 152 146 110 98 145 206 234 187 166 117 64 55 49 51 50 45 44 45 44 46
60 83 67 83 106 115 133 132 104 78 72 155 219 225 171 183 178 67 56 57 50 46 45 43 45 44 45
49 56 47 46 49 54 52 53 52 50 50 66 74 102 118 113 86 49 47 49 49 44 44 44 42 43 46
43 44 44 46 43 44 47 45 45 45 45 46 48 48 51 50 46 43 44 43 44 47 44 42 43 43 44
44 55 45 45 46 47 46 48 46 49 57 54 53 53 52 53 48 46 46 44 48 44 43 43 43 44 44
52 52 54 48 46 50 51 59 57 58 63 76 70 70 72 68 66 57 53 48 47 45 50 44 43 45 45
53 48 46 48 47 49 50 59 64 55 61 68 68 69 72 70 78 65 56 48 50 44 46 49 44 44 44
59 49 47 51 47 48 52 54 54 58 59 62 62 58 64 70 70 78 60 49 47 48 45 43 42 45 45
59 60 65 54 61 60 67 73 66 66 76 84 82 80 92 111 100 124 74 59 50 49 45 44 44 46 43
65 86 66 62 73 78 78 87 80 86 97 111 93 99 124 151 136 143 82 69 66 55 46 46 47 49 46
65 57 51 52 56 59 58 63 58 65 69 78 73 76 83 97 97 86 58 65 63 58 48 46 45 46 47
