50 47 46 48 44 44 45 46 44 42 44 49 46 44 44 43 44 43 49 43 46 43 46 48 44 43 44
47 43 46 43 44 48 44 43 43 42 43 44 44 44 46 43 42 42 44 43 44 44 41 43 49 44 46
84 123 92 62 50 46 44 44 43 43 44 42 44 48 44 42 43 43 44 41 43 43 43 44 41 44 49
56 76 187 198 95 66 47 46 45 45 43 45 50 44 43 44 39 44 44 44 43 43 43 43 44 42 44
44 46 94 80 69 56 45 43 43 43 44 44 42 44 49 43 39 44 43 44 43 42 43 43 44 41 44
42 43 48 46 54 49 42 43 43 43 44 40 44 48 44 42 44 43 42 42 43 42 44 41 43 47 44
44 50 56 94 245 141 50 48 46 46 45 46 46 44 44 46 42 43 43 43 44 40 44 48 44 42 43
47 43 58 78 238 163 58 49 48 47 46 46 43 44 42 44 41 43 42 44 45 43 48 43 46 44 41
52 43 44 48 70 57 45 45 44 44 42 43 45 43 44 44 43 43 45 44 42 43 44 43 43 42 44
41 44 52 67 129 59 45 45 45 44 44 43 45 46 44 42 44 43 44 44 44 42 43 43 44 44 42
45 49 55 174 273 79 50 48 46 46 46 46 46 44 42 44 41 44 41 43 48 44 42 43 43 43 44
44 46 55 153 270 77 55 49 46 46 46 46 47 42 44 48 41 44 48 44 44 43 42 44 44 43 44
43 44 46 58 107 47 46 44 44 43 44 43 44 43 44 43 42 43 47 43 43 43 42 43 43 42 44
46 45 83 205 256 74 51 48 47 48 46 47 46 43 43 44 43 42 44 47 45 42 43 42 44 46 43
49 51 182 354 425 133 63 53 51 53 50 48 49 45 45 44 46 44 44 45 45 44 44 43 44 46 44
43 45 68 188 163 81 57 48 46 48 46 44 46 44 44 44 44 44 44 44 44 44 44 43 46 44 42
45 45 108 176 136 71 51 47 44 46 48 45 44 43 44 44 43 43 44 44 44 43 40 43 43 44 46
46 46 163 172 172 122 54 50 49 48 49 46 45 44 44 44 46 44 43 45 45 43 44 43 44 46 44
49 45 102 171 120 76 50 47 46 45 46 47 46 42 44 44 41 43 44 43 45 44 42 44 46 44 42
42 44 57 91 54 46 43 43 43 44 44 41 44 49 44 42 41 42 44 43 44 43 44 46 43 42 43
44 44 112 182 72 56 47 44 44 44 45 45 43 44 48 44 42 42 43 44 44 43 44 43 44 47 44
48 52 218 279 133 74 54 50 47 46 48 52 47 44 44 43 44 42 45 42 44 43 44 44 42 44 48
44 44 103 87 78 57 51 46 45 46 44 44 50 44 43 44 39 43 43 44 44 43 43 43 43 44 44
44 46 52 64 67 68 56 48 46 46 44 44 50 44 43 43 38 43 43 44 43 43 43 43 44 42 44
49 49 64 99 186 183 136 91 61 56 57 49 50 50 45 43 46 44 43 44 43 43 44 43 46 46 44
51 53 65 86 152 198 160 130 88 63 57 54 50 47 45 43 43 43 43 44 44 44 44 42 44 48 44
45 51 50 49 59 75 85 76 62 55 48 51 46 44 44 43 43 43 44 42 44 49 44 42 43 42 43
55 53 57 125 86 191 213 184 136 104 66 60 55 49 46 46 44 44 44 49 45 43 44 42 43 44 44
67 66 66 119 192 332 397 308 218 160 116 87 66 57 50 46 44 44 40 45 50 45 45 44 43 44 45
59 56 54 68 105 174 241 248 188 174 115 86 67 59 47 45 43 45 40 44 49 45 44 44 42 44 45
52 50 50 53 53 78 120 173 183 185 147 100 69 57 46 47 41 44 49 44 44 44 43 43 44 44 44
55 52 51 53 59 96 134 160 182 220 180 143 96 96 45 44 46 44 46 44 43 44 44 44 44 42 44
54 54 52 54 59 80 111 154 190 264 251 204 139 113 55 45 43 44 45 47 45 43 44 43 44 44 42
56 54 53 55 61 78 113 128 162 325 338 266 166 136 69 44 44 42 44 48 45 44 44 43 44 44 44
56 55 53 57 63 80 93 149 180 378 305 301 227 189 53 46 43 44 45 44 45 44 42 44 48 44 44
56 54 53 55 62 78 93 151 211 253 273 283 221 228 73 45 43 44 42 44 44 44 49 44 43 44 44
51 49 50 52 56 67 71 97 194 170 211 197 171 176 70 43 45 44 44 41 45 42 44 49 44 44 44
47 47 46 48 51 57 61 64 108 141 141 153 158 151 64 44 42 42 44 44 44 44 46 43 45 44 43
49 49 52 50 53 60 62 72 101 172 181 172 142 128 56 43 42 43 44 42 44 46 44 45 44 42 44
46 43 47 51 51 60 59 70 97 110 120 112 111 109 60 44 42 43 44 44 44 41 46 48 44 43 44
51 46 45 46 47 54 56 69 99 96 90 108 95 104 48 43 44 42 45 41 44 44 44 44 43 44 46
45 51 46 46 48 50 53 59 73 90 104 116 100 88 46 43 40 42 44 46 44 43 44 43 43 44 41
47 52 48 49 52 56 60 66 88 110 167 166 159 99 46 44 39 44 42 44 42 43 44 43 44 41 44
50 51 54 54 63 71 74 82 108 187 231 256 242 139 50 43 44 44 43 43 44 44 44 45 44 44 48
48 46 46 50 56 61 63 66 75 132 209 223 191 81 46 44 41 44 47 44 45 44 42 45 44 44 44
45 44 49 48 53 52 50 51 55 76 94 118 88 50 44 42 43 42 44 45 44 46 44 42 43 44 44
51 52 60 122 181 150 75 71 72 123 143 144 152 79 46 43 44 44 44 48 45 43 44 42 44 44 43
57 57 104 236 255 178 114 80 74 110 140 149 169 70 51 45 44 44 40 44 50 45 44 44 44 45 45
48 50 66 108 99 90 74 65 58 69 102 101 91 51 43 44 42 43 42 44 47 44 43 44 43 44 44
51 81 95 75 63 111 108 84 66 85 117 135 86 51 46 49 44 43 44 39 45 48 44 42 44 43 44
76 226 176 89 118 285 243 246 168 201 227 279 157 71 49 45 46 46 48 45 45 45 45 45 46 44 46
90 148 73 72 114 271 313 290 175 173 175 159 92 62 47 46 45 44 46 48 46 45 45 43 44 46 48
65 56 48 50 54 71 105 133 84 65 63 62 51 46 44 43 43 48 44 44 44 42 43 43 44 44 41
591 90 74 78 104 267 411 413 320 204 159 105 78 66 48 47 46 47 44 46 44 46 50 45 46 45 45
198 102 84 98 158 502 606 505 438 378 260 149 102 79 52 48 46 47 45 47 48 47 49 45 45 46 46
101 89 78 85 111 455 521 391 345 222 140 103 80 66 49 44 48 46 46 42 46 46 46 48 45 44 46
58 55 50 52 58 92 144 139 116 69 60 56 51 49 44 44 42 44 45 44 47 44 43 43 44 44 45
132 141 116 117 135 187 270 267 168 112 91 82 64 56 48 46 46 46 46 44 46 48 46 44 45 44 45
186 184 140 141 148 159 199 189 143 107 89 80 66 60 52 52 54 49 50 52 49 53 51 44 46 44 46
105 89 80 80 83 84 96 94 83 69 60 58 52 49 50 51 50 49 52 44 47 51 48 45 46 44 46
71 76 65 63 66 59 64 65 59 53 53 51 51 47 48 49 49 47 48 44 49 50 45 45 43 44 48
142 186 160 141 129 99 106 98 80 68 69 66 58 54 55 61 63 72 56 51 47 55 49 44 44 48 47
181 205 204 175 140 120 112 109 94 75 74 72 60 57 60 73 69 77 61 57 57 56 48 44 49 49 53
83 77 71 72 80 73 69 65 57 57 57 54 50 52 51 57 53 51 48 50 49 50 44 48 45 47 63
