42 43 44 44 44 43 44 47 44 43 49 44 44 43 43 43 43 46 45 45 48 43 42 43 42 43 44
44 43 52 44 43 44 59 87 60 44 44 45 45 45 45 43 50 78 87 53 44 48 44 43 43 42 44
48 44 44 44 44 45 61 193 160 51 48 47 50 47 46 49 158 306 152 54 46 42 45 48 44 44 45
44 43 43 43 44 44 54 80 107 53 46 44 45 43 44 45 54 72 57 49 44 43 44 42 43 44 44
42 43 44 41 45 50 164 70 80 44 44 44 45 45 46 43 44 48 78 47 44 44 42 44 48 44 43
43 45 44 42 44 50 155 118 52 47 51 44 44 47 46 45 46 55 140 63 43 44 48 44 44 44 43
42 44 40 43 47 44 62 58 44 44 44 43 44 44 44 44 43 50 106 56 42 44 49 44 43 43 43
42 43 40 43 46 48 75 71 46 46 45 42 45 43 45 46 43 45 62 51 44 46 44 48 43 41 44
43 44 45 46 47 46 259 258 53 47 46 46 46 46 49 46 46 56 213 115 46 46 40 43 48 44 43
43 43 44 45 45 46 151 164 61 48 46 46 46 46 46 44 49 68 325 303 48 44 44 48 44 43 44
42 43 43 44 46 45 67 71 50 50 46 44 45 44 45 46 46 59 230 309 47 49 45 42 44 47 45
42 44 43 43 45 46 108 111 51 48 45 42 44 44 44 44 45 51 102 95 46 47 44 42 43 43 44
44 40 44 48 46 49 189 181 100 48 46 46 50 46 46 47 47 100 220 228 50 47 46 44 45 46 45
44 44 43 45 46 46 122 153 102 49 46 46 46 46 46 45 51 114 226 238 57 47 47 44 44 44 45
42 43 44 43 42 44 75 73 58 46 44 44 45 42 45 51 44 63 118 147 51 48 46 43 44 44 44
43 44 45 45 50 63 274 234 159 55 48 47 46 43 47 52 48 77 124 132 53 48 46 43 43 43 44
43 44 45 45 47 56 236 260 203 70 52 50 49 49 47 55 55 208 284 302 92 49 50 46 44 44 45
44 43 43 44 46 45 78 89 66 52 47 45 46 44 45 47 48 107 190 202 63 48 47 44 42 43 44
42 42 44 44 44 44 65 89 64 45 43 44 44 43 45 42 44 47 65 66 49 44 43 43 42 43 44
43 44 44 45 45 50 79 125 102 52 45 46 49 45 45 46 48 57 92 66 48 45 44 43 43 44 44
43 43 48 44 43 47 52 79 85 52 46 50 45 45 45 44 51 68 112 56 49 50 45 42 44 43 44
47 44 44 43 45 45 52 60 61 51 51 45 44 44 44 45 46 57 76 49 46 44 44 48 43 43 44
42 43 43 44 44 44 47 52 94 62 49 44 45 44 45 45 46 53 70 49 45 45 42 44 48 44 43
43 44 44 44 45 46 51 76 202 157 85 60 50 49 49 52 62 106 106 76 50 46 44 46 49 44 44
43 44 44 42 45 46 49 61 106 105 78 52 46 48 47 54 80 117 117 88 47 48 51 46 45 44 44
42 43 40 43 49 44 45 50 61 59 52 46 45 45 46 48 53 60 60 55 42 44 50 44 44 44 43
43 44 40 44 51 45 49 70 107 105 81 57 49 50 50 71 88 80 87 71 50 42 48 51 44 45 44
41 44 50 45 46 47 53 84 111 120 106 77 54 54 59 110 144 138 136 125 66 53 53 44 48 51 44
43 43 47 47 44 44 45 54 57 56 54 54 46 45 46 58 67 74 77 64 48 45 45 45 45 45 48
43 42 49 55 50 46 46 51 54 57 52 50 49 46 45 52 53 54 53 50 45 43 44 45 45 45 44
43 42 78 86 50 50 54 78 84 92 85 77 61 55 63 101 89 85 77 70 47 46 48 47 45 50 47
44 51 51 47 46 46 48 61 80 96 84 79 55 61 60 95 92 85 77 73 47 50 48 47 50 63 50
44 46 44 45 45 46 49 62 80 100 90 85 72 77 75 95 77 72 61 51 44 45 49 44 45 49 46
43 48 44 54 49 48 52 72 93 99 91 104 98 120 110 103 82 89 82 56 46 47 52 46 46 44 44
43 44 42 48 53 50 51 64 84 119 107 120 113 137 134 112 97 93 87 60 49 51 72 62 66 45 46
42 43 45 44 49 49 46 51 60 72 94 106 101 116 110 83 74 60 47 46 46 46 54 73 69 43 47
43 44 45 44 54 55 49 60 89 103 135 148 156 183 131 108 106 88 69 51 48 49 58 52 45 44 44
44 44 45 46 57 52 50 65 98 111 125 134 139 150 126 128 103 101 84 56 48 49 59 64 50 46 45
42 45 45 43 46 46 44 48 50 68 83 74 65 79 71 69 57 56 57 45 46 45 47 78 44 46 44
43 45 48 45 61 52 46 49 82 108 104 107 81 106 86 83 85 68 53 49 45 49 55 76 44 44 44
43 46 45 44 98 64 46 49 72 101 100 85 83 102 70 74 80 67 54 43 45 46 69 133 45 43 45
42 44 43 43 63 54 45 43 51 72 78 71 80 86 66 65 70 55 51 45 44 46 69 104 50 44 46
42 43 44 44 62 57 45 44 46 50 63 67 67 76 53 53 56 46 46 44 44 46 55 52 47 44 42
44 46 45 46 179 190 54 51 60 124 145 178 154 115 93 106 98 63 53 49 47 99 187 94 44 44 44
44 45 46 45 165 158 56 50 58 84 129 143 140 115 109 111 86 62 52 49 50 140 279 83 44 45 44
42 43 40 43 60 58 44 44 44 47 58 63 62 55 59 60 46 45 45 44 44 66 92 53 43 42 43
43 45 50 46 200 392 72 52 56 81 133 152 159 125 140 135 95 66 53 50 49 200 717 52 47 50 45
50 46 47 58 224 314 88 58 62 87 152 170 193 163 153 150 127 73 58 50 50 184 233 57 46 49 50
44 45 45 47 71 68 50 49 51 66 109 133 143 118 109 103 77 58 51 45 46 93 82 48 42 44 48
43 46 45 46 52 56 46 48 53 64 90 116 143 103 99 91 67 57 48 46 44 51 55 46 45 42 44
44 46 48 56 68 81 60 66 94 119 179 227 261 209 183 200 172 110 68 53 49 70 68 51 50 46 46
44 44 45 47 58 63 55 60 90 126 187 205 206 183 153 173 153 135 88 55 50 69 66 50 49 46 45
43 46 44 44 50 49 47 47 58 83 108 121 108 91 94 105 104 87 57 49 45 52 52 45 45 43 44
44 45 44 46 59 57 50 64 91 180 200 181 139 135 124 157 216 142 68 62 49 58 63 48 45 46 45
44 50 46 46 57 64 54 80 98 217 255 205 156 155 135 184 266 185 106 106 50 54 64 52 46 45 45
43 45 45 44 47 52 46 49 51 59 74 81 69 64 69 91 107 66 60 60 50 49 49 45 42 43 44
42 44 44 44 43 45 48 46 46 48 48 52 51 49 52 53 51 50 50 49 45 44 44 42 44 44 42
45 44 45 46 47 49 51 59 62 64 72 78 67 73 78 92 91 84 90 71 47 47 48 44 46 43 45
51 46 48 49 51 53 58 76 78 92 102 107 103 107 118 135 137 141 121 107 62 53 56 47 46 46 45
55 44 44 45 46 47 51 58 59 62 63 69 71 71 77 86 92 101 90 67 64 58 51 48 45 44 44
50 44 44 44 46 46 53 52 52 54 56 56 58 58 60 72 81 90 79 60 61 62 50 48 44 48 44
44 51 50 49 63 63 80 92 80 83 95 101 97 89 116 159 173 216 144 82 69 72 68 50 47 47 46
46 56 58 63 73 78 84 103 97 93 116 110 97 94 125 184 177 191 110 86 66 64 69 49 44 48 48
48 46 46 48 58 66 59 67 59 68 73 80 65 75 88 98 96 89 59 60 63 70 60 45 44 47 52
