43 48 44 43 44 44 44 45 43 43 49 44 44 47 44 45 45 50 44 44 49 44 42 43 42 43 44
44 43 49 44 43 45 44 47 50 44 44 45 44 47 47 47 49 62 55 46 47 49 44 42 43 43 44
48 43 43 43 43 44 48 84 99 49 47 46 45 45 44 46 60 108 66 45 45 42 43 48 43 43 44
46 44 43 43 44 44 59 206 258 54 47 45 46 44 45 49 109 100 62 46 44 44 44 44 47 44 44
43 46 45 43 45 44 135 152 237 49 47 46 46 47 46 46 145 107 125 51 44 44 42 44 48 44 44
43 45 44 42 44 44 102 80 67 46 50 45 44 44 43 45 54 68 215 60 42 43 48 44 44 44 42
42 43 40 43 44 43 51 48 43 43 44 43 44 43 44 43 42 44 54 44 41 43 48 43 43 43 42
42 43 39 43 44 45 109 150 49 43 44 44 45 43 44 44 41 51 79 58 44 43 44 43 43 42 43
44 44 44 48 45 47 164 264 74 46 47 46 47 46 47 47 46 140 251 96 46 44 43 44 46 44 44
41 44 48 43 44 44 64 87 50 45 46 42 45 48 45 44 44 74 236 136 46 42 43 44 43 44 42
42 42 44 46 44 44 52 64 45 43 44 44 41 44 48 44 43 46 71 51 45 43 44 41 42 43 43
43 42 45 48 44 46 113 209 75 47 46 46 43 44 48 46 46 76 161 92 44 44 44 44 41 44 49
44 43 48 43 45 46 96 181 104 48 46 48 46 46 46 47 52 177 275 197 46 48 45 44 43 44 45
44 42 44 44 44 43 52 69 57 45 43 44 44 44 45 42 48 81 132 97 44 44 44 43 44 44 44
42 44 43 44 43 45 119 135 91 47 44 44 45 42 45 49 44 59 80 62 45 43 44 43 43 43 42
43 44 46 45 46 49 223 247 229 88 51 49 50 46 49 57 84 232 225 239 48 48 46 44 44 44 44
42 43 44 43 45 43 77 116 103 57 47 47 47 46 44 48 63 189 226 201 47 45 49 44 44 44 44
41 43 44 43 44 43 48 72 61 44 44 44 44 44 41 44 43 58 77 52 41 43 47 43 42 43 43
42 43 44 45 45 47 89 187 141 58 46 45 46 45 46 44 49 80 134 67 49 46 44 44 42 43 44
43 40 44 43 44 44 60 101 107 51 46 46 49 45 45 46 50 113 141 65 47 49 43 43 43 44 44
42 44 48 44 42 43 44 47 56 44 44 46 44 43 44 42 43 53 56 43 44 47 44 42 42 44 44
42 43 43 43 44 43 46 58 98 52 50 44 43 44 44 44 46 63 56 42 44 41 45 49 43 42 43
42 44 42 43 45 45 48 54 123 98 58 47 46 47 46 47 54 110 95 51 46 45 42 45 48 44 43
43 44 44 43 44 44 45 46 68 61 49 50 46 44 45 44 50 84 65 49 45 44 41 44 48 44 42
44 43 44 42 44 44 44 44 54 60 55 44 43 44 44 44 45 58 51 45 42 44 49 43 43 43 42
42 43 41 44 50 45 46 52 95 120 94 51 47 47 50 60 80 78 64 48 42 45 50 45 44 43 43
43 43 40 43 51 45 46 51 77 95 80 54 48 48 52 77 102 89 88 53 45 48 46 50 44 43 44
40 43 49 43 44 44 43 45 51 53 53 48 45 45 46 54 59 63 56 47 44 49 45 42 44 49 44
43 44 48 44 43 46 44 50 64 65 63 55 46 45 46 56 61 61 56 47 44 44 44 44 42 44 47
43 42 48 50 46 48 45 58 70 85 71 61 50 48 50 76 79 81 77 61 44 44 46 46 44 44 49
43 43 46 48 46 45 44 49 58 65 57 53 52 47 47 64 68 73 63 58 46 45 46 49 58 46 44
44 44 47 44 45 44 45 54 69 64 59 53 47 47 47 64 57 64 54 45 44 43 44 44 44 46 46
44 63 52 46 47 47 51 99 113 104 105 101 70 66 71 120 98 86 81 60 45 50 49 45 46 49 45
43 53 49 45 49 48 48 69 82 118 104 124 106 109 123 135 101 99 83 59 47 51 52 48 59 51 46
42 44 43 44 51 47 46 53 63 82 83 100 94 102 120 110 81 70 60 50 46 48 53 45 50 46 44
42 44 46 51 51 51 48 62 85 104 132 149 130 159 136 118 105 82 61 50 46 48 54 54 46 43 44
43 44 46 56 50 51 50 64 79 92 118 121 124 142 111 99 94 80 73 56 47 49 54 55 49 44 44
43 43 45 46 48 48 48 56 76 84 99 115 120 129 104 109 92 77 69 51 47 47 52 49 45 47 45
42 43 44 43 46 46 45 47 55 72 81 84 92 105 78 71 60 53 54 45 44 45 47 48 44 44 44
44 43 44 48 62 49 46 55 95 108 118 117 100 120 95 97 92 71 57 53 46 48 57 112 44 44 44
43 43 44 48 83 51 44 50 75 90 84 79 78 110 72 69 78 64 54 43 45 47 66 232 45 43 44
41 43 42 46 58 48 44 42 47 58 58 54 59 68 54 53 63 47 47 44 44 45 60 136 48 44 43
43 44 46 45 96 70 46 45 46 50 63 67 72 79 55 55 56 44 47 44 44 46 63 71 47 44 42
44 44 44 60 182 195 52 52 57 104 118 130 116 94 76 88 81 57 50 47 44 97 209 185 45 44 44
44 44 44 49 136 137 49 47 52 74 101 115 109 85 84 91 70 56 49 46 45 158 300 211 44 45 49
43 42 47 43 59 54 43 44 49 48 55 73 66 53 58 61 51 46 47 44 43 80 127 58 44 42 44
44 45 46 48 212 250 68 51 54 72 124 140 145 111 113 111 81 60 51 48 48 206 698 67 46 48 45
43 46 50 55 384 410 94 59 61 90 150 176 204 169 153 141 122 76 56 51 55 178 332 79 53 46 47
43 42 45 50 68 63 47 50 52 69 122 140 166 135 110 109 78 59 52 45 46 84 130 53 42 44 49
43 48 45 46 51 54 46 48 58 71 108 142 169 118 101 108 69 57 50 47 44 55 60 48 45 42 44
43 46 47 53 63 77 62 71 88 116 156 189 205 169 153 167 150 95 73 55 51 80 71 53 52 45 44
44 44 44 47 54 68 59 67 80 111 157 194 190 155 147 145 134 110 88 63 54 116 71 50 49 50 45
43 47 44 44 50 49 47 55 64 85 98 131 129 110 103 104 99 94 66 52 46 60 55 45 44 50 44
44 46 44 46 59 54 50 77 104 174 193 186 157 149 135 139 192 142 72 71 50 54 59 50 45 45 44
44 51 47 46 58 62 58 95 116 232 289 237 172 171 146 177 270 187 94 142 68 62 65 55 46 46 46
47 45 43 45 47 47 47 52 53 65 84 106 74 68 76 95 120 70 61 63 55 47 49 46 44 44 47
43 49 44 42 45 44 44 46 46 49 51 58 61 55 59 60 56 52 51 50 46 45 45 43 43 44 43
47 43 46 44 48 47 50 60 62 62 70 75 71 75 74 74 78 73 79 64 46 46 46 45 45 43 44
51 46 51 46 51 51 62 79 76 81 91 98 100 100 106 104 110 117 113 98 60 50 55 48 47 44 46
54 43 45 45 46 46 50 60 60 59 60 66 70 73 73 77 82 87 79 66 57 54 48 48 47 43 44
48 44 44 44 47 46 50 53 52 56 56 59 64 62 68 81 86 86 69 57 54 51 48 46 44 44 46
44 48 50 49 62 59 79 88 75 74 87 88 88 82 107 146 143 182 103 89 60 60 59 50 47 46 45
47 59 57 66 75 77 86 104 94 87 111 107 95 95 122 178 162 171 99 77 69 70 74 52 46 48 52
49 47 45 52 56 61 59 66 62 66 74 84 74 77 89 106 105 91 62 61 61 64 57 48 46 48 57
