44 44 43 44 48 44 45 44 43 44 45 48 59 88 305 176 108 56 49 45 43 43 44 46 46 42 44
43 45 43 44 45 44 44 49 44 44 44 46 49 63 401 213 59 46 45 44 44 44 46 44 48 50 49
43 45 44 45 44 42 43 43 43 44 41 44 50 60 120 48 42 42 48 43 42 43 43 43 46 46 48
42 44 44 44 47 43 44 44 44 45 45 49 64 144 157 60 43 44 43 47 42 43 44 46 60 54 45
40 44 49 44 44 43 43 44 44 45 46 46 76 177 89 48 45 45 45 44 44 44 46 65 289 208 50
43 41 44 47 44 44 44 42 43 44 44 44 59 63 49 46 42 43 42 43 44 44 45 49 164 99 58
42 46 40 44 47 43 43 43 42 43 45 44 84 62 45 43 41 43 44 43 44 41 43 49 52 64 46
43 40 44 42 45 42 45 44 45 44 46 50 143 90 48 45 43 43 44 44 44 44 44 45 63 97 45
42 43 44 43 44 43 44 44 41 44 47 51 114 65 44 44 43 42 46 44 46 44 45 51 103 126 50
42 43 43 43 44 43 46 44 42 43 44 50 57 45 44 43 42 42 43 44 38 43 49 51 137 76 43
42 44 44 44 42 44 49 44 43 45 47 91 86 58 45 48 42 42 44 39 44 48 44 48 61 45 44
42 44 46 46 46 43 46 51 47 51 67 166 151 129 46 46 44 44 45 46 52 46 49 117 151 76 44
43 45 43 43 44 44 44 42 45 50 51 72 86 67 45 45 43 46 44 45 45 45 68 186 253 88 42
44 43 44 42 44 43 44 44 42 44 60 73 69 50 43 43 42 44 44 44 44 44 50 72 74 45 44
42 44 44 44 45 43 45 49 45 45 79 78 89 65 45 45 44 44 43 44 43 65 98 99 58 45 42
43 43 44 44 44 44 44 45 49 45 72 86 71 49 46 45 46 44 44 43 46 113 129 146 79 45 47
43 42 44 43 44 44 42 44 48 44 49 55 47 44 44 43 45 44 44 41 46 88 109 127 63 44 44
44 43 43 43 44 43 45 43 45 52 56 72 50 44 44 43 44 42 47 42 46 77 93 70 44 45 44
43 44 44 43 44 44 45 43 45 54 54 73 49 45 44 44 42 43 45 47 63 210 198 115 46 46 44
42 39 44 47 44 44 44 42 43 44 48 54 44 44 47 44 42 42 44 46 52 118 138 60 45 45 42
42 43 44 43 44 46 44 45 44 43 50 55 50 45 42 43 42 43 44 46 46 63 58 45 44 47 42
43 48 45 44 45 43 45 45 48 49 68 82 70 48 44 44 43 43 47 62 82 78 58 46 45 42 44
43 44 45 44 45 46 45 44 46 50 74 80 67 46 46 44 43 45 46 66 103 89 50 48 44 46 44
41 44 49 44 44 44 44 45 47 58 70 64 57 46 45 42 44 45 49 56 58 51 44 45 43 44 44
44 42 47 46 47 47 49 51 52 78 107 119 90 52 47 46 44 51 64 75 61 46 45 46 44 45 44
44 48 49 47 49 49 50 55 56 90 123 128 106 56 44 48 49 78 128 130 97 50 46 48 44 44 46
42 43 46 47 49 47 46 46 50 58 58 59 55 46 44 45 48 65 83 93 84 54 46 44 44 44 45
44 46 65 50 46 49 47 49 68 71 69 74 57 48 50 47 56 74 64 60 51 45 43 43 43 43 44
44 49 69 51 46 55 56 60 81 86 84 84 60 50 45 53 78 86 85 87 58 45 43 44 44 44 44
43 46 47 46 50 48 48 59 69 78 69 78 54 47 49 58 68 76 72 76 55 46 44 42 43 44 44
42 44 46 44 45 48 46 51 57 76 65 62 48 46 49 55 66 62 62 58 47 45 44 43 44 42 44
44 48 48 47 48 49 54 73 93 112 110 112 72 65 71 85 78 75 66 54 47 44 44 45 45 45 42
46 49 58 50 53 55 60 91 113 138 148 185 155 168 168 159 159 113 108 83 51 48 46 46 47 51 47
46 50 58 50 52 54 58 76 95 122 131 180 188 227 175 196 127 96 85 61 50 47 45 51 50 50 60
44 46 51 48 48 50 51 78 84 88 98 109 112 159 115 104 71 61 50 49 46 44 44 48 51 46 45
44 46 53 50 50 52 61 86 104 106 96 97 95 136 108 81 71 70 54 46 46 43 45 51 45 44 45
44 47 52 50 48 49 70 85 84 90 81 71 82 107 93 75 68 64 56 47 46 45 45 45 46 53 48
44 46 56 50 47 47 52 64 69 71 70 73 85 93 82 80 73 71 50 44 45 49 44 46 46 53 46
44 50 119 77 49 49 51 61 72 74 71 97 88 104 78 70 60 50 46 48 43 44 44 46 49 50 44
49 105 340 168 63 63 74 108 151 163 130 153 126 119 88 80 82 54 49 56 49 48 50 51 46 46 45
49 86 338 117 59 62 88 131 144 139 119 142 124 124 78 70 59 49 49 59 46 49 56 110 47 47 45
45 50 100 62 48 50 54 75 86 71 62 66 64 68 53 47 46 44 44 50 43 45 59 76 44 48 44
47 55 316 104 55 59 97 109 105 90 93 84 74 71 57 47 46 46 47 50 47 53 53 49 43 45 48
48 65 104 65 59 64 115 128 104 101 88 92 92 76 57 48 44 46 46 53 62 112 82 50 45 45 44
48 55 84 55 55 65 108 165 111 90 87 92 95 66 47 48 46 46 48 58 87 142 74 47 47 45 45
44 51 52 46 49 50 61 92 85 63 59 62 61 52 45 43 44 42 46 61 69 68 46 43 43 44 44
59 103 88 72 100 134 239 258 243 159 175 156 116 66 53 53 50 50 69 118 71 53 46 47 50 46 44
80 187 134 164 179 310 351 372 336 238 279 260 215 106 68 62 60 58 216 699 98 58 51 53 49 48 48
74 93 88 103 161 225 220 240 229 204 201 173 119 72 55 54 51 52 62 113 53 51 48 46 46 46 45
59 93 80 104 142 167 137 113 98 95 97 85 97 57 49 50 46 46 48 61 47 46 45 44 44 44 44
91 186 131 152 178 218 159 136 120 105 104 119 124 75 54 51 49 60 52 59 48 46 47 48 45 46 45
89 136 221 207 232 198 178 152 124 114 117 134 120 84 53 53 54 59 51 61 49 48 47 48 46 48 48
52 81 102 116 136 160 176 127 112 100 117 138 102 68 50 50 48 48 54 57 47 47 45 46 45 45 45
54 68 85 121 162 179 194 163 142 151 220 203 115 66 53 55 52 50 49 64 50 49 50 47 45 45 44
58 62 74 97 95 142 141 131 137 177 288 236 140 87 63 55 54 50 52 62 50 48 47 52 46 45 45
45 51 58 50 60 71 70 63 66 74 93 75 62 53 49 46 45 44 47 47 45 42 45 42 44 48 44
48 56 48 52 53 75 57 54 58 56 52 51 51 46 44 44 43 44 45 44 44 47 44 42 43 42 43
83 51 69 78 83 92 79 78 76 72 66 67 61 56 50 48 45 46 46 48 46 43 44 46 44 43 44
84 104 97 108 113 103 103 108 94 85 84 88 78 70 63 61 53 51 46 53 50 46 47 46 43 45 44
88 81 84 84 94 81 93 90 79 64 69 63 59 58 53 54 54 52 48 54 45 47 46 45 43 45 49
78 66 75 79 89 81 82 76 66 57 61 57 53 51 47 49 54 49 46 52 44 48 46 42 44 50 44
98 131 131 117 129 115 122 105 85 66 72 76 64 57 61 66 63 70 56 51 46 48 46 46 45 46 45
150 158 155 150 146 133 133 130 106 77 87 91 67 60 71 87 71 80 58 62 52 46 47 51 45 48 46
87 74 77 75 95 104 99 87 67 61 62 63 54 54 55 63 57 52 47 54 48 48 43 45 50 47 52
