45 45 45 46 47 46 47 47 50 56 66 178 190 155 129 554 899 123 70 54 50 56 47 46 46 46 44
46 44 45 44 46 45 46 47 47 52 58 69 93 124 84 472 1052 97 58 48 50 53 46 46 46 46 47
43 43 44 43 43 43 44 41 44 50 46 67 53 44 46 60 117 46 41 43 43 44 48 43 42 43 43
43 43 44 44 45 44 42 46 53 51 57 284 204 56 53 60 101 62 48 43 46 45 45 49 44 44 44
43 44 44 44 45 44 46 46 44 48 59 214 166 56 51 55 87 56 52 44 46 45 45 49 44 43 44
42 43 42 43 44 44 44 41 44 50 47 107 74 44 44 46 51 45 47 41 44 49 44 43 43 42 43
43 39 44 49 44 44 44 45 45 46 64 136 61 47 46 46 49 44 45 42 44 49 44 42 43 43 43
43 40 43 43 44 44 50 46 48 50 125 230 96 49 48 49 49 46 46 46 49 46 49 44 44 44 42
42 45 44 44 45 43 44 44 46 49 131 157 69 47 47 54 51 49 46 44 45 46 45 42 44 49 44
46 43 44 43 42 43 43 43 44 42 63 71 47 43 44 47 45 42 46 42 43 43 44 43 41 43 49
43 45 44 46 44 42 46 44 46 62 149 100 52 45 45 46 50 45 44 52 43 45 45 42 44 49 44
46 44 46 46 44 45 46 49 52 130 297 174 76 48 48 49 80 55 46 48 46 48 46 48 45 45 45
43 42 44 42 44 46 44 46 45 68 94 74 53 45 45 45 69 47 43 44 43 44 44 42 44 47 44
42 41 44 42 44 47 44 44 44 54 60 56 46 44 43 44 45 42 44 43 44 44 42 43 47 44 44
43 41 44 47 45 45 44 44 51 113 122 84 50 46 49 47 53 55 46 40 44 46 46 42 43 44 43
43 41 44 47 44 44 44 44 49 92 101 76 47 46 48 49 54 49 50 44 45 45 42 43 43 43 44
42 43 42 43 47 43 45 44 42 46 48 45 44 41 44 48 42 42 42 42 44 43 48 43 42 43 43
42 43 43 44 43 44 47 45 44 51 53 46 45 41 44 49 43 42 44 40 44 47 44 42 42 42 43
42 43 44 43 44 41 44 50 50 54 61 46 46 44 42 46 44 43 45 48 44 44 43 43 43 43 44
42 47 42 42 44 43 44 43 44 48 48 43 44 43 44 44 43 47 44 42 44 42 43 43 43 43 45
43 42 46 42 44 44 43 44 43 46 53 45 43 43 44 45 40 43 48 43 43 43 42 43 43 43 43
42 43 45 43 44 44 44 51 49 68 82 59 47 48 42 47 44 44 41 43 45 45 47 44 42 43 44
42 42 45 44 44 44 43 47 54 76 92 74 49 47 46 45 47 44 46 41 45 46 45 48 44 42 45
42 44 44 42 44 44 44 46 49 63 73 58 45 45 44 44 44 43 44 40 44 45 44 47 44 42 44
42 44 43 43 46 44 46 46 79 115 123 106 62 50 47 47 47 46 46 44 46 53 46 44 44 43 44
44 44 46 45 51 46 44 67 164 180 173 154 101 61 52 57 56 54 52 51 51 56 49 44 46 51 46
42 47 44 44 45 42 45 54 62 81 87 79 66 51 46 50 53 53 49 47 50 53 48 46 42 45 49
43 44 45 45 45 44 45 46 70 85 91 96 68 52 47 50 54 54 56 47 49 53 43 50 54 46 44
44 44 45 44 46 46 47 51 110 133 124 101 96 68 55 66 70 70 65 67 57 63 54 49 47 51 46
47 45 46 45 46 46 47 52 104 119 104 114 110 108 64 78 78 79 76 78 68 74 71 62 54 57 49
48 44 45 45 45 45 46 49 60 116 103 108 99 87 57 64 64 63 60 61 56 61 55 62 50 54 47
45 43 46 44 48 52 48 58 74 200 168 173 132 142 107 113 78 68 61 57 53 100 51 54 47 48 47
51 49 56 52 62 62 60 85 110 246 200 212 184 201 177 172 135 114 100 96 87 3079 76 68 65 65 60
46 46 46 47 48 48 54 57 74 171 150 168 156 204 169 156 107 92 90 79 69 123 63 65 61 65 59
44 42 46 50 46 44 46 47 53 85 93 107 105 128 85 81 62 58 63 55 49 60 49 50 47 50 50
44 45 43 46 52 46 46 50 70 126 114 113 100 123 98 81 74 66 62 58 58 64 55 50 45 49 51
43 44 43 45 51 45 46 49 68 102 93 94 94 106 81 76 75 66 64 63 57 67 70 58 51 58 56
43 44 45 42 46 50 46 47 52 78 87 89 89 78 63 65 65 61 60 54 53 57 66 56 52 55 68
43 46 44 44 46 43 45 50 49 74 89 92 75 56 51 52 51 52 50 46 47 49 50 49 46 51 61
44 44 50 44 47 46 46 51 58 95 125 127 124 70 70 65 65 57 59 59 56 63 71 67 56 54 52
43 45 46 44 48 50 47 51 54 79 117 124 113 79 71 66 63 58 59 65 66 71 88 108 69 75 72
43 43 44 44 46 46 46 46 48 54 67 69 74 61 54 49 51 48 52 45 49 51 54 53 50 58 58
43 44 44 45 52 53 49 47 48 51 75 86 86 69 61 55 55 51 54 45 49 56 49 50 46 46 46
42 47 48 51 156 139 50 54 53 59 100 119 124 88 73 72 69 64 74 72 70 85 94 95 60 70 53
44 45 50 63 187 117 50 54 53 54 85 118 112 80 79 77 76 72 71 72 66 85 103 110 72 80 75
44 45 52 69 95 69 52 48 50 52 65 92 100 73 68 64 59 58 55 51 50 53 53 53 48 49 56
46 54 166 224 183 129 130 70 66 74 185 203 219 149 134 114 105 85 89 73 74 85 64 57 55 54 51
48 85 203 121 72 106 121 128 78 92 201 240 299 212 152 142 137 126 128 135 114 134 104 84 109 89 56
50 64 56 52 52 52 61 74 67 74 143 170 191 121 85 93 88 83 85 85 84 89 66 60 76 85 49
73 105 48 48 49 59 80 101 100 104 143 158 177 124 90 88 81 71 72 72 67 69 57 53 53 54 52
149 98 51 50 53 57 107 178 201 153 173 180 184 147 116 129 122 113 126 166 139 121 126 89 75 77 69
69 49 51 49 54 57 106 199 218 171 185 194 198 137 113 122 102 110 122 140 130 168 141 94 96 102 119
47 46 44 47 47 48 60 103 150 136 137 149 134 75 70 78 69 70 72 76 71 89 83 63 63 74 90
48 47 50 53 53 53 83 243 291 289 232 292 198 85 79 82 78 73 75 74 77 98 84 66 62 57 56
48 50 47 51 57 57 73 282 319 302 247 292 172 89 85 78 78 71 74 82 87 95 71 66 64 59 52
42 44 47 45 46 49 46 73 76 86 79 77 60 55 50 48 47 46 46 49 47 47 45 46 44 49 42
43 43 44 44 44 49 45 46 47 48 49 49 48 46 46 45 44 44 43 44 45 44 44 41 43 50 44
44 46 43 45 47 46 49 57 55 54 56 57 54 55 53 53 50 49 48 44 45 46 45 45 42 45 49
46 45 51 47 54 55 57 72 75 71 75 83 72 76 75 77 64 61 61 57 51 52 51 46 46 46 43
43 46 48 44 49 55 57 66 65 61 66 74 67 70 70 72 64 69 58 51 57 53 50 47 44 45 46
42 48 46 46 46 47 58 57 54 53 56 63 61 58 59 62 63 63 59 47 46 54 46 46 45 44 43
44 48 55 52 59 59 88 81 72 69 78 85 82 72 81 100 88 103 78 47 52 66 49 46 46 44 46
46 57 63 65 80 83 101 105 98 95 106 115 96 91 111 152 138 125 83 72 68 70 58 48 48 49 54
52 46 46 50 61 68 68 73 65 74 76 84 68 71 77 92 89 82 57 66 58 63 49 45 46 51 55
