47 57 143 182 61 46 47 45 47 46 50 59 125 211 128 54 46 44 46 44 45 46 43 42 43 44 44
44 49 97 147 49 45 46 45 46 45 45 48 165 343 96 46 43 44 44 44 45 43 47 44 43 43 44
45 95 111 230 49 44 45 46 45 46 46 46 54 60 52 44 44 42 46 42 44 44 41 43 48 43 43
53 283 203 87 51 48 47 48 44 46 50 48 66 83 147 48 46 45 44 47 43 43 44 41 44 48 44
47 66 106 49 44 44 44 44 44 42 44 51 51 65 96 48 39 44 44 42 43 43 42 43 43 42 44
42 48 68 44 43 43 43 43 44 42 44 47 45 50 55 43 41 42 42 43 44 42 43 44 43 45 44
44 81 133 53 46 46 45 47 44 43 44 43 46 58 56 44 43 44 44 43 42 44 44 40 43 48 44
44 83 183 71 50 52 46 45 46 45 46 46 52 136 150 45 43 42 44 43 44 44 41 43 48 43 43
43 52 65 53 45 44 44 43 43 44 44 44 47 103 110 44 43 44 44 44 44 43 44 42 43 43 43
43 46 63 54 45 43 44 42 43 44 44 44 45 55 61 44 44 42 48 43 43 43 42 43 43 43 44
43 106 207 101 57 48 47 48 44 45 46 46 55 98 77 47 42 44 44 47 44 43 44 43 43 43 43
44 112 176 129 72 49 48 49 46 47 49 49 105 243 194 48 49 44 44 44 43 43 44 44 44 42 44
42 63 76 58 48 45 45 42 44 49 44 44 68 132 108 46 43 48 44 43 44 42 43 43 43 43 44
43 92 174 95 63 46 45 46 45 45 46 43 52 73 61 43 42 44 44 42 44 44 44 46 43 42 43
47 123 252 180 110 52 50 50 49 47 50 58 109 159 136 46 44 43 45 43 44 43 44 44 42 44 48
44 62 130 96 58 47 47 46 47 48 46 48 93 190 138 49 43 44 39 44 46 43 46 43 42 43 43
42 53 76 61 46 44 45 44 46 44 43 44 51 74 53 42 43 43 43 40 44 44 43 46 43 42 43
43 60 105 93 51 46 45 45 45 44 46 45 53 66 57 44 44 43 44 39 44 46 44 45 43 42 43
42 53 63 83 52 47 45 45 44 46 45 45 69 74 57 44 44 42 44 44 44 45 44 42 42 42 43
42 42 50 56 46 44 44 44 42 43 44 42 51 56 46 43 43 42 44 46 44 44 43 42 42 43 43
43 44 49 70 53 46 45 44 44 44 42 45 60 52 45 44 42 43 42 43 44 43 46 43 42 43 43
44 56 65 96 80 59 48 46 46 46 49 61 74 58 53 43 44 43 48 42 44 44 41 43 48 43 43
43 48 55 89 78 53 47 46 44 46 54 61 78 63 51 44 45 43 43 48 42 43 44 42 43 47 44
43 45 52 57 53 47 46 44 44 44 46 51 56 49 44 43 46 43 43 46 44 43 44 41 43 46 43
50 49 67 92 108 96 60 50 49 47 62 85 76 59 46 44 42 44 44 43 44 40 44 47 44 42 44
46 50 71 106 124 137 74 55 53 53 90 124 127 96 56 45 43 45 44 44 45 42 44 47 44 42 44
44 42 53 63 59 66 50 46 46 45 56 65 68 65 47 46 43 42 43 42 44 43 42 43 46 43 44
46 46 68 84 68 70 58 47 47 47 58 71 66 71 55 44 43 41 44 42 44 43 43 42 43 42 44
49 59 102 134 102 107 68 57 51 57 75 88 91 101 70 47 46 49 45 46 44 43 43 42 43 44 43
48 58 94 97 90 95 62 54 52 52 70 87 80 95 68 46 45 46 50 51 48 43 41 43 46 44 44
44 46 60 78 68 60 48 50 53 52 71 74 72 68 49 44 43 44 42 44 47 43 44 43 42 43 44
51 66 109 108 85 85 82 92 80 94 100 124 88 76 52 44 44 46 44 44 44 44 44 44 44 41 44
58 72 96 100 85 84 119 186 195 165 165 149 109 119 63 46 47 50 46 44 44 43 44 44 42 44 49
54 62 81 72 74 79 121 189 180 180 158 154 96 94 56 46 48 49 50 46 44 44 44 44 44 44 43
48 54 53 57 67 79 101 138 117 121 101 84 60 52 46 44 44 46 40 44 48 43 44 43 42 43 44
53 62 73 101 118 132 147 166 152 141 123 123 98 77 50 46 47 48 45 40 45 47 44 45 44 44 44
53 61 71 92 108 118 146 164 125 125 107 97 91 90 52 46 46 47 46 40 44 48 44 44 43 42 44
52 55 53 74 104 103 101 99 95 99 88 93 74 58 46 45 45 44 47 47 44 44 43 42 43 43 44
56 54 45 52 79 84 67 91 81 76 68 62 52 51 45 43 44 42 45 48 44 43 43 42 43 43 43
132 126 62 67 105 116 122 148 131 121 97 106 78 52 46 45 47 59 47 44 47 44 45 44 42 44 44
111 140 56 60 81 112 115 160 116 101 87 92 61 50 47 45 51 70 57 43 44 44 42 44 48 44 43
57 68 46 47 60 75 64 64 53 62 68 57 49 45 44 43 47 51 46 47 43 43 44 40 44 48 44
125 166 58 56 76 127 138 109 84 96 87 67 56 49 46 45 56 60 46 44 44 43 44 44 43 45 44
241 376 79 74 99 193 213 221 152 171 132 96 67 57 52 51 99 116 50 44 46 44 44 47 44 44 45
142 534 78 68 91 175 176 194 133 155 132 91 64 54 53 54 162 191 48 44 46 46 44 46 44 43 45
53 67 50 51 65 89 102 104 69 83 72 64 49 47 50 44 50 56 44 44 44 44 43 43 46 44 42
119 125 73 84 140 238 233 255 202 187 148 101 70 58 51 47 56 57 48 43 45 44 44 44 42 44 48
94 149 85 127 176 255 235 291 250 194 207 151 104 63 53 49 62 61 46 48 44 45 45 44 45 42 46
72 75 66 81 126 170 169 181 154 148 129 94 74 53 49 46 47 52 44 46 43 44 44 43 44 42 44
79 86 80 100 157 166 149 138 118 115 108 92 81 58 49 45 50 49 45 46 44 43 43 43 43 44 42
123 128 146 182 301 281 224 221 202 160 158 198 149 81 63 53 61 56 49 46 44 44 44 44 45 42 46
94 115 175 230 350 315 255 241 202 168 191 259 183 98 72 55 57 57 47 46 46 45 45 46 42 46 49
56 71 91 98 120 145 135 123 96 89 106 143 85 65 50 45 46 48 45 44 45 43 44 43 44 45 42
55 92 115 111 119 132 137 107 85 88 104 110 69 63 56 46 48 49 40 44 49 44 44 43 42 44 44
52 82 72 85 88 96 127 94 79 93 103 95 68 58 49 47 45 47 45 42 44 44 44 44 44 44 47
46 63 52 51 53 65 68 61 58 63 63 58 54 48 44 44 45 44 43 48 42 42 44 43 44 46 43
46 64 53 53 59 75 62 62 64 57 56 63 52 50 46 44 43 44 43 43 44 43 44 43 44 44 44
62 71 69 78 88 95 91 89 88 89 71 70 61 58 54 49 49 49 44 47 45 43 43 42 44 44 42
71 92 94 104 107 113 117 127 116 104 94 91 74 70 69 62 57 58 48 50 50 46 43 44 44 44 45
74 67 73 77 81 82 93 99 94 82 72 73 65 59 57 54 55 60 46 48 44 45 47 44 44 44 43
63 56 63 66 74 68 75 77 76 62 60 61 57 54 53 51 57 56 48 44 44 44 44 46 44 45 44
67 87 103 93 116 103 127 116 106 86 88 81 74 64 68 68 73 87 63 48 47 46 45 48 44 44 48
104 119 123 129 133 140 157 162 149 119 123 111 87 72 88 92 100 106 64 56 58 53 46 47 45 45 53
62 68 71 68 84 95 106 100 83 84 81 74 60 57 63 72 68 71 49 52 51 53 44 45 45 46 58
