46 44 44 43 45 51 45 47 50 55 78 122 46 44 43 44 42 47 44 43 45 44 44 44 43 44 42
45 44 44 44 46 44 43 44 45 48 154 174 48 49 45 43 42 44 44 43 46 44 44 46 44 43 44
69 46 48 44 43 43 43 43 44 52 200 84 51 44 44 43 44 43 44 42 44 42 43 43 44 43 44
217 116 61 44 43 44 44 44 44 46 224 100 211 47 48 44 45 44 46 43 45 43 44 44 42 44 48
267 186 56 47 45 43 44 43 44 46 62 84 174 55 46 45 40 44 44 44 44 43 43 43 44 43 44
78 56 44 42 44 47 44 42 43 43 44 46 57 47 49 44 43 42 43 42 44 44 42 43 47 43 44
91 68 46 45 47 45 46 44 43 44 46 47 67 50 46 44 40 43 48 43 43 43 42 43 44 43 44
115 63 47 47 45 46 45 41 44 41 46 49 124 94 51 42 42 44 43 44 44 44 44 44 44 44 44
84 53 45 44 44 44 44 43 43 43 44 44 66 78 49 43 41 42 44 42 44 43 44 41 43 48 44
86 86 47 44 44 43 43 43 43 43 43 43 48 53 48 46 42 43 44 48 44 42 43 42 43 44 43
274 492 95 42 46 49 44 44 44 43 46 46 63 94 72 47 44 45 44 44 50 44 43 44 42 44 44
100 241 101 46 44 44 44 46 45 45 46 46 106 218 179 67 47 51 47 46 47 44 44 46 44 46 46
46 68 67 44 44 44 43 44 43 44 47 44 54 89 98 54 41 44 49 44 44 44 42 43 44 44 44
45 103 131 72 48 44 44 44 44 44 44 44 46 69 71 54 42 44 48 44 43 44 43 43 44 43 44
44 106 168 109 89 46 44 45 47 44 43 45 59 108 107 85 53 46 46 42 46 44 44 47 44 43 43
42 56 124 79 80 47 46 43 44 48 45 44 48 97 112 95 52 46 45 40 46 49 44 44 44 43 43
42 50 109 88 80 46 45 47 44 43 44 42 44 49 63 63 43 45 43 44 44 43 46 44 44 44 42
43 47 185 188 203 115 46 46 46 44 45 44 44 48 74 77 47 49 45 44 44 44 43 44 46 44 44
43 43 73 150 160 104 46 47 49 44 44 45 45 52 95 109 63 48 44 46 50 45 46 44 42 44 44
44 42 47 61 64 63 46 44 43 44 44 41 44 50 60 63 48 44 43 44 43 43 46 43 44 44 42
42 43 50 48 78 95 68 44 44 44 44 41 44 49 56 58 45 44 44 42 44 46 44 44 43 42 43
46 44 48 46 63 111 109 48 49 44 44 50 46 44 67 86 60 49 49 44 45 46 44 44 44 42 44
47 44 44 44 51 88 90 54 50 44 44 49 46 44 65 85 65 51 48 43 45 45 44 44 42 45 49
42 46 44 44 46 47 57 53 50 46 42 44 50 44 51 57 46 51 45 45 43 43 44 43 44 44 40
43 48 44 44 47 54 95 110 110 56 45 46 51 47 73 84 82 67 52 48 46 46 42 45 50 48 43
44 44 43 45 44 52 84 119 139 86 52 48 50 54 118 153 138 102 76 56 51 50 47 44 48 49 46
44 43 43 44 45 44 51 56 62 59 49 46 46 45 66 91 77 70 61 52 48 46 45 43 47 55 46
43 44 45 46 48 44 46 70 77 72 63 46 46 52 54 71 72 72 65 59 48 45 45 46 46 53 45
43 44 44 49 43 46 58 83 86 76 74 57 49 48 54 90 84 71 76 76 52 45 46 45 46 48 46
43 44 44 43 44 48 47 63 65 68 60 79 47 48 55 68 70 67 70 68 60 46 47 48 44 46 50
56 54 49 48 50 51 53 66 68 75 104 4032 93 102 98 106 107 110 103 110 84 71 62 56 60 75 58
49 59 45 44 45 45 45 59 102 84 84 108 67 70 66 81 88 99 83 81 56 49 45 44 46 46 45
54 55 46 46 47 46 48 76 114 129 132 174 130 170 159 159 140 146 114 105 79 65 51 48 50 55 50
45 49 46 46 47 47 48 56 60 87 91 151 139 198 214 200 146 144 119 102 84 65 52 48 51 58 52
43 46 46 45 46 43 46 51 47 56 72 91 100 156 135 116 102 96 82 72 61 56 49 45 46 49 45
43 46 50 45 45 42 45 54 47 78 83 99 101 122 106 79 78 80 69 75 63 49 52 46 46 54 44
43 43 49 45 45 45 43 47 52 64 78 76 90 123 83 68 67 65 63 65 62 48 49 46 46 76 48
43 43 45 45 46 44 43 47 49 57 64 75 78 99 79 72 68 72 62 61 62 48 48 45 53 83 48
44 44 50 45 46 44 44 46 45 46 63 80 95 95 79 76 61 63 60 57 56 47 46 45 50 67 47
44 46 50 46 66 55 45 50 46 48 71 97 108 114 95 114 89 80 78 63 54 55 49 48 71 93 51
49 46 46 45 57 66 48 51 47 45 56 86 102 119 102 108 80 76 85 83 65 56 54 62 156 288 89
46 44 43 44 46 54 50 47 45 48 46 52 69 68 64 63 56 57 69 63 58 50 46 54 142 256 69
44 48 44 42 46 94 94 56 44 45 48 64 76 72 63 60 55 57 66 62 49 47 46 46 59 79 49
44 47 45 43 46 95 127 100 45 47 50 61 86 76 66 68 65 64 75 78 63 50 50 56 170 171 45
44 45 41 44 46 53 106 115 46 45 48 49 70 72 71 78 78 74 82 83 67 51 47 54 91 98 48
42 43 40 44 48 45 58 87 47 45 45 48 55 61 70 74 65 71 74 78 60 47 47 49 65 67 45
44 47 50 47 51 50 69 929 85 52 52 57 65 116 191 179 163 150 152 140 85 67 55 52 58 68 48
45 49 53 48 51 51 55 135 72 56 58 72 91 181 302 300 314 273 284 341 214 163 79 67 96 104 54
45 46 47 47 48 50 50 67 56 51 53 65 74 98 156 169 175 197 200 211 272 268 142 67 114 174 71
42 44 45 44 45 45 46 53 48 47 47 58 77 69 75 88 85 82 82 122 163 129 88 53 62 74 57
44 46 45 46 47 46 50 56 57 58 54 73 108 94 104 109 107 107 117 168 233 223 201 121 75 120 68
45 46 46 47 46 47 46 57 55 60 62 91 112 105 118 109 101 108 126 148 235 288 203 186 107 194 91
44 48 44 45 46 46 47 53 50 55 52 67 91 102 112 111 99 116 108 148 245 210 162 125 76 95 63
44 46 47 46 47 47 45 59 52 52 58 74 99 146 173 153 118 110 99 152 300 187 120 76 63 65 49
44 46 46 44 47 50 48 59 50 51 69 100 104 121 129 136 120 100 101 171 248 200 109 70 64 65 48
43 43 44 44 45 44 45 48 45 50 48 52 57 60 70 71 72 66 65 99 82 77 65 52 50 49 45
42 43 44 44 44 44 45 46 46 45 44 48 49 50 54 58 61 62 70 69 58 53 49 47 46 47 45
44 44 49 44 43 45 45 50 46 49 50 56 59 61 66 80 80 82 100 85 69 65 55 50 50 50 46
45 44 52 45 46 46 49 58 51 54 58 70 66 74 86 96 103 112 130 115 95 97 82 70 63 53 47
45 44 44 44 45 44 46 54 49 53 50 56 58 62 70 80 92 103 108 94 82 96 77 68 59 51 46
42 44 45 44 45 45 47 49 47 50 48 50 54 55 61 71 90 105 88 81 74 95 71 57 53 50 48
44 46 48 45 53 52 59 67 53 54 62 66 63 66 88 123 160 225 167 110 101 102 85 61 61 56 50
48 55 50 49 58 62 66 80 64 63 72 76 69 78 102 158 185 242 162 129 127 136 110 82 64 60 53
48 45 44 46 52 51 51 59 49 51 54 59 57 61 74 101 112 130 90 100 100 110 78 60 60 55 59
