43 43 44 43 45 50 52 64 156 296 83 60 50 110 155 163 80 51 48 45 46 46 46 46 45 43 44
43 49 44 43 46 44 47 55 262 572 78 56 55 78 100 81 49 48 44 46 51 46 46 44 43 44 46
42 43 44 42 43 45 44 50 119 184 53 46 45 48 69 57 46 45 43 47 44 44 44 44 44 44 45
43 43 44 43 44 44 45 53 65 79 62 52 49 58 284 315 55 50 46 49 46 46 46 42 43 47 44
47 44 44 44 43 43 46 48 50 51 50 54 51 52 111 287 55 51 48 44 45 44 44 44 40 44 44
42 44 48 43 44 43 43 45 44 45 45 43 46 50 66 121 51 44 44 43 45 42 44 48 44 42 44
42 40 44 44 45 41 44 48 44 44 45 44 45 45 51 77 58 45 44 42 44 43 43 44 41 43 49
43 43 44 43 45 43 44 50 45 45 45 44 46 46 54 97 85 49 46 41 45 43 44 43 43 44 44
42 43 42 43 43 43 47 44 49 47 44 44 44 48 50 84 92 49 47 51 45 42 43 43 43 44 41
42 43 43 44 44 43 44 43 44 44 46 45 43 44 51 63 74 51 47 44 42 43 43 44 43 41 44
42 44 45 44 46 43 42 45 45 45 46 45 46 51 48 61 91 65 44 48 45 42 43 42 43 44 42
44 44 45 43 46 46 63 99 104 126 138 105 77 68 63 131 255 247 54 51 51 48 47 44 44 49 45
42 45 43 43 45 42 45 52 60 68 59 52 49 48 59 63 119 174 56 46 46 44 44 44 41 44 48
43 43 48 42 44 44 45 53 55 51 49 46 45 44 48 49 56 67 49 42 44 43 43 43 41 43 49
43 47 48 42 50 68 79 83 88 78 79 69 63 65 51 65 102 117 78 48 52 45 48 44 42 43 44
42 44 44 44 44 46 53 50 60 61 61 63 54 55 52 54 97 107 79 47 51 45 44 44 43 43 44
42 43 44 44 41 44 49 44 43 44 44 44 45 42 44 49 47 57 49 38 44 49 44 43 43 42 43
42 43 44 43 44 42 46 53 53 56 61 54 46 46 46 45 49 51 48 43 44 42 43 46 43 44 44
42 43 44 44 45 42 46 56 59 59 72 62 52 51 53 47 54 54 55 49 45 45 44 42 43 44 43
42 44 44 44 45 43 45 44 44 45 44 45 49 44 43 44 45 46 46 41 44 48 43 43 43 44 43
44 49 45 42 48 45 47 50 46 46 50 47 46 45 43 44 46 50 47 44 49 43 42 43 42 43 44
43 43 48 48 49 57 61 86 76 74 78 70 57 57 53 57 61 79 84 54 46 46 45 45 43 43 46
43 42 44 44 45 46 48 52 56 57 65 62 52 58 53 61 75 84 105 70 47 49 45 44 44 46 44
48 43 43 44 43 43 45 46 46 44 48 50 46 45 48 51 60 62 64 49 46 47 44 44 43 40 44
49 46 43 44 46 51 49 58 66 64 84 72 59 52 60 68 82 83 93 64 51 47 46 47 44 42 43
45 46 46 44 47 53 55 61 83 96 136 133 107 84 115 112 120 143 173 163 75 60 46 46 44 44 45
43 41 44 44 44 47 46 45 46 48 50 52 48 51 64 68 84 93 118 144 75 51 46 44 46 45 43
43 42 46 47 45 43 44 46 50 49 50 51 55 53 59 68 79 84 82 63 51 46 45 44 44 42 44
44 44 49 51 46 49 49 56 63 64 71 70 59 71 78 82 83 84 84 93 56 47 46 46 44 41 44
41 44 49 48 45 44 44 50 50 58 59 54 59 73 85 82 68 73 74 79 55 46 45 44 43 44 42
42 44 44 44 42 44 46 45 45 47 48 49 56 69 73 85 73 88 78 71 48 45 45 41 43 50 44
45 49 44 44 45 44 48 56 59 64 69 78 87 147 129 155 121 149 135 71 52 50 49 46 41 46 52
44 46 50 44 46 47 50 55 59 66 68 76 138 152 169 190 139 180 204 101 59 53 50 47 42 46 57
44 44 48 44 46 47 48 60 68 77 90 128 167 234 203 187 131 152 160 96 58 54 52 48 45 50 73
43 44 44 44 43 45 47 49 51 54 61 67 77 134 107 99 87 101 83 57 51 48 46 45 45 45 46
43 44 45 46 47 46 57 62 65 72 74 77 76 94 98 81 74 75 70 60 49 50 47 45 44 43 44
42 43 47 44 46 44 51 68 63 63 70 64 65 83 79 64 69 66 62 54 48 48 46 49 50 44 44
42 44 45 44 45 44 46 53 48 50 56 58 65 73 72 70 70 65 60 60 47 44 49 56 51 46 43
43 50 44 43 46 46 49 53 52 58 58 62 72 91 76 87 80 68 52 51 48 46 78 68 44 44 42
45 49 48 53 63 77 103 140 123 126 114 107 107 118 98 122 86 79 60 57 58 69 330 235 43 44 46
44 49 45 48 49 58 70 106 106 106 98 103 110 118 101 120 82 73 59 57 58 173 499 303 46 45 46
43 43 44 43 45 47 48 51 54 53 56 58 74 78 73 88 59 53 50 47 54 165 220 71 44 45 44
47 44 44 44 48 59 62 61 59 66 67 69 72 73 62 73 51 49 48 49 62 102 63 42 42 43 44
49 46 44 47 61 97 93 106 85 94 86 94 86 79 69 74 65 56 54 63 91 139 89 48 44 42 44
44 46 43 46 52 67 62 72 68 81 83 89 90 79 73 80 71 64 57 60 77 162 69 49 44 43 44
43 39 44 50 46 47 49 53 55 62 70 87 108 86 80 85 72 61 55 53 65 94 56 46 44 44 43
48 53 50 53 51 55 57 75 88 106 128 151 174 172 177 173 143 75 66 72 101 76 56 48 45 44 42
49 55 49 48 53 59 72 167 153 153 191 237 263 219 214 256 274 141 107 174 231 143 73 53 46 45 47
42 46 50 46 47 50 52 63 76 97 126 142 165 138 145 173 189 117 115 181 207 110 73 49 46 45 46
40 44 50 45 45 47 48 51 54 58 61 71 80 69 67 84 100 65 68 84 94 80 47 45 43 44 44
45 45 52 57 56 64 76 89 95 89 89 105 108 90 86 105 101 100 113 169 170 164 52 48 42 46 49
44 45 48 49 56 59 98 105 107 102 91 106 98 87 91 108 90 116 122 179 178 180 53 48 43 45 47
44 44 47 47 48 50 56 64 75 77 76 95 95 84 99 111 104 140 155 198 172 111 51 46 45 42 45
45 48 48 47 58 58 86 106 104 112 114 120 107 106 104 132 138 190 170 209 138 98 55 48 44 45 46
47 60 51 56 76 132 190 158 156 152 147 154 129 108 101 119 196 232 222 255 145 85 61 50 46 45 46
43 45 45 46 50 56 66 58 61 56 57 60 58 58 62 78 114 120 119 129 70 53 49 44 44 43 44
42 43 45 43 44 46 49 47 45 44 46 46 46 47 46 53 55 58 59 57 47 43 44 43 43 44 41
44 48 45 43 45 47 47 46 46 46 47 51 49 49 56 64 59 63 63 57 48 44 45 44 44 44 42
49 50 47 44 46 50 54 52 50 54 62 63 65 74 85 98 88 92 96 74 62 54 52 45 44 43 46
44 46 46 47 46 50 48 53 56 52 54 61 65 70 83 95 95 99 84 71 64 66 57 46 42 43 44
43 44 47 53 46 46 46 48 52 48 48 52 54 57 65 76 87 89 74 57 56 59 50 51 44 42 44
43 48 68 51 50 50 59 57 54 60 59 65 64 68 88 123 132 156 107 66 63 63 52 49 44 44 46
46 79 71 55 65 69 76 82 78 76 87 93 85 95 130 206 209 229 129 93 84 88 64 47 45 47 47
49 52 49 52 53 56 58 63 58 63 66 73 66 78 93 125 138 125 77 81 74 80 56 50 45 46 53
