49 46 45 50 52 80 118 130 59 47 44 45 46 46 46 42 44 70 130 85 48 45 43 44 43 44 44
46 44 49 46 47 63 233 430 130 54 50 50 52 49 48 51 50 307 393 147 49 46 45 46 46 46 47
43 43 44 44 44 45 66 66 54 45 44 44 44 44 45 43 46 95 93 76 46 42 43 48 44 43 46
43 45 45 44 44 47 131 49 44 44 45 44 44 43 44 44 43 48 51 54 44 48 44 43 43 42 44
42 43 44 44 47 50 285 65 46 47 45 43 44 44 44 45 45 46 65 121 46 44 46 44 45 44 42
44 43 44 46 49 64 475 122 52 50 47 46 47 46 46 47 48 48 118 343 59 47 46 44 44 44 45
43 47 45 42 45 52 129 63 49 46 48 47 48 46 49 46 46 47 111 426 61 44 42 45 49 44 43
46 44 41 47 45 49 85 57 44 41 45 42 45 44 44 44 43 45 53 109 46 43 44 43 43 42 43
43 46 44 50 46 54 165 79 47 45 46 44 45 44 44 45 43 47 59 140 53 44 43 44 42 43 44
42 44 44 45 43 58 158 81 48 47 46 44 46 43 45 50 46 49 123 228 62 51 49 44 44 44 44
43 44 44 44 44 50 115 79 50 47 46 45 48 43 46 51 45 48 104 208 71 59 45 43 43 43 44
42 44 45 46 48 46 80 76 50 46 46 43 45 45 43 44 45 46 58 93 50 45 44 41 43 47 44
43 48 47 44 46 78 222 179 71 49 48 46 46 46 51 47 46 53 118 146 75 46 43 44 48 45 43
43 44 42 45 45 73 198 174 105 52 49 48 48 45 49 54 49 64 224 268 149 52 45 45 42 45 49
42 43 44 46 45 44 68 58 48 45 43 44 49 44 44 44 44 47 95 116 62 45 44 43 44 43 44
42 44 43 44 49 54 99 88 50 45 45 42 45 47 45 44 44 44 50 67 47 42 44 44 43 44 44
43 43 44 45 48 54 151 119 61 47 46 44 46 50 46 45 49 50 65 117 52 43 45 46 44 44 43
44 43 44 42 44 49 59 55 46 44 44 44 44 44 49 44 46 46 52 64 52 44 43 45 42 43 44
41 43 45 44 44 41 46 51 44 42 44 42 44 44 42 43 43 46 45 44 44 42 43 45 42 43 47
43 43 46 42 44 45 47 51 47 46 46 44 43 43 44 43 42 45 50 46 43 43 42 43 44 43 44
44 43 44 47 44 50 58 79 64 49 45 45 45 44 44 46 45 51 51 49 44 43 48 44 43 44 43
43 48 44 43 44 43 49 57 55 47 43 44 48 44 43 45 44 48 58 49 43 43 44 43 44 42 46
41 47 44 44 45 44 51 72 89 62 46 45 44 44 45 45 46 56 63 44 46 49 44 43 44 46 44
42 45 46 46 46 45 111 153 221 169 85 56 55 55 53 60 83 127 124 92 65 48 50 46 45 45 44
45 44 46 45 47 50 86 130 226 187 105 61 57 55 56 72 124 165 195 158 81 53 46 46 46 46 45
42 48 44 43 45 43 51 54 65 59 54 48 50 46 46 51 64 83 79 66 55 46 46 48 42 43 44
44 45 50 46 48 51 106 183 238 199 138 76 58 58 64 92 126 137 121 88 71 51 54 47 45 44 45
47 47 50 59 59 72 220 357 404 345 268 177 117 94 126 236 373 358 331 266 178 75 54 61 54 51 47
49 45 48 75 60 58 95 157 176 136 117 95 78 71 99 144 172 189 164 159 99 56 55 69 62 48 45
46 44 55 50 48 55 89 154 120 136 101 90 81 70 85 103 100 112 110 100 58 55 46 48 48 46 45
44 49 111 69 54 147 124 151 123 143 133 125 128 127 115 156 128 133 117 132 72 63 48 50 46 49 45
44 42 60 51 51 58 94 167 171 150 135 142 135 172 143 196 134 126 134 156 76 70 61 52 69 47 44
45 49 43 49 52 48 58 78 107 188 198 195 103 119 129 219 136 143 111 92 54 67 64 58 78 46 46
52 47 47 65 73 60 73 218 283 320 343 368 277 255 276 308 217 235 188 93 60 54 62 81 52 48 48
47 48 53 96 185 69 74 190 227 275 277 321 304 370 303 282 211 208 186 125 61 55 96 308 52 49 51
44 45 49 53 101 49 53 76 114 155 155 222 237 289 221 167 142 110 83 69 50 47 51 59 51 45 43
44 44 45 46 50 48 56 75 117 110 112 110 130 152 116 99 94 90 72 55 48 46 46 48 45 49 47
45 45 49 49 49 46 50 71 95 103 105 104 106 125 103 108 87 84 76 51 47 50 47 47 45 43 44
42 38 45 49 46 43 44 45 48 56 61 59 61 58 60 59 57 54 47 45 42 43 49 44 43 44 44
44 43 46 43 46 45 43 46 51 66 67 56 51 51 51 56 67 50 45 45 43 44 44 43 43 42 44
44 43 44 44 43 44 49 44 43 49 50 46 47 46 46 52 49 44 44 39 44 51 44 43 43 42 44
45 44 46 45 44 43 41 44 49 46 45 45 46 46 45 44 47 44 44 39 44 49 45 43 43 43 45
42 44 44 43 45 41 44 49 46 45 48 46 46 49 44 46 49 43 41 44 42 44 50 46 44 45 44
43 44 44 43 44 44 44 43 45 50 50 49 46 44 44 48 50 42 44 48 44 46 45 45 44 44 44
43 47 44 44 45 42 44 43 46 46 46 46 50 45 44 46 45 44 43 43 47 44 46 44 42 43 44
43 44 43 44 48 45 44 42 44 45 49 50 46 46 51 49 45 44 42 44 48 45 46 44 42 42 44
47 44 45 47 157 81 48 48 46 59 81 91 84 69 72 77 56 51 46 46 46 108 97 43 44 49 44
48 45 45 46 258 60 46 48 49 55 79 101 93 76 72 73 59 52 48 44 46 89 61 51 45 43 44
44 43 42 43 49 44 44 43 46 52 64 73 74 55 54 54 47 46 50 42 44 46 43 44 47 43 44
44 49 47 46 56 50 49 58 63 82 137 194 271 170 134 111 86 66 60 50 48 48 44 49 50 44 45
44 46 45 45 52 47 48 55 60 80 122 193 257 174 127 122 80 65 56 51 46 48 51 49 46 44 43
42 43 40 44 50 44 46 47 48 53 68 100 107 76 69 63 51 48 47 46 42 45 49 45 44 44 43
44 45 42 46 58 47 51 59 69 127 186 224 217 163 138 145 114 74 59 54 50 47 48 53 46 44 46
45 50 51 49 60 51 58 76 117 322 332 332 262 230 191 230 249 130 87 66 55 52 50 54 47 46 47
42 51 50 45 49 46 47 53 63 130 158 128 97 81 78 104 132 78 57 53 47 45 45 47 44 44 42
44 45 44 46 46 44 45 44 46 54 61 63 51 49 55 63 70 52 47 41 45 43 44 42 43 44 44
46 43 45 50 49 46 49 56 65 83 116 130 84 73 82 161 122 81 66 56 48 46 46 47 43 44 49
53 46 51 46 52 48 53 74 83 98 135 146 114 106 119 205 190 142 113 88 57 49 49 49 46 45 47
50 44 48 46 46 45 49 55 57 63 68 71 68 66 76 92 96 95 78 63 52 46 48 46 45 45 45
63 45 45 46 45 46 57 56 51 55 58 60 60 56 61 76 79 80 72 64 59 48 49 50 45 44 45
63 55 49 57 65 61 80 98 94 87 95 106 118 99 113 146 171 191 124 89 78 84 76 63 47 49 47
49 64 57 76 74 72 93 106 92 90 102 105 110 98 124 167 179 215 144 92 78 76 82 65 46 56 52
47 63 46 54 55 56 58 66 61 63 73 69 66 66 70 91 86 99 66 60 54 57 53 49 45 53 52
45 53 46 44 49 50 53 58 54 59 67 64 58 61 64 71 67 64 55 56 59 65 49 45 45 47 49
