43 44 44 43 44 43 44 46 44 45 44 43 45 44 43 46 44 50 46 44 46 44 44 43 45 46 41
43 43 45 42 44 43 44 44 41 44 49 44 43 43 43 43 41 44 48 44 45 44 42 43 44 44 44
43 42 43 43 44 43 44 44 43 48 44 42 43 43 43 44 43 43 40 44 45 43 46 44 42 43 43
42 42 43 44 44 44 43 44 46 43 43 43 44 43 44 40 44 43 44 40 44 43 44 47 44 42 43
41 43 42 43 44 43 46 45 44 43 44 44 43 43 44 43 43 42 44 41 44 45 44 46 44 42 43
41 43 42 43 44 44 47 44 44 46 44 42 44 43 44 44 44 43 45 45 45 47 44 42 43 42 43
43 40 44 41 45 57 60 54 44 42 44 44 45 44 44 45 43 43 46 51 44 46 44 42 42 43 43
42 42 42 43 46 72 168 115 51 46 46 44 46 44 45 45 47 48 104 118 52 44 41 44 40 44 41
41 44 44 44 45 65 223 82 48 45 45 43 45 44 45 46 47 48 121 170 50 45 43 44 49 44 44
42 45 44 42 44 43 81 75 45 45 48 44 44 44 43 43 46 46 73 89 43 44 45 43 43 46 44
42 45 49 45 44 46 364 420 93 52 49 52 48 48 48 47 58 79 152 69 45 50 43 43 44 44 44
46 47 49 50 50 49 122 701 514 206 66 69 64 62 62 68 318 597 821 119 50 52 51 48 46 47 46
46 46 47 49 53 51 67 398 591 264 68 68 67 65 62 71 474 1037 896 78 51 56 52 44 47 51 47
44 42 45 43 47 50 51 93 345 117 54 53 52 51 54 53 108 452 106 47 46 48 43 44 49 44 43
43 41 44 50 46 44 54 54 58 54 49 46 46 46 50 49 58 71 65 50 45 44 44 44 43 43 43
43 41 44 48 44 43 49 55 57 56 47 46 48 45 48 48 53 69 68 54 46 45 43 44 44 45 44
42 43 41 44 49 43 43 45 46 46 44 44 44 44 44 46 43 47 47 50 45 43 44 44 43 44 44
43 44 42 44 49 44 43 46 44 46 45 44 44 45 44 45 43 44 45 50 44 42 44 42 42 44 43
42 43 44 41 44 49 44 46 45 45 46 44 44 44 45 45 44 50 46 44 44 42 44 43 43 44 44
40 43 44 45 42 43 44 44 44 42 45 47 44 42 44 44 43 49 44 42 44 42 44 44 43 44 44
43 43 46 42 44 44 43 45 42 44 49 44 43 43 44 44 40 44 49 43 44 43 42 43 43 44 44
42 43 44 43 44 44 44 46 46 46 46 42 44 44 44 45 42 45 40 43 49 43 45 44 42 43 44
42 43 44 44 43 45 46 45 46 44 45 43 46 44 45 43 43 45 44 40 44 46 44 46 44 42 43
41 43 44 43 44 44 44 45 42 44 50 44 43 44 44 44 43 44 44 40 44 42 43 47 43 42 43
42 43 42 43 44 43 44 42 44 48 45 42 45 44 44 44 43 44 44 41 44 47 44 43 43 42 43
42 39 44 48 44 43 44 44 44 44 46 41 45 49 45 43 43 42 44 47 44 44 44 42 42 44 43
43 45 44 44 44 42 43 43 43 44 42 44 50 44 43 44 42 44 43 43 46 43 46 43 42 43 43
43 45 44 43 44 43 43 44 44 44 45 44 45 43 44 44 42 43 45 43 44 43 42 43 46 45 42
42 42 44 43 44 44 44 45 42 45 48 45 44 44 45 45 46 44 43 44 47 44 42 43 43 43 44
42 43 44 44 44 44 47 45 43 44 44 45 46 45 46 45 46 46 43 43 44 43 43 42 44 46 44
47 43 42 43 43 43 44 43 44 43 44 47 45 43 44 44 41 43 44 43 44 41 43 48 43 42 43
43 40 44 41 44 49 44 43 44 44 45 46 44 45 46 46 44 43 42 43 44 43 44 41 43 48 44
42 40 44 44 47 48 46 49 62 84 80 74 66 81 88 93 56 49 46 44 44 49 44 44 47 44 42
44 44 42 50 51 46 53 58 72 119 127 145 142 164 179 162 84 60 51 45 47 59 51 44 42 44 47
43 43 44 51 51 44 47 54 66 94 106 115 111 141 134 131 64 51 53 46 45 54 49 44 44 43 44
43 44 42 48 55 45 47 66 84 107 103 128 110 135 112 98 67 60 49 45 46 54 51 44 42 43 44
43 44 42 47 54 45 48 70 76 88 93 101 113 121 103 89 72 62 51 49 46 52 49 42 43 44 44
43 44 45 46 50 48 48 75 84 92 105 109 106 114 114 92 74 81 55 46 46 54 49 44 44 43 44
43 46 44 50 55 44 49 78 92 128 164 143 200 163 119 99 70 61 51 44 46 60 53 45 42 44 49
45 43 48 52 57 48 53 119 148 163 171 190 202 191 157 141 112 79 63 48 47 65 56 45 45 45 44
43 44 45 49 56 51 51 103 145 135 144 183 210 159 133 119 93 74 54 48 53 63 55 46 43 44 45
42 43 44 47 47 45 50 55 71 86 98 92 101 104 78 82 66 52 48 40 46 56 48 44 44 42 43
43 42 44 46 48 46 48 82 100 90 91 91 91 71 67 67 61 52 48 40 46 56 48 44 44 42 43
42 43 44 47 50 49 60 106 99 87 79 83 74 70 67 69 71 55 51 51 48 58 53 44 43 44 44
44 43 44 49 54 46 50 78 91 87 90 87 84 78 72 74 74 51 50 52 52 68 63 50 44 45 44
42 47 45 55 52 43 46 53 61 85 86 93 86 78 76 64 52 49 44 45 51 86 83 45 42 43 44
46 46 50 404 221 57 56 76 127 238 267 266 214 209 193 133 78 65 57 51 61 472 249 47 47 45 44
48 48 49 279 655 64 65 105 173 295 344 371 370 311 281 273 117 80 68 56 127 701 477 56 48 48 47
49 45 45 64 78 49 52 69 95 169 223 219 186 190 153 158 74 62 53 48 73 269 154 48 46 46 45
47 45 43 49 55 45 47 59 73 85 95 96 105 88 88 72 57 51 53 43 50 74 56 44 44 44 46
46 50 45 54 73 50 55 101 106 95 106 111 110 96 95 94 84 74 56 46 66 101 74 48 46 43 44
46 41 45 54 69 55 69 135 114 103 108 123 105 100 95 94 78 81 65 50 68 108 70 45 50 45 44
44 45 41 49 56 50 64 110 138 115 110 123 108 89 92 85 76 68 60 48 56 62 56 44 47 45 43
46 48 46 59 64 50 76 146 322 307 201 229 192 169 140 178 144 87 76 54 54 79 63 45 46 43 46
47 47 48 64 74 59 140 170 356 393 300 289 232 220 188 279 234 113 103 72 63 89 70 46 46 46 46
44 47 46 48 54 46 57 65 84 109 115 101 91 92 95 128 82 62 58 54 47 54 51 43 45 45 42
46 47 44 44 48 51 52 57 61 57 62 68 58 57 65 64 56 58 58 54 44 46 46 45 46 42 44
50 47 46 51 60 62 76 97 97 92 94 93 84 93 97 110 93 85 88 71 49 56 51 48 43 44 48
53 46 59 57 72 79 94 120 118 116 121 125 112 123 122 126 127 131 116 94 65 70 60 45 44 45 43
60 46 49 51 58 60 69 90 85 76 81 87 84 86 92 95 96 98 88 71 65 66 57 50 46 44 46
57 46 48 50 52 55 66 73 68 63 64 70 73 65 70 81 89 98 81 55 57 67 53 46 44 44 45
47 61 70 63 76 73 90 101 88 81 88 99 91 80 106 144 141 186 133 63 63 73 60 44 44 43 47
49 74 71 76 90 81 89 116 106 96 108 121 98 97 120 179 162 181 115 85 68 72 64 44 44 48 52
48 52 45 52 69 67 66 75 68 72 79 88 73 78 90 109 103 97 66 65 65 70 57 47 45 49 57
