43 43 44 44 42 44 50 47 47 54 74 158 69 54 69 161 344 57 49 52 50 52 47 45 44 45 44
44 44 43 46 45 42 44 44 46 46 64 309 95 47 75 73 108 52 46 48 49 46 47 45 43 43 45
43 45 43 42 44 43 44 44 42 44 58 208 47 44 52 53 46 48 46 43 47 44 44 44 41 43 48
44 43 44 43 44 44 45 45 43 46 53 78 61 56 196 532 75 50 50 51 49 50 47 42 44 48 44
48 44 43 44 43 43 44 44 44 42 46 58 51 49 63 340 162 52 49 47 47 47 46 42 44 42 44
48 43 42 43 42 43 44 43 44 42 44 48 45 44 46 85 63 45 45 44 44 41 44 48 43 42 44
44 40 43 42 44 48 44 42 43 43 43 44 44 44 47 58 64 49 44 44 44 44 44 40 43 45 44
44 39 44 48 44 40 44 42 44 41 46 44 47 46 47 82 97 81 49 50 46 46 44 40 44 42 44
44 44 43 43 45 43 44 44 44 44 44 45 44 45 46 51 74 90 54 46 48 45 44 44 43 43 43
43 46 44 44 44 42 43 43 43 44 42 44 49 44 43 45 56 77 60 46 45 44 44 43 44 41 44
42 44 45 44 46 44 43 44 44 45 46 44 47 52 47 46 60 144 139 62 48 47 45 44 44 43 44
44 46 50 48 50 51 61 90 92 112 119 118 142 128 89 86 125 369 630 307 74 81 60 48 46 50 46
43 48 46 44 47 43 47 56 61 65 68 81 82 64 60 63 70 196 346 181 59 62 51 47 42 44 49
43 44 46 44 46 44 46 46 51 53 49 46 49 46 46 49 45 59 79 56 46 45 45 44 41 44 49
50 60 63 53 64 75 79 84 86 77 81 70 74 77 60 62 59 113 117 119 68 54 49 46 42 44 44
43 47 46 44 47 50 57 62 62 60 66 64 62 69 60 58 54 93 107 125 76 55 46 45 44 44 44
42 43 46 44 42 44 49 44 44 45 44 45 46 44 45 52 44 49 62 66 51 52 45 43 43 42 43
46 46 49 47 46 46 49 52 59 56 56 56 49 50 48 47 54 45 49 59 53 50 45 43 44 43 44
45 49 52 48 46 47 54 68 66 64 73 68 60 61 62 65 51 47 55 114 107 56 48 43 44 44 44
43 51 45 43 44 43 44 45 45 44 46 42 46 46 46 45 44 43 46 62 64 45 45 42 43 44 43
44 44 47 44 49 46 50 46 46 46 49 46 46 46 45 44 45 46 46 49 54 44 44 43 42 42 44
46 46 59 56 58 64 72 77 80 72 69 64 62 64 66 59 54 53 74 88 64 54 55 46 43 44 43
43 43 52 48 47 50 48 58 64 58 63 65 57 66 72 60 55 55 90 103 86 63 55 49 44 44 44
45 44 43 44 44 43 46 45 45 50 46 46 46 47 47 46 46 46 59 57 62 47 48 49 43 43 44
50 48 45 44 46 48 48 53 55 60 62 65 60 56 58 61 50 63 89 83 89 75 51 46 44 42 43
48 48 50 49 51 56 54 62 71 86 106 133 132 125 154 172 73 126 187 235 206 208 86 51 45 48 46
44 42 46 46 46 48 48 46 48 50 52 56 53 60 74 79 65 87 128 168 207 189 78 48 47 44 43
43 43 45 48 45 43 44 44 46 46 47 48 55 58 63 66 61 65 76 71 89 53 47 49 44 42 43
45 48 50 46 45 48 47 52 54 54 63 63 65 85 74 84 66 71 73 76 88 74 56 48 43 43 44
43 44 44 46 44 44 43 46 52 49 49 54 58 72 63 68 65 73 72 65 64 63 49 47 43 43 45
40 44 49 44 44 44 43 44 45 45 46 45 49 56 53 58 72 81 86 98 74 56 48 43 43 49 45
44 48 44 44 45 42 46 52 47 48 51 59 66 98 94 142 101 142 145 158 94 85 56 47 45 45 49
50 53 52 51 55 59 66 76 74 83 96 116 136 159 162 193 179 241 269 331 287 2785 157 70 51 49 53
44 44 46 45 46 46 46 54 61 64 71 93 105 165 171 132 117 148 153 156 89 97 58 50 45 45 74
42 44 45 44 45 43 46 51 48 46 50 54 58 69 76 86 93 112 106 86 59 59 49 46 43 44 45
44 46 48 47 48 49 59 59 58 63 65 72 66 72 78 75 74 79 69 70 60 58 50 44 44 47 44
45 48 47 45 50 51 53 63 64 58 59 63 60 70 67 60 67 72 67 63 56 55 48 44 48 52 44
42 44 45 44 46 44 46 53 47 46 50 52 53 61 58 63 64 70 63 71 53 50 47 47 57 56 42
42 50 45 46 46 46 46 50 50 48 49 55 53 65 64 66 81 84 66 56 50 49 58 66 49 46 42
49 52 52 62 70 81 103 133 101 99 94 91 86 95 79 95 86 97 88 75 63 65 123 392 71 44 45
47 56 46 49 51 59 71 98 96 83 81 86 88 89 78 104 82 85 77 71 63 70 356 605 71 44 44
43 44 44 44 45 46 46 50 55 49 50 51 54 57 57 64 54 57 54 52 54 56 254 217 47 43 44
44 44 44 44 47 52 56 57 56 55 59 57 62 63 56 58 52 51 48 47 53 64 102 74 44 43 44
48 47 46 48 55 77 84 88 78 80 79 79 80 68 62 66 61 63 61 59 75 111 132 90 44 43 44
43 40 45 51 50 56 58 63 62 66 74 74 79 70 66 76 70 71 66 63 73 123 136 61 45 43 44
44 40 44 48 45 46 47 47 48 50 52 59 59 63 65 70 62 76 58 65 63 102 100 49 46 44 42
48 52 46 47 48 49 52 62 69 82 100 118 147 131 116 125 111 137 87 100 149 233 81 53 45 45 47
50 58 50 48 51 52 59 90 95 116 145 173 204 168 147 174 250 253 159 253 310 427 152 70 47 45 47
43 48 52 50 49 50 54 59 59 66 78 99 114 108 105 132 169 183 143 266 352 352 196 64 46 45 47
42 49 50 46 46 46 47 50 50 51 54 60 67 63 63 71 74 83 76 127 223 134 108 50 45 44 44
46 46 49 54 52 53 64 68 67 69 74 90 98 82 86 102 96 112 108 201 238 243 129 55 46 48 46
45 46 47 49 56 59 76 75 74 78 89 104 99 93 88 106 95 129 150 237 259 312 172 62 49 45 47
45 46 46 47 48 48 56 55 58 60 63 74 77 79 85 95 85 142 204 287 271 222 165 56 45 46 50
46 47 51 52 54 51 63 63 67 76 80 93 88 89 93 111 107 195 242 367 356 272 178 61 46 46 46
52 61 52 53 64 70 95 101 106 124 125 137 124 106 100 115 143 247 292 440 333 351 242 69 50 46 47
46 47 45 47 57 51 58 59 56 61 63 68 69 68 70 83 95 151 222 386 243 257 135 54 46 45 46
42 43 44 43 45 46 45 47 45 44 45 46 47 46 46 50 50 60 67 78 66 58 50 46 44 44 44
40 45 44 48 45 46 45 44 45 44 46 52 49 48 57 60 63 70 72 66 56 53 50 46 45 46 41
50 50 48 45 46 47 53 49 50 54 58 58 62 67 85 99 97 107 108 91 76 74 66 51 47 45 45
46 48 46 46 46 48 49 50 51 54 51 54 59 64 76 97 104 107 95 84 76 83 72 56 44 44 44
48 44 46 48 48 46 44 47 51 47 46 50 51 53 61 72 89 92 76 63 63 66 58 58 44 42 44
44 48 64 54 51 51 56 57 49 52 58 61 60 62 78 113 139 168 118 78 75 80 64 54 44 43 45
47 76 68 55 65 64 72 78 71 72 77 82 80 86 112 191 215 237 142 111 108 117 90 57 45 46 47
47 50 49 53 53 58 57 61 55 59 62 65 59 75 84 117 152 132 88 90 89 95 71 50 44 47 54
