44 46 45 44 48 49 47 52 57 68 543 645 141 81 58 57 51 47 46 46 47 45 47 45 44 44 46
44 44 46 45 45 44 44 46 51 50 94 177 333 226 51 49 46 45 45 46 46 45 45 42 43 43 45
44 44 42 44 44 44 44 43 47 51 59 74 116 211 50 51 45 43 47 43 44 43 45 44 42 43 44
43 46 44 44 50 45 44 46 48 52 100 223 83 86 76 232 73 45 44 49 45 43 44 42 43 44 44
44 45 45 42 47 50 46 47 52 56 100 333 221 63 69 260 98 47 46 45 45 44 45 44 43 43 46
43 42 44 41 44 47 44 42 43 44 56 59 49 45 49 53 49 48 43 42 44 42 43 43 43 43 46
43 43 47 42 45 44 44 46 47 60 197 152 50 48 47 49 43 45 49 44 44 43 42 43 43 44 44
45 48 43 46 49 47 48 58 68 225 638 415 74 68 63 69 53 48 49 46 49 45 50 45 42 45 44
43 45 44 44 47 44 46 47 55 174 309 121 55 56 51 56 42 46 46 45 43 43 44 43 44 41 45
43 44 41 43 49 44 42 44 47 70 66 46 45 47 45 44 42 44 44 42 43 42 43 44 42 43 47
43 42 44 48 45 43 44 50 90 115 96 53 51 47 46 46 42 44 44 44 44 44 43 43 43 43 45
44 44 44 42 45 49 44 62 120 117 89 55 47 51 50 46 44 43 46 43 44 44 43 43 45 44 45
43 42 44 43 44 43 44 55 92 81 59 46 46 46 45 42 47 44 43 45 43 42 44 43 43 43 44
42 46 44 43 45 44 44 88 97 66 51 46 44 46 45 44 46 44 43 43 43 43 44 43 43 46 44
44 45 44 46 46 46 56 200 215 139 74 53 51 47 48 52 45 44 45 43 44 46 44 43 43 43 45
42 43 44 43 45 44 45 67 89 77 48 46 46 45 45 44 44 43 44 49 44 44 44 42 42 44 44
42 43 44 41 44 48 44 46 49 44 44 44 44 44 43 43 42 43 38 43 49 43 44 43 42 43 44
42 43 44 44 44 44 48 48 49 48 45 44 45 44 44 44 42 44 38 43 49 43 44 43 41 44 44
42 43 43 44 44 44 51 47 51 47 44 44 46 46 46 45 40 44 48 44 45 43 42 43 43 43 44
44 43 46 44 43 43 48 46 47 43 44 44 45 44 45 44 40 43 49 44 44 43 42 43 44 43 44
43 43 45 43 43 43 45 47 48 43 44 48 44 42 44 43 43 41 45 48 44 43 43 42 43 43 44
43 44 44 43 44 44 50 66 81 65 48 45 46 45 46 45 48 45 45 46 43 43 44 40 43 48 45
42 44 43 43 44 44 47 61 91 84 53 47 48 47 47 46 44 44 47 44 44 44 41 43 49 44 48
44 44 44 42 44 44 45 54 75 81 65 49 47 46 45 46 44 44 45 45 44 43 41 44 41 43 50
46 44 44 43 46 46 53 82 139 124 110 68 54 51 53 50 47 46 47 46 42 44 49 44 43 44 44
45 46 40 44 51 49 58 100 125 104 105 76 65 61 71 71 63 52 58 55 50 50 43 45 47 44 45
43 44 43 44 46 45 45 63 85 84 90 63 56 55 50 51 48 46 47 49 50 55 48 47 44 44 46
44 45 47 44 44 44 45 59 102 122 126 87 76 58 51 48 48 46 46 46 48 46 44 44 44 44 46
49 49 48 46 49 49 56 138 256 291 229 163 129 137 96 82 63 53 51 46 47 46 46 46 42 46 55
46 51 47 50 52 48 55 99 198 226 215 197 185 176 122 136 93 72 58 51 47 46 46 45 45 46 50
46 50 46 47 50 46 48 60 89 235 200 183 138 163 111 98 63 51 50 47 46 46 45 45 48 45 49
45 48 44 45 49 47 51 65 88 149 175 159 116 116 113 94 70 53 47 46 45 45 46 43 44 47 47
45 51 46 45 47 47 48 67 81 153 150 140 107 99 116 93 78 74 63 52 48 49 46 43 45 54 49
43 49 44 45 48 44 47 63 74 126 120 127 94 95 81 89 68 72 68 56 52 54 50 46 44 55 60
46 48 46 46 50 48 54 57 72 141 146 176 172 204 136 93 61 54 50 54 47 45 47 43 44 46 47
46 50 47 44 53 54 51 63 124 193 216 209 201 213 164 110 80 62 48 50 53 49 47 45 43 45 51
45 48 46 46 51 48 49 59 81 145 145 162 171 179 116 94 76 68 60 55 56 52 50 46 44 46 51
44 46 45 46 45 46 52 51 57 92 103 116 137 131 88 75 59 56 57 48 48 50 54 45 44 46 62
44 44 45 44 44 44 45 46 49 66 72 71 84 75 60 55 47 47 50 45 44 44 45 44 44 44 49
44 44 44 44 45 44 46 47 50 63 82 76 78 71 63 61 58 52 50 57 47 45 51 45 45 44 45
43 45 44 44 46 45 46 45 50 64 77 87 87 74 66 62 59 56 55 58 53 58 61 60 49 44 45
42 44 44 44 47 44 46 49 48 52 60 81 94 78 62 56 51 47 46 49 45 46 53 47 46 44 44
44 45 46 45 52 49 46 51 57 61 78 133 141 135 100 79 62 52 46 48 45 45 50 45 46 44 45
46 50 48 52 139 81 50 59 70 76 129 204 213 171 120 110 100 93 89 78 67 59 56 50 47 46 51
46 49 51 52 391 189 50 57 65 68 100 152 187 148 117 104 92 70 68 65 54 58 60 50 56 50 59
43 45 51 57 87 69 50 49 50 53 68 93 93 85 66 65 52 48 48 45 46 48 46 45 44 43 47
51 46 80 148 142 121 96 57 57 60 97 109 104 92 94 83 93 70 64 54 56 50 46 42 45 43 46
51 49 138 162 92 115 121 91 70 68 116 127 133 101 101 88 101 87 90 88 76 59 51 46 45 51 53
45 55 61 59 53 63 71 74 67 73 114 128 131 93 90 79 66 63 59 57 55 50 49 47 44 57 47
53 131 72 49 59 70 99 108 104 103 172 216 278 178 123 103 80 60 55 52 46 48 52 46 44 47 50
166 248 66 55 65 68 134 223 285 242 274 340 379 245 191 208 182 149 145 104 71 57 75 56 50 50 68
86 64 48 51 61 56 94 182 248 270 259 303 303 194 155 143 108 99 94 73 68 51 84 59 49 69 189
51 47 45 45 47 44 52 114 123 102 85 100 89 68 56 56 50 49 49 45 45 45 48 48 45 47 153
49 52 49 48 56 51 61 206 261 268 227 224 156 120 85 73 62 56 53 56 49 46 48 45 45 47 60
59 56 50 48 58 59 65 242 323 308 288 252 182 145 123 118 103 86 71 69 59 55 51 49 44 49 63
45 45 44 44 47 45 49 70 86 76 79 77 69 65 62 67 58 56 53 53 49 48 46 49 43 46 74
43 44 44 44 43 46 49 46 47 47 47 46 46 43 46 50 42 43 48 44 43 43 43 44 43 44 46
52 44 45 47 52 47 50 53 55 52 53 54 52 50 48 48 46 46 46 46 42 46 49 45 43 46 44
56 48 47 58 71 58 63 73 74 71 72 73 69 63 62 64 53 52 49 47 49 48 48 49 44 46 47
53 50 56 54 56 54 65 76 73 65 65 68 62 59 58 61 54 60 56 42 49 57 49 46 44 43 46
46 51 48 49 52 49 63 68 59 54 57 56 54 51 50 54 50 53 48 45 43 51 50 46 44 44 44
53 61 70 61 72 67 94 89 79 73 78 82 71 63 66 78 68 82 63 50 46 54 52 45 44 44 47
56 92 88 80 92 94 104 120 103 96 105 108 86 77 91 121 100 107 68 65 67 56 50 45 46 47 57
54 56 58 55 65 72 74 80 66 72 74 76 64 63 70 75 70 71 52 58 57 58 47 44 43 48 59
