44 43 43 44 45 47 47 43 44 47 44 43 44 43 44 44 44 46 47 42 44 47 44 42 43 42 43
44 39 44 48 45 46 49 44 44 42 43 46 44 44 44 44 45 50 44 44 42 43 48 44 42 43 42
43 48 44 44 46 94 180 50 44 46 43 45 46 44 44 45 62 69 48 46 42 43 44 43 43 42 44
42 44 50 46 51 200 491 72 47 47 47 46 47 46 46 48 255 130 67 51 44 44 45 43 44 48 44
44 44 47 44 55 103 76 49 46 44 45 49 45 44 46 45 160 97 217 46 44 44 44 44 43 44 48
42 42 44 47 45 49 46 43 43 44 44 44 44 44 44 45 48 57 109 45 44 41 44 47 44 44 43
43 42 44 46 55 162 52 46 44 42 43 43 44 44 42 44 45 46 53 42 44 43 43 43 46 44 44
42 43 46 46 50 158 64 47 45 44 44 43 45 43 44 44 49 63 96 43 45 43 44 45 43 48 43
43 40 44 43 48 111 67 45 44 44 43 44 43 43 43 44 48 88 118 46 46 44 46 44 45 44 42
43 42 43 43 45 67 51 44 44 44 45 44 42 43 44 43 44 53 86 48 45 43 46 44 42 43 43
42 44 43 44 68 230 130 47 44 44 44 44 45 41 45 48 46 58 71 50 45 45 44 42 43 43 44
43 45 47 47 79 321 214 63 49 46 46 46 46 46 45 49 60 199 312 76 46 46 44 44 44 44 44
43 47 43 44 47 86 72 48 46 49 46 44 45 45 46 46 59 205 293 77 46 44 44 44 43 44 44
43 43 46 42 51 109 95 61 42 44 48 44 43 44 44 44 43 62 78 48 44 44 44 43 43 43 43
42 44 45 45 74 139 126 95 48 45 45 45 45 45 43 46 75 97 104 68 44 44 48 44 42 43 43
43 43 44 45 63 138 129 105 54 46 45 46 45 45 46 45 101 116 124 100 46 42 45 44 44 44 44
43 43 43 44 45 64 85 53 48 45 43 44 44 44 45 43 66 94 108 68 44 43 44 48 44 43 44
42 44 45 45 49 178 252 115 49 51 46 44 45 44 46 48 55 93 92 48 45 45 42 44 48 44 44
46 45 46 46 46 154 240 134 53 46 47 50 46 45 47 50 82 149 163 51 47 53 45 44 44 43 44
42 39 44 44 45 51 67 58 46 44 44 42 44 44 44 44 54 85 76 43 44 46 44 44 42 44 48
43 43 44 41 44 46 68 53 44 48 44 43 44 42 43 44 47 56 48 43 44 43 43 44 41 43 48
43 43 44 42 45 64 80 105 54 45 48 45 45 45 45 47 60 78 53 44 49 44 45 44 42 43 44
43 43 44 44 45 50 58 98 61 48 45 46 51 45 45 50 65 74 55 48 44 44 44 43 43 48 44
46 44 44 43 43 45 46 60 52 44 45 50 45 43 45 50 51 55 47 42 44 44 44 44 41 43 48
43 45 44 46 46 46 55 88 105 63 49 44 47 51 47 51 69 59 48 44 45 42 44 49 43 43 44
44 43 46 43 48 57 68 119 178 115 66 53 53 52 68 113 137 120 70 49 46 46 42 44 49 44 44
44 43 43 46 44 45 52 59 71 63 51 46 47 46 54 80 94 80 61 55 46 45 42 43 49 44 43
43 42 44 48 45 45 50 70 72 69 54 47 46 46 58 77 73 65 61 47 45 44 42 43 44 43 44
43 45 43 45 50 46 62 89 76 74 63 49 48 49 61 84 70 72 68 51 44 44 43 43 44 42 44
42 44 43 44 49 46 57 76 64 62 59 49 48 52 55 70 63 68 64 56 45 43 44 42 43 44 43
43 43 44 42 44 50 56 65 59 58 58 50 46 49 52 67 58 64 63 46 45 43 42 43 43 43 44
43 47 43 44 45 46 61 80 79 90 67 54 52 51 63 90 70 71 56 46 45 43 44 44 43 44 42
45 45 47 44 47 52 89 136 135 143 114 87 82 82 119 126 95 109 96 59 46 45 45 43 44 44 44
44 44 50 44 47 50 60 95 103 133 123 134 128 145 142 132 111 96 81 52 46 46 44 44 45 44 44
44 44 44 45 46 47 53 78 89 103 100 103 98 128 110 101 75 68 57 43 45 46 41 44 46 44 42
43 44 45 45 45 49 64 83 91 105 99 112 98 123 96 83 69 66 59 42 46 46 45 46 44 42 43
42 44 44 44 46 48 61 73 77 84 83 84 86 104 84 75 66 63 58 46 45 44 45 44 44 48 44
42 44 45 44 46 46 60 75 86 91 86 83 80 96 92 78 67 70 59 47 45 47 44 43 43 43 44
44 43 46 47 47 46 51 84 89 107 116 107 147 132 95 78 66 59 49 46 45 44 48 44 44 44 44
44 48 46 46 49 49 58 108 116 118 114 132 158 153 133 104 91 70 54 47 48 46 47 44 43 44 44
44 47 45 44 46 46 50 87 116 101 92 122 144 99 94 85 74 60 49 49 44 45 45 43 44 47 44
43 44 44 44 44 43 45 48 57 60 62 65 77 71 60 59 57 46 44 45 44 44 44 41 43 48 44
47 44 44 44 43 44 46 56 76 74 72 78 71 64 60 56 50 45 47 42 44 44 43 44 41 43 48
42 44 44 44 47 45 44 62 83 77 73 80 69 74 62 61 59 47 46 44 45 43 44 48 44 42 44
43 41 45 42 45 49 46 49 67 77 83 82 72 74 68 65 54 46 45 44 44 45 42 43 49 44 44
43 44 41 43 44 44 44 48 50 64 71 69 60 63 58 56 45 44 44 44 44 44 41 43 47 44 43
45 44 46 50 47 46 50 57 87 171 205 210 174 175 139 91 59 53 56 47 46 46 44 44 44 44 45
47 49 46 49 55 52 57 71 119 244 294 327 345 279 238 199 84 63 59 51 47 50 47 46 45 42 46
44 46 47 46 48 46 47 55 66 108 170 170 166 165 127 97 54 51 47 50 46 44 44 44 44 44 42
43 44 44 44 45 48 45 47 62 69 84 84 98 81 76 68 49 46 46 47 46 42 44 43 43 44 42
45 45 45 46 46 47 47 57 84 86 92 94 92 78 88 84 65 51 47 44 45 44 44 44 42 44 49
45 45 48 43 46 46 47 72 113 92 97 106 96 92 76 86 65 52 48 44 46 45 44 44 42 44 52
45 44 48 44 46 46 47 65 119 109 104 113 100 85 79 80 63 52 50 46 44 44 44 44 44 42 45
45 46 47 48 47 50 57 80 166 233 187 186 153 148 128 117 75 60 53 50 42 47 50 45 45 46 44
47 50 51 50 50 55 68 98 216 295 294 228 184 176 166 188 128 76 60 48 51 53 47 47 45 45 45
44 52 46 47 51 48 55 71 126 151 135 104 92 87 108 140 114 65 60 52 47 47 46 46 45 44 45
46 49 47 48 58 56 66 83 109 94 79 82 70 68 75 103 94 78 74 75 48 47 49 45 46 45 44
71 64 71 85 98 101 121 157 163 149 113 103 90 93 108 142 138 124 113 102 62 58 54 56 50 46 45
67 103 116 122 141 153 180 200 182 165 143 131 112 122 130 154 164 179 174 155 100 113 83 74 58 46 47
69 64 74 84 92 100 121 139 119 102 94 91 82 85 95 110 133 133 141 120 89 108 80 70 54 46 50
69 56 61 70 76 77 89 95 83 71 70 72 69 64 72 81 107 124 104 79 72 95 70 61 51 47 46
94 125 125 114 127 121 137 131 109 95 99 108 92 81 108 154 170 240 173 90 82 87 79 59 48 45 46
122 142 144 132 131 129 136 154 137 115 123 136 108 104 132 203 204 238 153 106 97 118 94 74 53 46 51
74 66 69 66 81 93 91 88 74 78 85 95 74 86 100 114 124 112 77 74 76 91 67 54 51 48 57
