42 44 45 44 53 54 55 45 44 46 44 46 47 44 50 56 81 91 84 48 47 44 42 43 44 43 44
43 45 42 44 66 74 48 43 46 49 44 44 45 44 46 49 77 154 118 48 46 43 44 43 43 44 42
42 43 44 46 89 201 68 49 44 43 44 43 44 44 43 45 47 71 54 45 45 43 44 43 44 44 43
42 44 46 57 234 180 79 50 45 44 44 44 45 44 43 47 58 113 118 53 44 44 49 44 42 43 43
44 42 46 66 185 63 46 46 50 45 44 44 44 44 45 44 58 88 265 63 45 42 45 44 44 44 44
42 42 44 45 53 46 42 43 47 44 42 43 43 43 44 41 44 48 102 45 49 43 42 43 42 43 44
42 42 51 51 109 79 44 44 48 44 43 44 43 43 44 43 46 47 57 44 42 43 43 42 43 41 44
43 43 46 53 139 108 50 45 44 44 44 44 48 44 44 44 45 73 120 57 43 45 41 43 48 44 46
42 43 44 45 81 83 46 42 44 44 44 48 44 43 44 43 46 63 134 99 44 44 44 42 43 44 43
43 43 44 44 57 55 44 43 44 42 44 48 44 43 44 42 44 46 77 56 43 44 41 43 48 43 43
43 45 45 47 186 173 55 45 43 44 49 44 44 44 44 44 46 56 87 66 43 44 44 41 43 48 44
43 44 45 53 221 229 84 47 46 47 44 46 51 46 46 46 51 169 306 190 43 47 50 44 44 44 43
43 44 40 44 70 76 52 45 44 44 45 44 45 43 45 48 48 132 213 141 46 42 44 46 44 44 44
42 42 45 43 88 93 74 46 44 44 43 44 45 44 44 43 42 61 73 57 45 41 44 47 44 43 44
41 44 51 45 117 115 122 58 47 46 46 43 46 48 45 44 75 113 118 105 45 43 44 43 43 44 41
43 42 44 47 84 119 107 54 45 46 46 45 45 43 45 46 84 119 124 106 46 44 43 44 42 44 47
43 42 45 48 51 77 62 44 44 44 44 44 47 44 44 44 47 81 99 55 44 44 42 43 43 43 44
42 44 44 46 77 188 124 51 45 45 46 45 45 45 45 45 44 80 89 49 43 44 43 42 44 44 44
42 44 43 45 59 103 124 57 46 45 45 44 46 48 46 46 68 113 119 49 44 44 45 43 43 44 44
42 46 42 43 46 46 52 45 44 47 44 42 44 43 44 44 44 84 65 45 43 44 42 42 43 43 43
42 46 42 43 46 46 67 50 45 46 44 42 44 43 44 44 46 63 48 43 44 42 43 43 43 44 44
42 43 44 43 46 47 71 71 54 47 46 44 45 44 44 48 59 85 52 45 44 44 44 48 44 42 43
42 43 44 43 45 51 58 70 54 46 46 44 45 46 44 52 74 79 49 47 45 44 46 44 42 43 43
42 42 43 44 44 45 46 55 57 49 43 44 44 44 46 46 54 56 46 41 44 44 40 42 43 44 41
43 48 45 44 46 51 80 95 99 63 46 47 52 47 50 65 77 69 53 45 44 46 41 43 48 44 43
44 43 43 47 46 55 91 112 136 95 59 52 53 53 82 158 150 116 87 49 45 48 46 44 44 44 43
41 44 44 45 46 45 56 60 65 60 49 46 47 44 61 94 89 71 60 45 45 46 44 42 43 46 44
43 43 44 44 49 47 64 77 68 68 51 45 47 52 58 75 69 65 58 51 45 43 44 42 43 44 44
42 43 43 45 46 51 86 84 74 77 57 48 48 49 66 89 79 74 71 50 44 46 42 43 48 44 43
42 43 44 43 45 49 70 73 66 67 58 48 46 49 58 72 66 71 66 55 44 44 45 41 43 48 44
42 42 44 48 45 44 62 72 66 67 56 49 52 50 57 74 62 65 56 46 43 45 48 43 44 43 42
43 45 43 47 47 49 72 120 124 119 89 69 66 73 87 114 74 77 63 46 45 49 45 43 43 43 44
45 44 51 56 49 53 90 148 142 171 152 161 148 176 159 196 106 110 82 54 48 56 51 49 44 44 45
44 42 51 55 50 56 63 112 122 169 151 202 213 231 171 192 110 97 70 50 48 62 49 45 49 44 44
44 42 48 51 47 48 57 90 92 114 115 135 123 168 129 110 75 63 53 44 46 54 48 44 42 44 49
43 45 47 52 47 46 72 92 95 107 95 108 101 125 101 85 63 66 54 46 44 51 46 43 44 42 44
42 44 44 47 50 46 65 84 73 76 84 75 71 88 97 71 59 63 54 46 44 48 45 43 43 41 44
43 44 46 47 49 46 54 76 82 79 74 76 78 94 79 68 63 63 50 44 44 47 46 42 43 47 44
42 47 44 46 46 46 50 74 78 81 80 77 82 89 75 69 57 51 44 44 44 47 46 42 43 48 44
42 47 48 54 49 47 58 94 123 140 143 150 144 112 95 90 78 58 49 45 46 55 49 44 42 44 48
43 44 49 52 48 50 54 81 124 113 133 139 155 129 95 82 63 50 49 52 47 55 49 43 43 44 42
43 43 46 44 45 50 46 54 72 77 77 64 63 68 66 58 47 45 39 43 50 47 45 44 42 43 44
42 44 53 53 44 46 52 66 89 80 83 74 71 69 62 61 47 46 44 44 41 49 50 44 45 43 42
43 46 75 82 49 48 51 63 89 84 78 87 81 72 66 62 47 46 50 45 47 60 60 48 44 44 44
44 46 255 370 60 48 50 63 97 93 89 94 89 78 76 67 52 48 47 47 53 97 128 55 44 44 44
43 43 72 224 50 46 48 51 65 78 72 77 67 69 67 56 50 44 46 50 48 142 402 47 44 44 44
46 55 169 558 113 75 62 84 142 189 200 177 160 157 123 83 59 56 56 49 64 714 172 45 45 45 46
46 59 221 302 120 90 85 128 228 248 307 328 321 274 230 142 78 66 58 57 94 481 238 56 50 47 45
44 44 65 91 61 61 73 95 136 159 190 181 185 163 130 88 63 57 51 47 80 185 94 46 48 45 50
44 43 52 59 53 56 63 75 85 88 90 85 97 83 70 68 56 47 45 49 56 63 50 42 44 47 45
51 44 55 82 66 86 105 111 112 96 96 100 108 86 85 94 76 55 51 63 75 61 61 49 45 47 46
45 44 48 66 79 110 147 149 120 104 98 108 100 96 91 99 75 66 56 69 81 63 63 49 46 44 46
44 41 48 53 55 78 104 152 135 101 98 100 89 84 103 94 68 63 54 53 49 55 47 44 49 44 44
44 46 51 62 63 92 121 201 283 188 148 128 111 137 200 120 72 65 57 49 48 63 53 45 42 46 49
44 55 52 60 52 66 89 127 232 155 141 133 120 169 184 108 75 71 56 49 46 62 52 44 45 42 45
43 44 46 48 48 52 50 55 68 75 62 68 66 82 92 60 47 48 46 48 43 49 46 43 45 41 45
41 44 48 46 49 51 49 55 59 57 56 55 59 61 55 51 51 49 45 45 45 46 46 42 44 49 44
43 48 45 51 55 61 68 72 77 81 76 82 75 74 72 72 68 60 54 50 46 50 47 43 44 50 44
47 49 48 61 66 65 79 97 88 89 92 103 92 93 90 96 86 83 68 60 51 58 48 45 42 46 49
54 45 49 50 53 59 65 82 77 72 72 80 74 72 71 81 75 78 62 62 50 56 47 44 43 45 42
60 44 49 48 51 56 61 69 67 63 66 71 64 63 66 68 71 77 59 51 53 57 46 47 42 45 46
47 52 64 63 75 76 105 105 95 88 102 111 89 78 88 115 106 130 86 59 54 63 51 45 43 47 47
45 57 75 87 95 100 118 130 123 115 127 149 109 96 116 157 140 139 89 65 60 67 56 45 45 47 50
46 47 51 57 67 77 80 87 78 85 90 101 78 81 83 94 101 79 63 59 58 68 51 44 46 46 55
