41 43 42 43 45 44 46 45 54 52 46 44 44 44 44 45 51 64 50 44 46 47 44 43 42 43 44
42 40 44 47 46 43 46 46 61 51 44 49 49 45 44 47 55 81 72 49 46 44 49 44 42 43 43
43 43 48 43 43 43 44 47 136 69 45 50 45 43 44 46 59 104 59 44 44 44 41 43 48 44 42
43 44 44 43 45 44 48 96 317 255 55 48 47 47 48 49 139 137 73 49 44 45 46 42 44 49 44
43 44 45 44 45 43 59 392 107 78 49 48 52 46 45 52 96 119 336 64 44 45 46 42 44 48 44
46 43 44 44 43 43 44 66 48 43 45 49 44 42 44 44 50 53 102 47 44 41 43 48 43 43 44
42 41 44 44 44 43 45 75 52 44 43 44 44 43 44 45 42 45 54 44 44 40 43 48 43 42 43
43 40 44 42 44 43 51 128 72 46 47 45 46 44 44 47 44 68 116 64 44 42 44 42 44 42 44
43 44 43 44 43 43 49 108 73 46 46 44 46 44 45 46 44 84 155 125 47 44 44 43 44 46 44
47 43 42 43 42 43 45 57 47 43 44 46 44 42 44 44 43 49 87 68 43 44 43 43 42 43 47
43 48 44 43 44 42 52 121 63 45 45 44 45 44 45 44 40 51 84 62 43 43 43 43 44 41 44
43 44 44 46 49 45 82 259 159 57 49 46 47 51 47 48 53 139 289 237 46 46 46 44 44 47 44
43 47 43 43 45 44 53 88 74 51 46 44 46 46 46 46 49 144 247 186 47 44 45 43 44 48 44
42 47 42 43 45 42 57 87 66 48 44 43 44 44 44 44 44 57 71 55 44 42 43 44 43 43 46
42 43 44 43 45 46 106 111 101 67 46 46 46 46 42 46 58 113 110 111 46 45 45 46 44 42 43
42 43 44 43 45 48 84 121 115 72 47 47 47 46 44 50 74 122 128 150 50 48 45 45 42 44 48
43 48 44 43 44 42 49 61 58 48 42 44 49 44 43 45 48 85 108 85 45 44 43 43 47 44 42
42 43 44 44 43 44 66 139 115 57 44 46 46 44 45 43 45 67 93 57 45 46 44 46 44 42 43
42 43 43 44 45 45 62 136 131 64 48 45 46 46 46 48 58 110 174 83 48 46 45 44 42 43 44
42 42 43 43 43 43 45 52 60 45 46 46 44 42 44 45 48 77 78 56 45 44 44 42 43 44 43
43 43 44 44 44 42 44 50 64 51 43 44 48 44 42 44 44 56 49 46 49 43 43 43 43 43 44
41 43 43 43 45 44 46 53 103 81 58 45 46 46 45 47 52 83 74 48 45 44 42 44 47 44 42
42 43 44 43 44 44 45 50 89 77 62 49 45 47 46 49 65 110 79 57 46 46 45 42 44 43 44
43 42 43 42 43 44 44 46 58 60 54 45 44 44 44 45 50 73 51 49 45 44 44 41 43 47 44
47 44 43 44 44 43 45 52 85 99 77 53 48 45 46 51 57 69 64 46 45 43 45 50 43 43 44
43 44 44 44 48 44 53 69 131 157 127 64 53 50 55 105 134 118 105 72 46 46 46 50 44 43 44
42 40 44 42 45 49 45 46 60 63 61 50 46 46 51 76 87 76 75 55 44 47 42 45 48 45 43
43 44 44 44 45 45 44 48 61 58 60 48 46 51 47 61 70 63 56 46 44 47 44 46 42 44 48
42 47 46 46 46 43 46 63 84 70 71 58 54 48 50 78 70 73 69 59 43 46 45 46 44 42 44
42 44 47 48 44 46 46 61 65 63 60 55 46 48 56 65 60 68 69 62 43 45 44 46 48 43 44
41 43 46 44 46 44 43 54 60 57 60 47 47 51 47 64 60 63 56 50 44 44 44 43 46 54 44
49 51 43 44 47 44 48 73 87 124 94 69 52 56 58 102 67 66 57 51 45 46 46 43 44 51 44
43 55 45 46 54 44 56 95 121 147 150 136 102 125 114 159 119 126 101 66 48 52 53 49 43 48 49
44 44 50 45 54 47 48 71 95 130 130 158 162 171 151 144 107 98 89 59 48 54 53 51 50 55 51
43 44 45 43 51 49 46 59 70 87 107 113 106 134 124 103 78 71 53 47 51 50 49 49 46 45 44
43 43 48 47 48 46 52 70 81 88 95 104 94 115 110 89 75 65 58 52 51 49 48 47 46 44 44
42 43 46 46 47 46 51 71 74 77 89 88 81 100 83 92 68 61 64 46 45 53 47 47 44 43 44
42 43 45 47 50 44 46 62 70 75 78 87 82 99 81 77 69 63 60 48 50 47 50 48 43 44 44
44 44 45 52 48 44 45 51 65 81 88 84 90 94 80 78 71 57 52 51 46 48 53 60 43 44 44
43 47 46 99 67 46 46 68 77 98 98 105 131 112 87 88 83 69 54 50 46 57 104 146 45 43 44
42 45 45 104 97 50 48 55 96 116 116 128 128 106 87 86 92 69 53 50 47 66 275 414 46 44 43
43 43 44 51 58 46 45 46 53 65 71 67 92 72 59 59 67 47 45 47 45 57 166 151 41 42 43
43 42 44 74 80 54 46 48 62 80 79 74 68 63 62 62 60 47 47 45 46 86 104 63 44 43 44
42 44 44 81 100 80 51 55 63 84 82 78 73 68 63 67 65 50 48 46 46 147 166 98 44 44 44
43 46 51 77 106 81 47 49 58 78 85 88 82 76 70 68 64 50 48 44 54 205 204 67 44 43 44
44 41 45 55 72 49 45 46 51 63 77 99 79 72 79 73 63 49 47 46 53 293 175 51 44 44 44
44 46 53 59 813 93 49 55 63 89 166 183 184 151 133 119 87 60 56 48 59 184 108 57 43 45 48
46 52 49 59 184 86 55 70 85 129 264 288 360 290 226 212 138 86 66 62 90 268 137 65 52 43 46
44 45 46 47 67 52 48 55 65 91 151 172 178 172 138 131 91 71 54 50 65 118 62 52 46 42 44
41 44 49 45 50 46 46 53 59 70 87 91 113 92 78 72 61 56 49 49 52 60 48 46 44 44 41
43 46 45 46 54 59 59 78 81 94 92 104 111 87 89 94 86 90 67 59 74 88 50 46 45 48 44
44 49 46 47 58 53 62 98 100 110 100 117 113 97 89 92 97 102 99 86 90 117 51 51 43 44 49
44 44 47 45 53 46 50 67 76 102 105 124 111 95 93 93 120 99 76 68 58 61 49 48 42 44 48
46 46 46 47 65 55 66 117 152 232 236 243 179 169 150 196 263 158 81 80 62 67 59 55 45 46 46
44 47 46 51 60 52 72 97 112 180 216 238 159 156 134 194 218 126 93 103 73 63 56 53 45 46 46
43 44 43 46 48 45 50 51 50 57 69 79 69 63 73 94 73 57 51 48 50 50 46 44 43 43 44
42 43 44 45 45 43 45 51 46 46 49 52 49 50 52 50 53 47 48 46 44 43 44 43 44 41 44
46 47 44 49 54 50 63 71 69 77 80 85 75 79 86 86 78 70 71 62 49 49 48 45 44 44 43
46 50 51 51 60 57 69 93 88 92 102 110 98 109 111 112 104 100 93 88 60 62 55 46 48 44 44
47 47 45 46 50 45 56 71 65 62 67 71 74 79 80 81 79 85 72 68 52 53 52 45 48 44 44
53 51 45 45 48 46 52 55 54 53 56 59 57 58 63 69 67 70 61 55 47 51 41 44 49 44 45
52 56 60 56 68 63 82 88 83 76 90 97 91 86 103 139 141 175 108 64 54 59 52 50 46 45 46
59 76 66 70 80 81 86 104 100 93 113 115 101 102 126 181 169 172 100 76 64 66 60 49 47 47 50
49 49 52 50 58 62 62 66 62 69 78 82 70 84 88 103 105 95 65 60 60 65 49 47 46 46 58
