44 43 44 44 44 44 41 44 49 44 43 44 44 45 46 49 50 58 82 148 237 50 48 47 45 43 44
43 42 46 42 43 43 43 44 42 43 47 44 43 44 44 45 42 47 64 173 52 44 43 43 44 44 45
42 42 43 43 44 43 41 43 48 43 42 44 43 43 44 42 45 50 50 42 45 41 43 43 43 44 43
43 42 43 43 44 44 42 44 47 44 42 43 44 44 45 44 59 98 100 45 47 43 44 48 44 42 43
42 43 43 43 44 43 44 41 43 48 44 42 44 43 44 46 64 68 70 45 45 44 41 44 49 44 43
43 43 43 43 42 42 43 43 43 40 44 48 44 42 43 43 46 48 46 42 44 47 44 42 42 42 43
43 39 44 48 44 42 43 42 43 44 44 44 46 44 46 46 56 153 58 48 44 44 49 44 43 43 42
43 44 44 41 44 44 44 43 43 46 44 46 45 48 47 46 53 167 166 82 57 47 46 43 44 44 43
42 47 44 46 44 40 44 42 44 43 44 44 44 45 45 47 47 72 126 115 64 46 45 44 42 44 44
42 43 44 43 44 43 43 42 43 44 42 43 49 44 44 46 47 51 103 104 49 46 48 42 43 48 44
45 43 46 44 42 43 43 44 44 42 44 48 45 45 47 48 49 54 135 190 85 62 52 46 42 44 48
43 43 44 46 44 43 44 44 43 44 44 41 44 50 46 46 46 50 80 154 102 100 60 54 45 44 44
42 41 44 42 44 47 44 43 43 42 43 44 44 45 45 46 46 46 50 85 97 149 68 49 49 44 44
44 43 42 44 44 43 46 43 43 44 44 44 44 46 46 47 47 46 50 67 126 195 107 54 51 45 43
44 42 46 48 45 45 45 43 44 44 44 45 45 51 56 56 57 57 66 101 228 505 366 176 62 49 46
43 44 43 44 48 44 46 44 43 44 45 45 46 49 51 53 54 54 61 69 120 404 409 286 67 47 46
42 44 42 43 48 44 43 43 43 44 44 42 45 49 46 45 45 44 46 54 64 120 154 131 59 46 44
43 44 44 41 44 49 45 43 44 44 44 45 44 46 46 46 46 46 47 49 74 131 148 161 66 54 44
42 43 44 42 44 47 44 44 44 43 44 44 44 45 45 46 45 51 47 48 56 95 112 206 204 53 44
42 45 44 42 43 43 43 44 41 44 48 43 44 44 44 44 44 45 45 50 49 63 76 158 136 59 51
44 44 46 42 44 44 43 44 44 43 46 44 43 43 44 44 42 45 50 46 48 70 71 129 111 84 50
43 43 44 44 44 44 43 44 47 44 43 44 45 46 47 45 48 47 52 49 70 96 134 284 287 173 59
43 43 44 44 44 44 45 44 46 44 43 44 46 47 49 47 51 51 64 57 96 140 214 331 220 102 59
42 44 43 43 44 43 44 43 44 46 44 42 45 46 47 49 51 51 78 76 81 121 127 140 90 57 46
42 43 44 44 45 43 44 45 44 46 46 44 46 49 52 56 59 77 108 127 121 159 154 206 136 50 45
43 42 44 46 44 42 44 43 43 44 43 44 51 49 51 56 75 92 108 120 120 134 123 126 91 46 47
43 44 44 45 44 42 44 43 43 46 42 44 52 51 54 66 92 98 103 133 171 164 129 100 54 47 46
45 47 46 44 46 44 45 45 44 45 49 50 56 73 121 207 283 315 268 352 325 227 117 68 55 57 48
45 46 46 46 46 44 46 46 45 46 43 51 64 105 159 318 279 299 270 299 252 233 157 73 56 55 50
48 44 45 44 44 44 45 45 45 42 46 51 59 141 206 305 245 251 215 194 148 127 96 59 47 50 52
43 43 44 44 47 44 43 43 43 44 44 42 63 86 116 165 148 145 110 92 73 64 53 53 46 45 44
44 41 44 42 44 48 44 43 44 43 44 46 66 131 103 123 93 85 79 91 73 55 48 49 51 50 44
43 44 42 43 44 43 44 44 44 43 44 44 76 124 95 106 94 78 79 81 63 55 48 47 57 58 43
44 44 41 44 42 43 49 44 43 44 43 57 96 135 131 123 98 77 80 69 57 53 51 46 51 171 50
43 44 42 44 49 44 44 44 44 44 44 50 122 323 211 176 144 117 82 73 60 56 51 48 46 57 45
43 44 45 44 47 44 43 44 43 44 45 58 183 253 207 198 182 108 75 75 61 57 55 48 46 48 47
44 44 44 42 44 47 44 42 44 44 44 62 188 210 154 165 179 86 76 75 60 56 53 48 47 48 42
44 43 44 44 44 46 44 42 43 43 44 49 87 151 164 154 90 70 63 56 54 51 57 49 50 57 50
43 42 46 42 43 44 43 44 45 43 44 44 63 74 94 68 56 56 50 46 47 45 49 53 50 45 46
44 42 46 42 44 43 44 44 42 43 47 47 70 69 78 69 61 56 59 51 48 52 63 92 47 45 45
43 42 43 43 44 44 41 44 48 44 43 47 74 70 72 66 64 55 53 54 48 71 99 149 51 46 44
42 43 43 44 43 43 46 44 44 44 42 44 59 72 68 65 60 50 50 44 50 66 80 76 46 43 44
42 43 43 43 44 43 44 44 44 44 44 43 56 121 123 102 72 55 53 53 56 79 62 51 45 46 44
42 44 44 44 45 43 45 47 44 45 44 45 79 205 169 146 147 75 73 84 187 260 84 60 51 47 46
43 45 45 45 45 43 44 44 44 44 42 46 67 110 154 158 132 77 71 94 200 134 76 58 51 45 45
42 48 44 42 44 42 43 44 43 44 44 44 52 61 76 85 63 54 49 56 68 56 48 45 43 43 46
43 42 44 43 44 44 44 44 42 44 47 44 57 82 93 98 89 61 71 82 94 53 48 46 45 44 49
43 43 44 43 44 44 44 44 43 44 46 44 58 94 95 107 103 82 100 114 102 54 50 46 45 48 44
48 44 43 43 43 43 44 43 44 42 44 47 53 83 81 85 74 101 132 150 110 56 50 48 46 45 44
48 45 44 44 43 43 44 44 44 44 44 46 56 92 98 90 97 163 226 208 69 59 53 50 46 46 47
46 52 46 45 46 44 45 46 45 45 44 47 70 133 174 168 247 295 373 477 139 86 65 61 56 50 46
46 45 46 45 46 41 46 50 45 44 45 46 60 104 183 221 250 298 386 375 141 81 66 59 54 50 45
44 45 42 44 43 44 49 44 43 44 44 45 51 61 77 138 184 268 239 134 70 60 55 49 47 50 45
44 44 45 46 45 48 45 43 44 44 45 46 51 70 117 194 244 281 252 120 70 63 56 52 49 45 46
46 45 48 45 46 45 44 44 44 44 45 43 56 80 136 243 315 332 320 149 84 71 61 55 50 49 43
45 44 46 44 46 44 45 45 44 44 45 46 57 72 96 228 344 398 330 133 81 74 63 57 52 50 46
43 41 44 46 44 44 44 42 43 43 44 44 43 47 54 58 73 95 72 54 49 48 48 49 45 45 51
46 44 48 42 44 45 45 44 44 44 45 46 47 49 52 63 69 76 74 78 63 65 63 68 51 50 50
50 51 50 43 47 47 44 46 53 47 46 49 51 59 68 84 95 100 110 124 102 128 115 116 82 59 49
45 52 47 46 44 45 49 48 46 45 46 46 49 56 60 71 81 96 95 106 103 131 115 104 78 56 50
44 49 46 47 44 45 50 47 44 44 45 45 48 48 55 67 74 91 82 73 73 100 92 74 56 49 48
44 52 59 49 53 50 59 63 49 46 50 50 53 59 67 85 102 142 127 95 99 126 114 79 66 58 49
47 62 58 55 63 60 66 72 59 54 59 56 55 64 75 106 121 142 119 121 127 177 145 116 93 56 56
52 53 46 45 50 52 50 55 48 48 51 50 50 53 57 70 78 79 72 80 95 120 94 72 65 48 57
