43 44 44 43 44 44 44 44 46 44 43 44 44 44 45 44 44 44 46 42 44 45 46 43 42 44 47
43 43 41 43 43 43 47 44 42 43 43 44 44 41 44 49 42 43 43 43 44 43 44 41 44 47 45
43 43 42 44 48 43 42 44 42 43 44 43 44 47 44 43 43 43 44 43 44 43 43 48 41 43 45
42 43 43 44 47 44 42 43 43 43 44 42 44 48 44 42 43 42 44 49 45 42 43 42 43 44 43
43 43 44 41 44 48 44 42 43 42 43 44 43 44 47 44 43 43 44 43 44 44 44 43 44 49 44
43 43 42 43 44 43 44 41 44 48 44 42 44 43 43 44 43 43 44 41 44 48 44 43 44 42 44
43 38 43 43 44 45 43 45 44 42 43 44 44 44 41 43 43 42 44 43 43 44 44 43 43 43 42
45 43 45 43 44 44 44 43 43 42 44 43 44 43 44 44 43 44 44 46 44 44 44 42 43 42 44
44 45 44 48 44 43 44 41 44 42 44 44 44 44 43 44 43 44 40 44 46 43 42 43 43 43 44
43 44 44 43 41 44 48 44 42 43 43 43 44 43 44 46 44 46 45 41 43 49 44 43 43 42 44
42 43 44 43 44 42 44 49 43 44 44 43 44 44 44 44 58 58 45 49 42 43 48 43 44 43 42
43 45 43 43 44 44 45 44 44 50 45 45 47 46 48 49 80 297 78 56 45 43 44 42 43 44 44
42 48 44 43 45 43 44 44 44 44 42 44 49 45 44 44 47 118 144 45 48 43 44 43 42 43 44
43 42 43 44 44 46 44 42 43 43 44 44 42 44 49 44 44 59 66 44 46 43 45 43 42 43 44
44 46 45 43 46 46 46 47 44 48 51 48 51 52 52 54 158 416 149 46 45 44 44 42 44 49 44
43 44 48 44 45 45 46 47 46 48 48 47 51 51 51 54 189 313 145 43 45 43 45 46 44 44 44
46 44 42 43 43 44 44 46 45 47 44 44 45 43 46 48 47 47 59 41 43 44 43 43 44 43 45
43 48 44 43 49 45 48 68 54 54 48 47 51 60 71 166 87 52 59 42 43 44 42 43 46 45 44
43 47 46 43 46 44 46 50 60 56 49 47 57 74 77 62 82 46 48 45 44 44 44 43 45 45 42
42 45 41 45 45 45 52 51 65 146 52 59 54 49 47 48 46 44 44 44 43 43 46 44 44 44 42
44 46 44 48 55 63 90 149 173 468 179 88 61 51 54 59 51 50 46 44 44 44 44 44 44 46 44
46 51 57 59 74 173 385 420 444 396 240 75 66 63 64 64 58 56 52 45 44 46 45 44 45 44 45
42 46 51 48 58 118 209 269 132 101 92 50 51 56 51 50 47 47 45 47 45 42 44 43 44 44 41
44 46 55 66 110 149 172 132 116 59 56 52 49 50 55 48 46 45 47 44 44 46 44 43 43 43 43
51 96 189 139 174 182 186 145 103 67 60 56 57 62 62 53 49 51 48 44 45 44 44 44 42 44 49
46 63 334 155 116 152 122 103 89 76 62 53 61 58 57 54 50 50 51 45 44 42 44 44 44 44 43
46 54 69 106 68 92 79 72 68 57 54 50 54 53 51 45 50 45 44 43 42 43 44 43 44 42 44
44 51 63 78 158 214 228 213 117 107 90 82 85 85 101 66 54 52 48 43 45 44 44 44 45 44 49
48 66 60 78 144 311 396 255 215 199 194 179 162 170 143 111 87 66 55 50 45 46 46 44 45 49 45
46 48 54 54 68 118 160 251 176 191 187 190 188 226 196 190 109 87 59 48 46 44 45 44 44 45 45
44 46 48 52 55 52 60 79 86 87 114 129 147 243 198 250 121 79 56 51 45 43 44 43 44 44 44
45 51 47 47 53 51 61 96 106 114 105 98 124 175 158 215 118 90 64 49 49 44 44 44 42 44 44
44 45 48 47 51 50 54 65 84 89 94 98 106 142 143 186 127 113 80 54 49 44 43 44 42 44 44
44 43 53 48 48 48 52 52 54 66 70 93 133 104 158 137 113 109 85 49 45 50 44 44 43 43 44
44 45 47 48 53 50 54 54 50 56 63 81 103 231 184 188 159 143 95 47 45 43 44 48 44 44 44
45 44 45 48 52 50 53 52 52 60 54 76 93 187 183 180 135 138 125 58 44 44 42 44 47 44 44
43 44 46 47 51 49 52 51 50 51 51 68 69 127 215 151 132 123 110 63 44 44 42 44 48 44 44
43 46 46 45 48 46 50 50 46 50 53 54 63 104 126 127 129 119 88 48 43 44 47 44 44 44 42
42 43 40 45 46 45 45 45 45 44 45 47 55 63 72 72 71 69 66 46 42 43 48 43 44 43 42
43 44 40 45 50 45 46 46 44 46 47 50 74 71 69 73 65 64 69 49 44 42 43 47 44 44 44
42 44 47 44 46 44 44 45 45 46 46 49 55 64 64 67 65 63 65 50 43 42 44 44 43 46 45
41 43 48 44 44 44 44 44 45 45 46 47 49 50 55 59 71 63 53 45 44 42 43 44 43 44 45
43 42 45 51 47 46 47 46 48 51 49 51 56 63 88 122 130 126 74 44 44 43 43 44 43 44 47
44 49 46 51 49 47 52 53 59 82 58 63 66 76 109 141 170 165 96 50 44 44 44 45 43 44 46
45 44 48 46 49 51 53 59 117 261 61 57 60 63 77 111 159 142 68 46 44 44 44 45 46 44 46
44 42 46 46 46 46 46 52 63 68 55 51 52 51 57 71 89 90 54 44 42 43 44 43 44 43 44
43 45 46 46 48 50 61 120 108 97 103 79 75 64 69 100 104 96 78 45 44 44 50 44 42 43 43
44 46 48 48 53 54 98 167 123 95 100 113 123 79 92 118 115 114 93 46 45 48 45 44 44 43 44
42 44 46 46 50 49 79 122 76 63 76 83 101 88 67 95 89 94 63 45 45 41 45 47 44 42 44
44 46 48 50 56 60 103 88 59 60 79 179 310 190 129 121 178 129 64 46 42 44 47 44 43 44 44
46 51 56 60 71 143 239 127 77 77 109 306 378 286 274 267 266 201 97 49 49 47 46 45 46 45 47
46 49 52 57 67 95 107 71 61 67 72 205 329 280 290 292 235 193 77 50 48 45 44 44 44 45 48
44 45 49 51 66 63 55 54 53 50 53 74 128 174 198 179 103 83 53 48 44 45 44 44 44 44 49
45 46 54 87 207 110 63 65 63 61 60 76 175 290 283 309 187 94 59 44 46 43 45 49 44 46 48
46 52 110 223 254 75 77 67 65 72 68 92 190 378 454 330 165 92 67 46 46 46 43 45 49 46 46
44 47 73 63 58 55 54 53 52 50 52 66 80 171 204 216 74 61 55 44 44 45 42 44 48 44 43
44 46 46 45 47 49 45 46 42 45 50 46 46 49 50 52 46 45 44 44 41 43 48 44 43 43 42
52 52 51 50 51 50 51 56 52 52 51 51 50 50 53 49 46 46 45 46 42 44 49 44 43 43 42
48 70 57 68 71 71 76 86 74 78 70 71 63 60 59 59 54 51 50 47 47 46 48 50 44 43 44
49 77 59 53 53 58 66 80 72 66 60 62 62 54 56 57 56 59 51 46 47 51 49 51 44 48 44
55 75 53 52 49 53 62 66 62 55 56 61 56 52 56 55 56 62 64 44 47 54 45 52 43 44 47
83 74 68 70 78 80 103 99 90 74 76 73 64 62 65 72 68 81 76 50 48 54 47 46 44 44 45
90 102 96 97 101 112 119 118 113 92 90 89 67 66 72 81 76 79 66 56 58 58 52 45 43 46 51
70 54 59 54 64 72 67 68 63 63 60 60 52 52 56 59 58 57 50 53 52 60 45 43 47 49 57
