43 43 44 41 46 49 58 82 55 45 45 45 44 44 46 45 46 100 151 96 63 44 44 44 43 43 43
43 44 44 42 46 45 60 147 81 47 46 47 46 46 49 47 55 186 175 64 47 44 48 44 42 44 43
43 48 44 42 44 43 74 141 145 47 45 46 47 45 44 45 49 74 61 55 43 43 44 43 44 42 44
41 45 45 45 45 47 558 101 86 48 46 46 47 46 47 46 46 64 182 191 46 44 45 44 44 46 46
40 43 49 45 43 47 110 68 49 48 46 47 45 46 45 45 48 49 195 160 47 43 44 44 44 44 44
42 41 44 49 44 47 60 59 45 45 45 42 44 49 44 44 43 46 98 87 45 41 44 47 44 43 45
43 41 44 43 44 53 83 67 46 43 44 46 44 44 43 45 43 43 63 62 44 44 43 44 46 44 44
44 44 44 44 46 47 129 126 50 46 46 45 45 44 45 46 46 46 159 172 47 44 44 46 44 48 44
43 42 44 42 44 44 101 88 49 45 46 44 46 44 46 46 46 51 120 187 46 45 43 44 45 44 44
43 41 44 48 44 44 62 62 45 45 44 44 46 44 44 44 43 46 86 92 43 43 42 43 44 42 44
42 43 44 44 53 49 125 104 52 47 48 44 45 48 45 44 45 49 93 107 51 43 44 42 43 44 43
43 44 45 43 46 55 318 312 110 51 50 49 47 48 48 49 46 68 248 290 70 46 44 44 44 44 45
43 48 43 44 46 46 120 133 72 52 48 46 46 45 46 48 47 88 245 291 90 44 44 45 44 45 45
43 43 46 42 44 46 74 75 50 45 47 44 43 43 44 44 43 46 73 99 53 44 43 42 43 44 44
42 43 45 44 46 59 196 161 131 48 46 46 46 46 43 47 46 57 112 121 63 47 47 44 42 43 44
43 43 49 45 47 56 188 184 147 55 48 47 47 46 47 47 52 72 162 196 98 48 43 44 47 44 43
43 43 44 44 44 45 64 76 64 46 45 44 45 44 45 43 44 50 102 115 58 44 47 47 44 42 43
43 43 43 44 44 44 70 77 56 48 45 42 44 44 43 44 43 44 53 49 45 43 44 45 43 49 44
42 44 44 44 45 45 96 149 90 50 47 43 45 44 44 47 46 47 57 54 46 47 44 42 43 43 44
43 42 44 47 44 44 55 78 65 49 45 45 49 44 44 45 46 53 62 52 47 45 48 44 43 43 44
42 43 44 46 44 42 46 56 65 47 43 44 49 44 43 44 43 48 52 47 44 43 46 43 42 43 43
43 48 44 42 45 45 54 104 126 83 52 47 46 45 44 46 47 65 80 58 44 43 45 42 43 47 44
43 43 45 46 46 44 70 130 184 107 73 51 55 49 49 52 69 123 159 108 54 48 47 41 45 54 45
47 44 45 46 44 44 54 71 121 88 60 54 48 46 47 49 63 107 122 93 60 46 45 44 41 45 49
42 43 44 43 49 44 46 55 72 59 50 43 46 49 45 44 46 54 57 51 47 41 45 48 44 43 44
43 42 45 43 48 54 87 185 235 187 125 71 55 54 60 84 101 110 114 85 58 47 46 46 50 44 44
46 46 44 46 51 50 105 177 221 202 143 88 64 60 68 143 197 195 204 180 163 56 46 45 49 45 44
43 42 44 50 47 45 58 69 88 75 67 58 54 51 59 89 127 158 166 156 124 53 46 47 45 44 44
43 44 43 58 54 58 76 128 125 96 94 72 54 54 65 88 82 84 84 87 57 46 45 44 44 42 44
43 46 67 85 56 59 76 105 91 96 83 80 67 65 75 90 83 87 87 95 61 46 46 43 43 44 43
43 45 54 46 47 51 61 72 72 73 85 86 63 64 70 111 95 84 80 89 56 46 46 42 44 49 44
42 45 45 44 46 43 47 74 72 89 93 88 57 73 69 108 68 68 64 55 46 46 45 44 42 44 48
50 57 51 49 57 52 68 172 215 275 247 241 185 180 189 238 178 164 150 89 55 59 54 46 43 46 50
50 46 51 55 59 54 62 115 163 222 200 235 236 223 230 206 158 162 147 80 55 60 54 45 45 43 46
44 44 46 51 67 48 51 72 110 140 143 184 209 223 205 161 116 106 93 62 45 58 55 45 47 45 44
44 44 45 49 206 52 56 87 106 113 106 127 123 121 128 93 86 78 78 58 48 59 53 46 44 43 47
42 43 44 44 64 46 51 68 76 78 88 82 88 102 88 81 70 72 68 58 47 47 47 43 44 46 46
41 44 52 46 51 46 44 48 52 56 66 66 64 63 69 73 59 55 50 46 45 45 46 41 43 48 44
43 46 45 46 53 45 46 56 72 92 107 115 105 132 105 101 82 65 55 48 46 49 48 46 44 42 44
44 47 45 46 55 46 46 51 67 95 108 89 66 77 75 102 89 72 53 49 50 48 51 44 42 43 44
44 44 44 42 45 43 44 46 43 51 56 47 47 55 46 47 52 48 44 48 42 43 44 44 43 44 48
44 47 45 42 58 48 45 48 45 67 87 68 67 76 60 58 69 48 46 49 44 46 46 43 43 49 44
45 44 45 44 52 46 45 46 47 53 71 75 70 75 61 58 64 47 48 43 44 45 45 45 44 43 44
47 44 43 45 49 45 45 44 46 53 63 71 56 48 49 52 48 44 45 44 45 44 46 47 44 42 43
43 41 46 46 79 65 50 47 52 65 103 108 89 71 79 82 61 48 47 46 48 62 51 44 48 44 43
43 44 44 46 68 45 46 50 46 49 63 80 74 60 61 64 53 46 46 45 48 278 132 44 47 48 43
46 44 48 55 692 127 49 49 52 62 86 96 101 80 82 82 65 53 56 49 65 352 283 44 45 45 45
49 47 54 78 176 127 51 51 56 75 108 122 122 103 97 98 87 58 54 49 92 302 316 46 47 42 45
43 44 48 46 117 59 46 48 50 63 91 95 104 99 81 84 71 55 50 51 96 287 207 44 44 44 42
43 44 45 46 52 47 45 47 49 57 76 95 116 85 80 77 58 51 46 49 51 99 64 44 44 44 42
45 47 48 54 66 62 52 61 91 125 191 240 267 245 187 192 135 94 67 56 71 146 92 53 43 46 50
45 44 50 45 57 51 50 58 92 131 199 220 212 178 142 149 115 103 75 54 62 98 57 51 42 45 49
43 44 48 43 47 45 43 48 61 83 114 108 90 76 70 75 79 61 53 47 50 54 47 44 44 41 44
44 45 46 46 52 48 54 64 111 223 223 188 136 112 98 127 169 99 65 55 54 60 61 44 43 45 45
44 47 47 48 56 50 58 74 111 242 292 230 161 132 114 171 246 139 97 81 53 65 56 44 44 44 45
42 44 44 44 46 42 46 53 51 61 78 82 69 56 60 74 96 60 53 47 46 49 46 42 43 43 44
41 43 44 43 45 42 44 49 45 46 49 55 49 48 46 51 50 47 47 50 44 42 44 42 43 44 44
46 50 46 44 49 45 52 63 63 70 82 89 75 78 79 105 102 86 87 70 49 53 48 43 43 43 44
50 50 52 45 53 50 63 83 81 96 108 110 108 108 120 141 145 138 119 99 65 60 54 45 43 44 45
55 43 46 44 47 46 49 59 56 59 63 67 67 68 72 82 85 91 78 67 58 57 49 47 42 45 46
51 44 46 45 47 46 48 52 52 52 55 56 57 56 62 69 78 79 69 56 57 60 49 46 44 50 44
51 63 64 58 64 62 84 90 80 82 94 102 101 88 120 154 166 219 138 79 71 75 71 46 45 51 46
52 80 69 75 73 69 85 98 96 97 112 112 99 91 125 178 171 189 110 81 71 78 72 51 44 48 48
53 47 47 50 55 57 57 62 57 64 69 76 61 69 83 92 93 83 59 61 58 71 58 44 44 46 51
