46 46 47 46 47 44 47 56 54 56 175 388 336 309 105 88 98 62 52 44 46 43 45 44 44 45 50
46 45 49 44 46 46 46 48 49 50 61 98 130 222 115 189 616 131 50 45 45 44 44 44 44 44 46
43 42 44 44 45 44 45 44 46 49 47 69 60 49 47 50 442 71 40 44 50 44 44 44 42 44 45
44 46 46 46 44 45 51 49 52 54 80 349 406 67 53 60 82 58 49 41 46 48 45 45 44 43 46
42 44 44 44 45 43 45 46 48 48 60 223 121 54 51 57 58 51 48 41 44 49 44 44 43 42 45
42 43 44 44 44 42 44 47 44 45 51 106 65 46 45 46 45 42 45 47 44 44 43 42 42 43 44
43 47 45 40 45 47 46 44 46 49 136 173 59 46 46 45 45 42 44 49 44 43 44 42 43 44 44
46 47 45 46 46 50 46 56 54 70 244 326 82 48 50 45 47 46 47 45 45 44 44 42 43 42 46
44 44 44 44 45 46 46 54 52 80 292 152 59 48 49 47 46 45 48 50 46 42 44 43 44 44 44
43 43 44 43 44 46 44 43 44 50 86 59 43 44 49 44 43 43 41 44 47 43 42 43 42 43 45
43 44 44 44 43 44 50 48 56 152 176 84 50 45 46 50 45 44 47 45 44 46 43 44 44 41 46
51 45 45 45 44 44 48 56 85 271 230 124 55 50 49 47 45 48 46 44 46 42 45 49 44 44 47
42 41 44 42 44 49 45 46 55 125 98 58 47 46 47 45 43 44 44 43 44 44 46 42 44 47 45
42 40 44 45 44 46 45 44 65 77 59 49 42 45 50 44 42 42 44 44 44 43 43 43 46 44 42
44 44 45 49 47 45 47 53 154 181 128 67 55 65 55 49 47 45 53 45 44 44 44 44 44 44 46
44 41 44 49 44 43 45 46 91 108 77 53 49 53 57 50 48 46 54 48 44 45 43 44 44 44 46
42 43 41 44 49 43 43 44 46 46 46 44 44 44 44 45 43 42 43 48 44 43 44 43 44 43 45
42 44 45 44 47 44 44 45 54 50 46 42 44 50 45 43 43 43 44 47 45 42 44 42 44 44 42
43 43 44 43 45 48 45 46 59 58 49 45 44 47 53 50 47 49 47 46 44 42 45 44 44 44 45
43 43 43 47 43 43 45 46 52 51 46 44 45 43 45 45 44 46 45 43 44 42 45 44 43 44 50
42 42 47 42 44 43 43 47 52 48 46 44 43 43 44 43 42 43 47 44 42 43 42 42 44 42 45
43 44 44 44 45 42 47 63 100 96 62 47 48 49 47 47 46 46 40 44 49 44 44 44 43 44 47
42 44 44 44 42 44 51 53 87 95 70 51 49 48 50 51 46 46 51 41 46 52 47 46 45 44 54
42 43 44 43 44 44 44 49 64 72 64 48 45 45 46 44 45 43 45 39 44 49 45 43 44 42 46
44 45 45 45 46 42 53 95 145 159 126 75 54 53 50 49 47 44 47 51 46 44 44 42 43 45 49
48 53 47 46 47 49 69 183 244 192 180 121 68 70 75 73 70 54 58 61 55 52 48 44 44 46 56
43 50 45 43 45 43 46 66 98 96 94 63 55 49 48 52 48 46 43 49 57 56 46 46 42 46 59
44 43 44 43 44 46 46 59 96 100 100 66 50 49 47 47 47 44 43 44 44 44 48 43 44 44 46
47 46 46 46 47 47 56 139 213 194 180 120 76 83 82 71 64 52 49 46 46 45 46 46 45 46 54
51 48 46 47 47 46 56 106 153 161 153 153 117 104 100 110 90 67 59 53 48 45 46 50 46 45 53
48 46 45 46 46 46 50 63 111 202 150 116 76 69 61 59 50 48 47 43 45 48 45 46 44 43 51
48 46 49 51 48 49 56 90 196 221 170 176 124 120 97 77 57 51 48 46 46 44 46 46 45 46 54
51 48 50 54 50 50 58 130 204 228 175 185 151 169 156 121 101 87 69 55 48 48 50 46 47 47 57
50 49 45 49 50 48 56 98 161 174 143 158 142 130 128 100 79 76 66 53 48 48 47 47 49 57 71
46 51 47 46 46 44 49 62 114 126 112 103 112 142 69 60 53 51 50 46 44 44 45 44 44 43 52
46 49 50 48 49 47 52 72 165 160 155 154 136 138 89 73 63 53 49 48 47 47 46 45 44 46 56
45 48 51 47 47 46 50 76 118 127 115 117 121 115 80 70 64 60 58 56 51 48 60 48 45 49 58
46 45 46 47 46 47 48 55 76 104 94 94 90 77 67 58 53 52 50 46 47 54 57 47 45 45 90
43 46 46 45 45 44 47 55 68 98 96 90 74 62 50 50 47 46 46 44 44 46 46 45 43 44 66
47 47 49 46 46 46 47 59 82 127 114 113 110 95 76 67 69 56 52 50 46 49 56 48 46 45 53
46 48 47 47 47 49 49 54 69 111 107 118 106 88 78 67 64 62 58 62 58 56 66 58 48 47 63
43 44 44 45 43 44 49 46 48 61 57 66 62 51 50 52 46 45 46 41 45 50 48 44 43 43 52
44 44 46 49 50 46 44 51 58 60 83 120 93 78 62 52 50 48 47 43 46 49 46 43 44 43 48
46 52 52 98 81 49 52 62 63 68 126 176 142 103 78 79 80 73 80 75 64 68 64 60 47 48 58
47 50 56 205 186 50 49 55 58 60 94 135 124 84 71 70 72 65 64 60 57 58 64 64 51 53 119
45 51 68 90 69 53 46 48 48 51 62 79 75 56 49 49 46 47 45 45 49 45 49 44 43 44 62
53 112 293 289 203 178 92 71 77 107 183 188 190 153 156 128 107 80 66 58 50 52 54 46 46 46 61
71 279 308 150 101 182 138 115 103 118 202 203 250 206 178 152 160 148 119 85 74 58 57 51 51 53 68
68 118 65 53 52 81 72 75 70 75 146 143 133 98 76 71 63 56 50 46 51 45 49 49 45 46 68
195 180 53 52 59 105 124 123 105 108 151 162 182 108 84 71 64 55 55 48 48 48 46 46 50 47 59
403 180 60 57 56 102 210 261 279 184 224 230 232 162 143 157 145 115 106 89 71 70 71 52 62 59 104
101 62 56 60 57 59 167 269 290 195 241 230 199 154 124 115 91 88 89 81 69 60 69 63 57 100 361
51 49 43 48 52 47 82 131 166 114 115 106 79 65 58 55 51 51 50 49 44 47 54 50 45 57 191
60 62 53 53 53 54 211 323 320 301 248 216 142 106 81 70 63 58 56 52 49 49 50 48 47 49 84
67 64 60 56 56 59 223 420 358 310 280 232 156 144 117 116 111 94 79 78 64 57 56 53 55 57 122
46 49 52 48 49 48 67 142 113 87 89 87 75 73 74 74 68 65 60 59 51 48 52 53 49 55 243
45 42 44 49 46 46 46 51 50 48 48 48 45 46 50 46 44 44 44 44 43 43 45 44 44 49 66
58 45 46 46 51 51 52 58 56 51 51 52 49 48 46 47 45 44 45 44 44 45 44 44 46 45 51
57 53 57 61 65 57 64 78 77 69 67 71 64 62 63 56 57 51 49 48 48 51 48 44 45 46 56
55 52 52 58 56 57 67 73 70 63 63 63 57 57 62 58 54 56 51 47 52 52 47 44 44 45 51
55 53 49 49 52 54 65 64 58 54 55 56 53 47 51 58 51 51 50 42 46 52 46 45 44 44 46
63 65 72 63 77 73 96 94 81 73 78 81 71 58 66 78 69 79 67 49 50 57 47 44 45 45 54
70 101 90 84 100 96 112 121 109 98 105 109 83 75 84 115 100 104 68 65 61 52 49 44 49 48 63
59 60 52 57 70 76 78 77 69 79 76 76 62 62 63 74 69 72 52 57 54 54 45 44 44 51 60
