43 48 44 51 53 57 58 63 61 50 45 46 47 44 43 43 42 42 44 43 44 44 42 44 44 44 44
42 43 42 45 46 49 51 56 52 51 44 45 44 42 43 44 43 43 44 46 45 42 43 42 43 44 42
42 43 43 44 45 49 113 232 89 51 46 43 44 45 44 44 43 43 45 44 44 43 43 44 46 43 43
44 45 44 45 49 64 302 899 357 63 51 49 49 49 50 50 47 48 44 45 43 45 50 46 44 44 43
43 42 44 44 45 54 102 238 155 50 45 45 44 45 46 44 46 44 44 42 44 42 44 48 43 43 44
42 43 44 43 44 52 81 54 47 44 49 43 43 43 43 43 42 44 41 43 49 44 43 43 42 43 46
42 43 48 44 46 94 278 111 58 46 45 43 45 46 44 43 43 44 44 41 44 48 44 44 43 42 43
44 42 45 46 47 109 349 250 63 52 48 46 46 46 44 46 44 44 44 48 44 47 44 40 44 48 44
43 43 44 42 45 55 281 170 53 46 45 45 44 45 43 44 46 43 43 44 43 44 47 44 44 43 42
42 42 43 43 44 45 80 55 44 44 44 42 44 44 44 42 42 43 46 41 43 44 43 43 46 43 44
43 46 46 42 44 92 262 155 52 46 48 45 46 44 44 44 44 44 43 46 42 43 44 43 44 46 44
41 44 50 44 44 99 282 229 63 46 46 46 46 45 48 45 44 44 44 44 42 44 47 44 44 44 43
42 44 40 43 46 56 83 71 46 43 44 44 44 41 44 48 41 43 43 43 44 44 44 43 43 45 44
42 44 44 43 46 69 137 105 58 43 44 44 44 44 44 44 41 43 43 43 44 42 44 45 43 44 44
43 44 47 45 63 176 355 287 162 50 49 45 47 52 48 46 46 46 44 47 45 43 44 44 44 44 41
43 43 45 44 46 98 232 213 118 47 47 46 44 46 51 46 44 44 45 44 44 47 45 43 43 43 44
43 42 44 45 44 52 87 71 50 44 44 44 41 44 49 44 42 44 43 42 47 44 42 42 42 43 44
42 44 46 44 45 82 228 139 82 48 47 45 46 43 46 50 44 44 44 43 40 44 44 44 42 43 43
43 44 43 44 46 73 161 154 79 51 49 45 46 43 46 49 46 44 46 44 43 43 43 44 44 41 44
42 44 42 43 44 47 79 83 51 48 44 44 44 42 44 44 43 44 44 43 44 43 44 43 43 42 44
42 46 42 43 44 46 66 76 49 49 44 42 44 43 44 44 43 48 44 42 44 42 43 43 43 43 42
42 43 44 44 45 48 68 127 70 52 49 44 45 45 43 45 44 43 41 44 42 43 44 44 43 43 44
41 43 43 43 44 43 51 79 65 55 48 44 44 45 45 44 43 44 42 44 42 43 48 43 43 43 42
43 42 43 43 44 44 46 61 62 51 45 44 43 44 44 44 46 43 44 42 44 42 44 45 43 43 44
43 42 43 44 46 46 53 93 108 74 47 46 45 46 46 43 43 44 42 44 48 43 43 44 42 43 44
44 43 50 44 46 49 60 108 136 99 58 51 48 50 47 46 45 45 45 41 44 49 45 44 43 42 44
42 43 42 44 44 44 48 55 64 60 50 45 46 49 46 45 43 43 44 41 44 48 44 42 43 42 43
47 44 44 43 43 44 51 75 95 81 55 49 47 50 52 47 44 43 46 42 44 44 44 44 42 43 46
43 44 45 45 45 51 74 139 136 101 71 57 56 80 71 66 49 46 49 43 44 45 44 46 49 44 43
43 45 44 42 44 45 57 79 71 78 64 49 53 72 67 66 53 45 43 48 43 50 54 48 44 47 44
43 43 47 44 44 44 46 54 66 68 53 49 53 61 70 68 49 45 45 44 42 45 52 49 45 43 42
43 44 40 44 49 46 70 103 103 104 68 57 58 92 99 101 62 51 46 45 47 44 50 52 44 44 44
44 43 46 45 46 50 68 122 160 122 106 94 94 135 149 116 101 83 48 46 58 46 53 60 46 44 45
44 43 45 44 46 51 56 91 130 135 120 155 126 152 167 121 90 68 48 46 49 52 51 62 51 46 45
44 43 45 47 46 47 54 91 131 128 115 114 92 116 101 81 59 51 47 44 45 44 49 53 44 44 47
45 44 46 49 47 49 84 116 150 201 171 174 157 171 150 126 83 62 52 47 46 46 53 58 46 44 45
44 45 43 45 51 49 72 106 138 147 130 126 128 138 113 101 82 70 51 48 45 46 50 53 46 44 45
44 44 44 45 50 46 55 80 104 126 108 106 114 127 111 92 92 65 50 45 44 45 50 52 45 44 45
44 47 43 43 45 45 50 65 78 101 100 79 80 91 68 60 52 48 50 44 43 44 46 51 44 43 44
43 47 44 44 46 46 56 108 127 119 114 99 105 102 88 86 72 59 48 44 45 44 56 85 45 44 46
43 44 45 45 46 45 53 95 130 119 100 96 107 90 77 81 74 54 44 46 46 44 90 193 49 42 44
42 43 44 44 44 44 45 53 58 66 65 67 74 75 59 57 52 46 41 44 45 45 71 110 44 43 44
43 43 44 44 45 45 45 53 70 84 96 100 88 72 64 53 51 47 46 42 44 46 76 102 53 44 43
44 44 46 45 46 46 51 66 88 126 143 168 159 124 99 83 66 56 51 46 49 62 261 358 68 47 46
44 44 50 46 45 46 48 55 63 96 127 138 149 113 97 98 66 55 50 45 46 69 375 536 145 47 50
44 43 45 44 43 44 45 46 48 51 67 74 64 65 67 65 50 44 46 49 45 47 172 206 56 44 44
44 45 44 45 46 45 48 50 59 102 144 151 134 139 115 108 73 53 51 45 45 50 115 108 57 44 44
46 46 46 46 46 47 51 59 67 110 207 223 229 193 166 157 121 66 54 48 47 64 130 108 78 50 45
44 44 46 44 46 45 48 53 54 75 170 163 162 145 121 129 83 59 49 51 44 48 64 57 47 53 45
44 44 45 48 45 44 46 49 53 61 95 123 150 120 110 94 79 60 47 48 44 46 53 48 45 50 45
50 46 48 47 47 48 53 61 69 108 206 249 256 186 178 199 165 129 66 53 47 52 72 68 48 48 46
46 45 47 48 49 49 56 61 68 120 222 247 236 205 145 175 176 199 119 61 48 79 74 67 48 46 52
45 42 46 43 46 51 49 51 55 76 125 149 124 92 88 107 139 153 77 54 46 57 50 52 50 44 45
45 42 46 50 46 46 48 52 55 76 140 168 118 96 80 99 143 118 67 52 46 48 52 53 43 44 49
46 47 47 49 49 47 52 58 66 99 229 295 162 128 107 140 195 129 88 89 55 48 61 60 46 43 46
44 46 43 45 50 46 47 51 56 74 109 154 105 73 79 87 76 64 56 55 47 44 50 51 45 42 44
44 46 45 46 51 48 49 56 62 69 80 91 79 65 61 66 62 60 54 54 44 44 48 48 46 47 44
54 49 46 57 61 63 77 88 95 125 117 115 88 85 84 92 85 76 77 67 47 46 50 53 46 46 44
60 58 67 74 88 89 122 143 147 160 146 142 117 113 110 112 104 118 112 86 62 55 57 58 46 46 44
81 59 57 61 67 63 93 119 115 108 99 97 84 85 80 88 92 96 97 66 57 63 56 58 46 43 44
58 49 52 54 60 63 80 89 85 72 72 77 71 67 72 79 91 98 81 58 59 62 51 48 46 44 45
60 76 100 82 99 96 128 125 113 92 101 107 95 84 106 143 149 193 131 63 60 62 59 52 46 46 46
82 110 106 109 120 117 128 144 127 106 126 133 107 107 136 208 189 212 119 84 71 59 58 56 51 47 51
63 60 59 58 67 80 89 90 74 76 83 92 76 87 100 125 130 112 71 71 65 69 56 50 44 47 58
