43 46 46 46 46 45 45 49 42 46 48 43 43 43 46 43 43 46 46 49 45 43 46 42 42 43 43
43 43 45 43 45 51 50 57 43 46 47 46 43 43 46 46 46 56 54 46 45 43 42 42 43 43 46
43 42 46 45 48 50 73 124 65 46 46 46 46 46 45 45 55 69 62 45 47 45 45 43 49 46 42
46 48 46 46 47 52 73 229 124 52 45 47 52 46 46 50 120 172 80 49 46 46 45 45 46 41 46
43 46 46 46 48 48 56 119 76 48 47 43 46 50 46 46 127 137 63 46 46 46 45 43 46 48 46
42 46 46 52 46 51 68 84 54 52 46 46 46 46 46 50 62 88 62 45 45 49 46 43 43 42 46
43 39 46 58 47 47 64 76 49 46 46 46 47 46 45 46 51 84 63 50 42 46 45 46 46 43 46
43 48 45 49 53 48 80 82 48 46 43 45 50 46 43 45 50 101 78 70 48 46 46 46 42 43 46
46 45 45 46 68 59 117 94 45 46 51 46 46 46 46 45 47 85 80 60 45 45 49 43 43 43 46
43 46 46 47 52 100 132 89 49 46 46 46 51 46 45 46 49 88 112 78 45 46 45 43 46 49 46
46 45 48 49 57 131 142 98 53 46 47 52 46 45 46 46 52 103 164 132 50 49 45 48 42 46 49
46 47 46 52 92 158 156 96 50 48 48 47 48 49 48 48 58 114 199 190 62 46 46 48 46 46 46
46 55 47 62 103 178 145 98 51 47 48 48 48 47 45 49 67 127 201 199 59 50 46 46 43 46 47
46 51 53 56 131 171 140 107 54 50 49 47 48 47 47 49 87 130 161 198 65 52 46 46 49 46 46
45 49 53 65 167 173 149 116 56 51 50 50 47 49 51 50 101 178 185 179 70 50 46 46 46 46 46
46 47 49 54 168 197 154 122 63 51 51 51 49 49 54 51 112 184 175 210 90 53 48 46 46 46 46
46 49 65 56 166 191 134 89 59 51 51 49 50 52 49 51 88 179 175 216 84 50 48 47 45 46 46
45 46 48 47 101 129 109 70 54 49 49 47 48 46 47 49 63 125 147 157 62 52 47 46 43 46 46
43 45 46 45 73 108 95 62 49 46 46 46 46 46 45 47 56 97 80 76 54 49 46 45 43 46 41
46 47 47 46 50 91 92 66 46 46 46 46 46 45 45 45 48 88 69 52 45 48 46 46 43 43 47
46 43 47 45 46 69 93 66 49 46 47 46 46 46 45 46 49 64 85 47 46 48 43 46 43 43 46
46 43 46 45 46 75 79 75 76 49 45 45 46 45 46 46 50 76 51 48 48 47 47 46 42 43 46
43 46 46 45 49 66 103 80 86 55 46 47 47 46 47 53 69 99 68 46 47 49 45 48 46 43 46
42 45 46 45 49 74 102 85 124 70 50 50 48 48 52 74 76 89 64 47 46 43 46 46 43 46 46
43 46 47 46 55 87 116 104 130 89 57 53 50 52 65 91 89 92 74 50 47 49 48 45 43 46 46
46 45 48 50 58 93 108 104 107 84 67 54 57 51 81 101 94 97 86 50 47 48 47 47 46 42 46
45 52 48 46 59 87 110 88 86 81 76 53 54 51 77 92 82 77 77 53 51 53 48 46 42 43 46
46 49 49 47 70 108 128 106 97 100 101 58 54 58 92 114 106 119 116 73 48 49 49 47 46 46 49
48 49 51 49 65 124 124 125 113 91 102 61 55 65 89 97 115 90 77 62 48 49 50 46 46 50 45
49 48 53 48 58 97 93 99 92 81 95 69 55 55 77 81 82 73 71 57 48 47 48 47 46 53 47
52 52 68 52 61 79 98 106 104 116 111 101 80 88 84 108 86 81 75 59 50 49 51 54 46 45 47
49 48 57 56 55 74 100 136 115 140 119 122 120 130 110 149 92 94 80 59 51 52 50 49 49 46 47
49 52 58 49 54 61 90 142 119 153 141 132 162 146 106 157 91 90 78 59 50 53 52 50 49 46 46
48 52 58 51 50 63 103 127 128 147 138 151 171 154 122 148 92 86 73 56 50 53 58 48 46 49 45
48 53 57 56 55 74 109 127 135 147 142 178 141 170 152 135 99 89 88 58 51 52 55 51 46 42 45
48 52 58 51 57 85 122 129 143 150 148 159 120 147 129 101 89 76 70 57 51 51 58 50 46 46 43
46 50 54 50 57 73 106 117 119 123 103 101 87 105 99 95 76 71 68 52 50 49 56 50 46 46 42
47 51 57 54 59 68 108 146 108 125 89 99 89 94 108 100 86 90 60 48 48 49 55 63 42 46 49
47 57 56 48 54 62 88 133 98 104 94 86 78 72 76 72 66 62 54 46 47 49 81 114 42 46 49
51 68 59 50 56 68 108 138 123 101 92 74 67 73 70 70 68 63 57 49 47 51 107 169 45 42 46
63 90 77 55 55 74 118 140 139 108 108 84 72 82 72 71 68 61 50 50 54 57 112 173 43 46 46
84 98 93 58 54 71 106 129 141 121 119 94 79 84 76 75 65 59 54 46 51 72 135 161 45 43 46
110 107 96 61 59 66 100 141 134 127 132 97 95 94 84 78 68 60 55 46 52 95 191 146 46 43 46
129 134 115 67 61 72 106 152 127 148 142 124 114 103 81 84 74 58 56 56 53 121 273 150 46 45 45
149 225 204 78 65 74 105 149 131 149 146 124 134 110 97 106 89 63 58 50 57 148 378 124 46 43 45
154 312 404 92 68 75 118 157 152 152 151 154 152 136 118 130 114 75 58 55 68 151 177 84 45 45 46
105 125 139 90 71 83 124 146 149 156 167 155 150 136 134 121 119 81 61 55 73 149 143 64 43 45 47
69 103 109 100 76 92 127 140 130 146 150 190 153 131 138 126 128 98 66 55 86 142 108 58 45 45 45
64 83 100 89 91 106 126 155 139 150 153 171 162 115 110 127 104 103 78 55 110 160 93 55 46 46 45
63 74 108 105 86 116 125 152 135 142 147 152 161 117 103 135 124 121 101 63 140 118 66 53 45 46 45
65 67 103 115 95 136 155 179 157 137 127 134 134 111 111 147 136 127 129 76 127 77 66 55 45 48 45
51 64 117 152 106 166 194 195 173 141 120 127 111 106 111 115 109 107 100 86 90 73 70 54 45 45 46
50 64 84 126 121 163 205 187 183 133 110 129 108 102 105 108 103 106 105 116 101 80 68 53 45 46 45
51 62 68 108 124 148 191 171 169 135 114 122 106 102 97 115 111 104 92 105 121 93 70 53 46 42 45
52 59 72 100 134 176 170 149 148 126 117 106 94 92 87 99 110 92 89 107 96 82 65 51 48 45 45
70 56 68 89 127 185 151 130 125 108 110 103 89 84 92 104 99 87 84 105 76 75 68 52 45 46 42
60 61 67 76 105 146 118 116 118 104 103 99 82 86 90 95 84 86 86 88 74 68 64 55 42 46 49
49 67 64 63 77 98 103 94 97 93 94 95 81 89 82 90 77 81 86 80 72 71 61 51 43 43 46
50 61 66 68 66 74 92 89 91 94 82 95 88 88 82 86 70 76 78 72 64 73 65 52 43 46 43
63 62 70 73 64 67 82 87 88 88 81 98 85 84 74 79 74 73 72 67 61 68 58 48 43 46 46
50 63 66 68 59 64 69 72 72 77 76 95 90 72 81 84 82 91 76 61 59 71 55 46 43 43 46
48 76 57 58 62 65 67 67 67 68 70 80 87 75 84 90 94 115 102 62 59 59 51 45 43 46 46
49 69 55 57 57 56 61 66 62 57 64 67 71 69 67 85 85 88 70 55 49 49 47 45 43 46 46
52 55 51 51 53 54 57 57 54 52 58 64 60 70 66 64 69 62 51 49 46 46 46 46 43 46 43
