42 43 45 45 44 44 44 46 46 55 47 44 56 48 50 75 57 49 44 43 45 43 44 44 44 45 44
43 46 46 46 46 47 55 65 117 313 117 61 63 74 259 310 63 59 54 51 47 46 46 46 44 45 47
44 46 46 44 46 51 53 62 92 362 89 57 53 54 270 268 61 52 51 50 46 45 46 46 44 44 43
43 41 44 48 44 44 45 46 56 84 47 47 44 47 69 78 52 46 45 44 46 44 42 43 43 43 44
42 44 42 44 47 44 47 49 56 61 46 45 46 45 48 87 59 48 45 46 44 44 42 43 43 43 44
42 45 42 44 48 44 50 48 64 67 47 46 46 44 51 75 80 46 47 45 43 43 44 43 43 41 44
43 46 42 43 45 46 47 51 82 80 51 45 46 46 47 65 79 48 45 47 43 43 44 44 44 42 44
42 46 43 43 45 46 46 59 74 59 47 44 46 45 47 66 90 63 46 46 45 42 45 44 43 43 41
42 43 47 44 45 44 50 98 86 57 47 46 46 46 49 67 99 85 47 46 45 40 44 50 44 43 44
43 44 46 45 45 52 70 116 100 67 51 48 48 49 52 76 109 111 60 47 43 46 51 45 43 43 43
43 44 46 51 46 61 112 159 138 77 54 52 50 51 57 90 119 138 129 62 47 48 46 45 50 45 44
44 45 46 47 46 59 154 178 146 83 56 53 51 55 64 100 130 142 175 55 58 47 47 46 43 44 45
44 46 53 46 45 82 149 147 127 94 56 54 53 55 66 102 117 159 182 103 48 47 47 46 44 44 45
43 44 50 46 45 84 163 148 138 90 58 59 53 52 61 102 115 146 161 104 49 51 47 44 45 44 50
46 49 55 46 51 75 149 142 114 86 56 53 52 52 57 94 126 177 173 85 48 57 48 46 46 44 45
44 46 45 46 46 67 124 124 106 71 53 51 50 49 52 64 106 143 163 56 49 52 44 45 48 46 44
43 52 47 56 50 53 103 78 84 54 52 48 47 47 47 53 71 96 83 83 48 46 45 44 44 46 44
43 44 47 51 50 48 104 89 78 60 51 47 51 47 48 50 79 78 63 62 46 45 46 42 44 50 44
43 45 48 51 47 46 73 94 81 58 51 53 48 47 51 61 84 129 84 52 52 44 46 46 44 45 46
44 46 46 47 56 46 69 107 124 70 58 50 50 49 52 64 93 110 84 54 47 44 49 48 44 44 47
43 46 46 45 49 64 96 106 110 82 63 53 51 51 56 83 116 128 94 62 47 46 47 46 46 44 45
46 48 58 51 48 65 127 154 167 127 102 63 58 62 94 122 142 153 132 77 50 48 48 50 45 45 46
45 46 52 54 49 91 158 153 202 159 149 81 64 71 129 152 154 171 155 115 55 53 50 48 50 46 45
46 51 50 64 50 122 196 172 250 216 174 104 72 76 154 183 160 178 138 128 63 52 52 51 47 47 46
46 58 50 59 59 121 220 186 250 227 172 142 78 97 151 176 181 177 155 159 83 54 54 66 47 45 46
46 57 68 57 62 178 164 201 208 179 157 134 78 94 166 189 199 149 155 162 95 54 59 55 51 47 46
46 102 71 62 56 109 186 167 175 187 159 121 79 115 155 234 184 135 145 154 111 54 54 67 62 58 46
63 76 67 56 67 125 211 255 214 250 253 186 116 190 227 314 273 227 222 244 125 108 66 53 49 62 50
63 58 61 53 56 134 204 259 226 226 185 163 109 167 213 193 194 178 148 145 96 68 64 52 46 48 50
46 73 53 64 55 101 149 157 165 199 149 162 110 154 157 187 159 142 110 115 84 59 65 51 47 48 48
46 85 60 94 52 83 159 187 184 229 188 201 153 178 205 212 166 164 134 125 67 62 73 68 65 50 47
49 137 101 62 53 68 125 199 207 230 206 231 217 248 223 254 189 153 143 124 75 59 66 94 79 50 48
71 99 82 56 53 66 112 188 210 232 239 233 273 283 230 235 193 153 133 114 62 62 61 63 63 53 54
57 57 56 57 54 60 95 189 174 198 204 240 236 261 254 215 158 138 126 95 59 59 61 58 50 57 50
52 56 60 55 54 63 132 189 209 218 199 231 204 277 233 187 166 135 118 88 56 62 61 69 61 46 48
49 58 63 60 64 65 123 146 192 206 168 174 114 152 170 133 131 114 94 73 52 65 69 59 61 47 53
48 77 59 58 55 100 127 136 136 166 136 107 81 92 109 107 116 92 75 69 51 52 53 46 47 51 48
56 127 64 63 54 66 109 132 145 133 111 92 79 94 82 95 105 80 74 59 53 51 51 55 48 45 46
63 65 47 49 53 62 72 117 124 106 98 81 70 74 73 76 78 72 74 54 48 48 48 55 52 46 51
50 59 53 46 48 60 90 160 158 132 106 102 93 76 79 78 78 71 71 59 49 50 47 50 51 46 70
58 61 50 50 53 51 74 128 138 126 92 81 77 78 77 88 92 75 78 60 47 52 50 48 48 47 56
46 47 50 54 54 59 77 122 141 130 106 98 108 84 84 81 75 73 70 55 47 52 51 49 50 50 53
45 48 57 50 50 58 71 121 133 114 120 116 108 103 98 89 72 76 72 56 48 51 54 51 46 44 49
45 50 62 52 53 54 76 137 137 150 156 132 131 111 105 110 100 96 74 59 56 57 110 94 48 47 47
46 59 99 64 48 50 60 128 110 100 112 115 128 104 91 89 83 74 64 53 50 54 106 96 52 49 46
45 113 227 90 55 53 64 126 129 126 116 145 141 123 123 111 111 99 71 58 55 66 173 291 52 49 54
45 83 229 138 57 54 66 115 133 132 127 144 156 130 141 122 123 97 82 68 60 98 233 124 61 49 48
47 65 130 103 64 60 70 136 129 125 140 155 170 148 143 140 124 121 103 70 63 129 168 88 46 45 46
45 52 83 102 92 56 79 152 150 139 163 152 178 147 114 134 120 115 117 72 73 156 129 60 46 46 46
46 53 69 100 103 61 85 145 144 134 150 149 189 157 122 141 135 125 133 75 87 151 129 52 47 46 46
45 55 58 98 114 76 86 159 156 147 150 168 179 144 140 161 148 133 151 81 93 170 154 53 48 46 49
46 55 56 94 136 83 119 162 165 163 151 175 165 134 139 152 142 138 143 94 94 175 103 51 48 46 46
49 54 55 71 122 91 160 199 209 190 146 182 169 138 143 163 158 159 147 110 87 155 78 54 49 45 46
49 52 52 53 89 100 146 160 171 168 142 145 126 116 115 141 147 138 117 109 97 96 56 51 54 46 45
46 52 50 49 63 123 142 142 141 127 122 115 96 95 90 112 119 106 103 109 98 59 51 49 44 45 49
45 46 48 48 52 76 111 111 103 101 104 94 82 79 84 96 107 85 84 96 69 53 51 44 45 49 46
49 46 46 47 47 56 64 75 80 81 89 82 66 67 76 82 76 74 67 66 54 49 46 46 46 45 45
46 45 48 46 47 47 53 59 63 72 70 70 62 69 68 64 61 57 56 51 48 48 47 47 45 42 44
53 43 46 47 46 49 51 54 59 65 66 70 60 67 74 70 59 56 52 52 50 47 48 45 45 49 44
68 45 48 47 46 46 52 56 57 58 62 68 62 60 63 68 64 59 57 51 50 49 47 46 43 45 49
60 48 51 53 50 48 51 56 56 60 57 60 65 59 62 70 64 70 58 57 51 53 48 44 45 47 44
53 55 61 57 53 50 56 56 59 59 60 63 66 59 70 83 71 91 66 58 54 55 49 46 48 44 44
54 55 67 57 53 50 53 54 56 55 61 62 60 63 71 76 72 81 58 60 54 59 53 44 46 50 44
54 53 62 53 47 48 49 52 55 52 55 62 54 56 62 64 60 63 52 51 53 61 52 43 44 50 44
