42 43 43 44 41 43 48 44 42 43 43 44 46 43 44 48 41 43 49 44 43 43 42 42 43 43 44
42 43 43 44 43 42 44 44 43 44 46 50 50 43 44 44 43 47 45 42 44 42 43 44 43 43 44
42 43 44 43 44 42 44 48 44 45 46 52 62 53 46 45 43 45 51 44 42 43 48 44 42 43 43
42 42 43 44 44 44 42 44 49 46 53 65 228 135 52 48 64 56 43 46 51 45 46 45 44 43 44
42 44 45 45 44 46 49 46 47 49 48 159 652 205 62 91 92 60 52 47 52 53 50 50 49 44 44
41 44 43 43 45 44 44 45 45 46 49 61 216 72 64 110 80 60 54 48 46 46 44 44 45 44 44
44 44 45 44 43 43 44 44 44 44 51 64 76 76 70 65 78 63 46 50 46 46 45 43 44 44 43
43 43 44 45 44 42 43 43 43 44 43 48 66 68 50 47 55 56 46 47 45 46 44 45 44 42 43
42 43 42 42 44 43 44 41 44 49 44 43 53 49 46 46 50 67 54 50 45 43 44 42 43 44 43
42 43 44 41 44 48 44 42 43 43 44 44 49 55 49 46 54 78 71 49 46 44 44 44 41 44 48
43 43 44 42 44 44 45 45 42 45 50 46 46 48 46 47 63 104 133 79 54 47 46 43 45 49 44
45 44 45 44 43 44 45 45 46 43 46 52 49 50 48 49 63 110 165 136 64 49 49 47 53 44 43
42 44 40 44 50 44 45 46 45 46 46 47 49 50 50 50 63 122 174 131 69 55 49 54 47 44 44
43 42 45 43 45 49 46 47 47 46 47 48 50 51 51 55 65 124 159 182 68 69 52 49 49 44 44
44 44 47 45 44 45 47 53 54 50 57 65 67 81 79 66 72 145 175 185 98 79 55 51 49 46 48
44 44 46 48 46 45 48 62 74 63 64 75 78 105 89 68 84 160 225 187 142 91 59 53 53 47 44
43 44 46 43 46 51 57 54 75 76 69 70 69 88 84 69 77 162 194 238 141 99 59 53 54 46 45
43 47 44 45 50 46 50 56 76 82 69 63 66 82 76 66 63 117 169 191 143 100 62 51 51 46 44
43 47 46 45 43 45 53 54 58 83 68 62 62 63 67 63 55 86 83 114 108 84 53 48 48 48 44
43 46 42 44 45 44 48 56 66 70 72 66 56 58 59 50 46 66 64 67 80 71 48 47 46 44 46
43 43 46 44 44 44 50 49 61 66 83 69 54 53 56 50 46 58 59 63 77 81 51 47 44 44 47
42 53 46 46 45 46 46 54 66 65 73 84 63 55 53 49 46 48 51 72 90 81 55 46 45 44 43
42 53 55 45 45 46 47 49 58 75 75 97 66 58 58 49 49 49 63 93 108 96 50 48 46 44 44
43 50 47 46 43 46 54 47 53 65 79 74 86 61 65 53 54 52 74 86 102 110 57 49 48 43 43
42 46 68 44 47 51 59 52 54 63 71 89 94 65 68 54 57 65 96 113 111 116 90 53 51 45 44
43 44 48 48 49 49 56 54 52 61 61 91 83 74 66 57 64 70 107 139 116 125 88 53 51 46 44
44 49 49 45 47 53 60 76 57 59 60 63 92 87 66 60 72 82 111 149 171 177 103 70 54 46 44
50 48 47 47 49 55 65 63 79 91 66 68 110 76 70 76 100 105 156 167 213 217 117 110 67 47 44
44 54 48 45 47 50 56 64 60 64 90 70 63 76 59 75 86 90 107 118 116 111 95 77 57 46 43
43 49 50 44 46 48 54 57 63 61 61 68 62 74 59 75 89 104 95 104 96 96 86 65 52 51 44
49 52 50 55 48 53 60 59 58 63 76 73 68 81 83 124 112 130 109 109 109 111 78 72 57 46 43
44 49 56 49 51 51 61 70 65 68 76 103 83 105 150 152 153 130 137 128 131 123 80 74 69 46 44
45 43 47 48 48 52 58 58 67 70 78 86 108 135 154 152 159 141 133 118 115 111 81 67 68 49 45
50 42 47 51 49 53 54 78 71 80 82 81 105 171 179 148 144 141 126 117 114 112 91 63 73 53 43
46 47 48 48 51 51 58 67 71 74 83 113 142 152 195 161 149 142 134 141 118 110 101 66 64 62 43
44 49 47 47 54 59 64 75 71 76 71 93 112 122 160 140 117 125 114 118 98 94 90 61 60 47 46
43 46 46 46 59 58 61 64 64 67 70 74 83 119 111 118 117 103 116 100 92 81 63 56 56 47 45
44 56 53 54 69 67 60 66 66 72 73 73 87 101 99 118 123 97 112 93 108 69 61 58 61 53 45
46 55 48 59 77 74 67 76 71 63 75 72 79 88 85 89 94 82 93 84 88 58 57 57 54 48 44
46 49 45 51 59 70 65 73 74 76 72 76 80 76 85 85 90 93 90 104 89 62 58 63 61 60 49
43 46 45 46 60 78 70 81 83 73 66 81 83 72 82 88 85 91 90 125 98 72 61 68 81 67 45
44 47 45 46 58 74 71 82 87 75 70 75 80 80 94 83 78 87 96 129 102 79 69 86 108 79 46
44 55 45 46 53 77 82 82 89 74 78 76 79 125 80 87 84 80 109 114 97 83 82 122 118 65 45
43 55 47 46 59 82 89 103 84 77 86 82 126 96 76 83 89 83 102 103 94 72 76 207 175 71 45
45 55 46 46 57 84 86 95 83 81 90 131 96 105 87 95 101 98 107 113 97 78 101 425 370 71 45
46 66 50 50 71 82 87 94 95 94 127 106 119 110 110 114 128 130 117 140 115 94 143 526 604 68 46
45 49 47 50 67 77 85 88 89 130 87 102 123 104 119 129 138 123 127 136 114 97 172 299 368 88 44
55 59 50 46 54 76 81 93 129 83 86 103 127 108 123 137 148 150 136 149 124 96 168 197 257 102 44
56 47 50 49 58 75 79 127 101 89 102 101 127 125 106 137 152 146 156 157 168 110 183 201 273 135 45
48 49 51 48 60 74 91 102 90 91 106 103 136 144 108 146 179 160 177 200 244 122 214 212 234 94 46
46 49 49 50 56 72 110 93 95 101 105 107 138 136 125 155 172 174 198 248 233 138 309 232 242 77 46
48 46 52 56 57 118 97 98 101 104 107 117 143 131 132 153 145 168 191 248 209 209 359 238 218 66 48
46 46 63 57 69 82 110 105 109 111 101 132 160 129 139 144 151 179 194 275 271 259 343 216 188 57 46
46 58 51 78 58 65 105 103 95 99 93 120 131 116 117 123 132 159 163 234 270 233 243 171 123 53 46
44 55 59 56 58 69 111 93 94 88 98 105 108 104 91 105 113 122 125 168 196 177 171 122 78 54 45
45 84 48 62 71 93 127 102 100 87 91 93 97 93 89 106 113 103 104 153 137 146 123 81 67 49 45
44 60 60 74 86 127 121 104 108 104 97 94 93 88 84 90 80 84 95 118 109 95 89 64 60 52 45
57 51 52 58 84 83 81 82 68 67 61 63 63 67 81 87 82 87 89 100 92 85 80 59 55 43 44
61 55 53 52 66 59 60 58 56 54 55 58 61 70 81 101 90 96 96 103 87 95 75 58 55 46 46
66 56 56 54 52 62 57 55 53 55 56 57 62 73 87 94 99 109 98 95 88 87 71 58 54 46 44
63 54 59 55 56 55 57 53 54 55 59 63 65 73 90 112 140 164 113 97 91 88 74 60 56 47 45
49 55 58 54 54 56 62 59 56 56 61 66 69 76 103 150 179 219 156 99 92 91 78 63 61 47 45
48 51 57 55 53 51 52 57 58 54 59 65 64 74 95 141 150 172 107 88 79 86 74 59 58 45 44
49 46 52 51 53 49 50 53 50 55 53 65 59 64 77 101 112 101 69 72 70 76 64 52 54 46 42
