43 43 44 47 46 42 44 43 43 44 43 46 49 45 44 46 43 42 43 44 45 43 44 43 44 41 43
42 45 44 45 45 41 44 49 43 42 44 46 45 45 45 45 43 43 43 41 44 43 43 44 40 43 49
44 43 44 43 45 48 46 45 44 43 45 55 47 47 45 44 42 43 39 43 49 43 43 43 43 43 43
46 44 45 42 45 51 56 51 46 44 51 72 58 53 47 44 42 43 38 43 50 43 43 43 42 43 44
47 48 50 51 48 53 92 107 62 67 132 305 83 64 47 46 43 43 43 39 44 48 44 44 43 44 44
50 52 54 54 51 56 87 114 85 80 149 582 153 54 51 50 42 45 50 44 44 43 43 43 44 44 44
47 48 51 50 51 59 107 107 57 61 72 257 84 47 46 44 44 42 44 48 44 44 44 42 43 44 43
44 45 47 47 48 54 66 63 50 47 51 76 48 45 45 41 41 44 43 43 44 43 43 44 43 45 44
45 46 56 55 58 74 93 64 46 48 51 51 50 50 45 43 44 43 44 48 45 42 43 42 43 44 42
45 47 54 51 67 82 77 57 46 49 46 50 47 43 44 44 43 44 43 44 43 43 46 43 44 44 42
51 54 57 92 136 166 113 78 55 55 50 58 47 46 46 46 47 46 44 44 44 44 44 43 44 46 44
57 61 56 96 199 121 129 106 55 51 55 50 50 48 45 46 46 45 44 44 47 44 45 44 42 43 44
52 78 62 87 205 175 83 70 55 52 50 47 51 53 47 45 44 44 45 44 45 45 44 46 44 42 43
56 85 81 103 131 269 96 74 54 51 51 52 52 50 48 51 44 44 45 44 45 42 44 48 44 43 46
57 83 122 120 147 267 125 84 59 55 52 56 53 54 52 51 46 46 46 44 45 43 43 44 44 44 44
67 99 171 161 172 281 175 123 76 78 77 83 76 98 94 69 63 46 48 44 45 45 44 44 43 44 47
75 159 226 167 202 269 204 148 106 104 94 109 90 98 85 79 67 49 46 48 44 44 45 44 44 42 44
65 141 186 126 155 182 133 107 87 89 83 87 75 84 80 87 65 46 44 47 44 43 44 43 44 41 44
56 76 151 101 139 129 96 83 79 75 74 72 69 80 82 81 60 45 44 44 44 44 44 43 44 48 44
52 79 112 76 102 90 82 72 79 73 69 72 67 67 84 81 54 49 47 44 43 43 44 44 44 41 44
50 72 91 68 83 75 72 69 65 63 72 75 65 69 76 66 54 45 44 42 44 44 44 44 41 43 48
53 99 112 65 76 78 79 71 60 64 82 77 71 70 87 67 68 50 43 44 44 47 44 42 43 43 43
53 71 126 72 72 80 82 70 71 76 70 87 75 89 113 86 63 57 41 44 49 44 44 43 43 43 44
53 64 95 109 68 83 88 74 72 64 79 86 83 83 97 76 56 52 46 43 45 44 45 44 45 44 43
63 100 139 134 93 87 104 89 80 72 96 101 86 79 87 74 54 50 51 45 46 44 42 43 44 44 44
105 89 140 122 110 82 96 88 82 62 84 90 85 79 82 71 64 48 46 49 45 45 44 44 44 44 44
101 108 156 120 146 104 97 90 83 67 68 72 70 78 67 77 62 50 47 46 45 43 44 44 44 44 42
124 143 183 172 126 154 112 119 86 73 84 90 95 94 86 84 84 66 57 47 44 46 50 44 44 44 44
175 157 218 177 133 178 111 111 86 79 82 93 81 82 78 73 65 65 49 46 44 44 49 44 44 44 43
192 158 221 187 124 199 117 109 84 76 76 80 74 76 67 67 61 61 55 47 46 44 44 46 44 44 44
175 181 214 160 114 150 115 109 78 97 93 90 82 77 68 70 61 58 50 48 50 44 45 44 43 44 44
106 163 212 153 106 135 134 128 118 112 98 109 83 94 72 73 64 59 57 48 46 48 45 45 44 43 44
76 157 137 108 85 95 134 124 124 136 99 116 93 88 74 71 60 57 57 49 46 49 44 44 44 43 44
90 186 170 108 89 95 149 138 136 126 99 124 124 93 91 70 64 56 56 52 46 45 48 45 45 44 43
71 92 104 102 92 93 174 160 160 138 103 127 114 102 92 67 62 54 60 51 46 45 44 44 45 44 46
78 96 127 138 138 149 199 184 240 153 109 147 113 81 79 70 59 57 54 54 48 45 46 44 44 44 45
80 92 134 144 149 152 172 159 166 127 101 109 69 79 67 67 61 56 54 56 50 44 45 44 44 46 44
102 104 216 202 280 216 247 225 174 136 98 85 98 101 72 69 65 56 54 54 51 46 46 44 44 47 45
85 83 126 141 174 164 202 187 127 113 100 77 104 90 65 60 58 52 54 54 49 45 45 44 44 46 45
97 84 131 176 202 214 173 160 125 101 90 89 107 79 65 61 56 51 52 54 49 46 45 45 44 44 46
99 101 166 219 220 290 182 166 142 106 90 98 106 80 71 62 58 54 54 57 47 44 44 44 44 44 42
94 111 159 208 212 272 167 151 131 106 93 90 93 80 73 61 57 52 57 57 49 45 44 44 43 44 45
117 123 147 185 238 268 186 166 134 108 109 93 79 106 68 66 57 55 55 53 47 46 49 44 43 44 44
115 109 150 180 223 261 221 199 137 127 110 101 100 101 65 65 59 54 54 50 45 45 44 44 44 42 44
121 112 151 186 236 238 200 180 145 126 114 110 87 99 64 64 62 57 51 48 46 46 44 44 44 44 45
132 160 172 224 244 239 206 186 162 129 106 139 88 103 70 68 69 66 51 48 47 44 45 44 44 45 42
206 166 202 257 254 304 230 213 176 134 120 144 95 88 91 72 71 59 49 49 48 46 46 44 44 45 45
220 182 223 239 224 266 229 212 157 121 122 134 141 85 102 72 67 61 47 49 45 46 50 44 44 44 44
238 216 199 211 236 241 204 186 169 139 125 108 155 78 88 68 69 54 49 47 47 45 46 44 45 45 45
271 263 225 204 223 201 178 166 154 131 118 116 156 91 93 65 67 54 54 47 48 44 46 49 45 44 44
361 289 238 232 233 234 186 166 157 131 113 137 131 106 95 67 68 54 52 47 50 51 46 45 44 44 45
520 462 381 393 300 287 207 189 182 140 127 165 128 133 92 75 66 60 54 50 50 53 47 46 45 44 46
445 410 330 386 277 270 209 189 176 133 121 163 121 121 82 76 64 57 54 52 46 49 51 45 46 45 44
354 348 256 318 253 221 167 153 151 126 112 151 116 113 76 66 60 53 54 49 48 48 45 45 48 45 45
262 257 211 214 207 175 126 116 126 112 116 111 102 86 70 57 59 53 48 51 46 47 46 46 44 47 45
192 179 183 160 149 152 114 104 96 86 87 76 86 72 62 56 54 50 47 53 45 46 45 45 44 48 44
127 163 140 151 170 181 129 119 110 111 94 93 81 64 70 64 61 63 61 68 56 49 48 46 44 45 44
111 152 122 134 138 147 132 121 98 98 80 84 73 71 71 72 66 63 59 73 59 51 48 48 44 44 44
118 149 123 128 125 137 121 112 87 77 68 74 66 65 63 66 60 57 62 62 59 56 50 44 46 45 45
172 144 133 149 145 142 140 127 97 79 66 71 68 58 63 63 60 58 58 59 57 62 49 44 44 49 42
141 154 156 175 152 147 141 128 97 73 67 70 62 60 64 57 64 71 57 63 57 63 51 44 43 46 45
170 173 176 174 160 161 154 140 96 74 69 72 66 61 61 60 65 73 69 63 55 56 47 44 44 44 44
172 180 165 161 159 138 129 119 82 69 65 71 63 62 60 61 62 64 56 54 52 50 46 44 44 43 44
162 166 159 153 147 155 119 107 78 72 63 68 62 60 57 59 55 56 55 49 47 46 43 43 44 44 44
