43 48 44 45 44 43 44 45 44 44 42 44 48 44 43 44 43 42 43 44 41 43 49 43 43 43 42
43 43 50 45 44 43 45 45 44 44 44 43 44 46 44 42 42 42 44 40 43 48 44 43 43 42 43
48 44 43 44 45 44 47 51 46 42 45 47 45 42 44 43 43 43 43 43 45 42 44 40 43 42 43
48 44 43 44 44 44 49 73 61 48 47 46 44 42 44 43 44 42 46 41 43 44 43 44 42 43 47
44 49 45 44 45 44 47 71 81 90 53 45 48 44 44 43 40 43 44 46 44 43 44 49 43 42 43
44 45 47 46 46 50 49 53 96 160 159 54 46 45 42 44 43 46 44 45 44 42 44 43 43 44 41
45 50 48 46 47 48 58 57 106 124 268 69 50 45 44 44 43 44 45 44 47 44 44 43 43 44 48
44 45 42 46 51 46 50 76 78 138 81 54 52 42 45 48 41 43 44 43 44 42 44 46 43 44 44
43 46 48 46 50 47 53 91 89 79 65 45 46 50 46 43 42 44 44 49 45 42 43 43 44 44 44
42 45 50 45 48 52 61 88 76 56 55 42 46 49 46 44 44 44 45 46 44 42 43 43 44 44 41
45 46 49 50 53 82 91 108 71 49 47 46 43 45 50 45 46 44 45 44 48 44 42 43 43 43 45
47 50 52 52 62 117 130 128 60 47 47 47 48 46 44 45 44 44 45 43 44 44 43 44 41 44 49
51 52 55 58 80 183 143 123 59 50 49 48 50 47 47 47 47 48 51 45 45 45 45 44 46 43 48
51 54 56 59 85 180 146 117 58 57 55 50 54 52 53 47 49 45 49 47 43 44 49 44 43 46 44
56 63 63 71 108 254 157 95 74 74 62 56 56 54 52 49 47 46 46 46 44 44 47 44 44 45 45
61 70 88 108 162 324 184 176 117 93 87 72 79 93 86 76 69 56 54 44 50 50 46 44 45 45 46
66 73 99 134 168 335 175 177 141 97 94 76 77 87 84 87 74 57 52 50 48 52 50 49 46 46 46
63 68 100 122 138 281 129 130 114 85 86 72 71 88 93 89 83 54 49 48 49 50 54 50 47 46 46
58 75 91 125 118 191 92 95 90 75 76 66 67 84 89 76 71 49 45 49 54 47 46 44 44 45 46
52 57 119 90 80 93 82 70 73 70 69 64 66 82 92 71 59 49 45 46 49 46 44 44 45 44 46
54 60 160 85 78 75 70 65 71 74 74 65 72 82 78 71 53 47 47 44 47 53 46 45 46 44 44
59 72 113 105 81 61 62 62 69 76 76 73 66 89 73 71 57 53 50 44 48 50 48 56 44 46 44
55 73 145 101 80 59 58 60 70 85 79 72 78 88 86 69 62 56 54 47 46 48 44 45 49 47 44
57 87 130 110 90 64 56 69 74 75 89 78 72 76 71 61 56 54 51 46 50 49 48 46 44 46 45
71 148 200 134 128 84 66 77 76 81 93 82 73 74 75 63 63 53 52 49 46 50 51 45 49 48 44
102 128 198 153 148 108 72 82 72 74 76 77 72 72 82 81 54 56 54 50 47 47 44 45 52 47 45
121 156 184 155 154 131 68 72 65 68 67 67 69 67 72 72 58 49 52 52 49 44 46 51 46 46 45
155 217 256 210 162 169 77 78 76 79 82 80 83 86 78 73 68 62 54 56 51 52 48 46 46 46 46
242 240 315 240 169 181 85 87 76 77 84 78 78 74 80 70 69 71 68 60 51 48 48 46 46 49 45
228 218 282 195 166 200 96 77 72 81 76 70 72 75 67 61 60 58 58 53 51 48 47 46 46 48 46
277 225 270 245 162 190 115 92 89 86 96 80 76 71 69 63 63 56 55 52 50 49 48 46 45 50 51
154 227 286 198 131 144 135 116 104 105 81 76 80 69 66 66 66 57 57 52 47 48 46 46 46 48 46
96 210 192 139 106 101 140 141 123 103 76 82 84 65 64 61 56 57 55 51 50 47 49 45 45 46 46
103 318 265 135 114 110 171 149 109 111 87 84 84 82 70 68 60 57 59 53 49 46 47 49 47 47 46
78 106 138 128 101 106 141 156 127 102 88 81 75 81 67 58 57 56 57 52 48 48 46 43 46 46 46
82 126 137 162 144 163 180 170 121 106 92 96 78 77 63 60 56 55 57 56 52 52 49 46 45 47 48
81 149 176 154 178 191 178 140 111 90 74 68 61 60 57 56 54 54 53 53 52 47 48 46 45 46 46
110 225 300 242 308 255 273 182 101 98 80 81 74 71 65 63 61 61 65 60 57 51 48 46 49 50 52
100 145 225 194 240 208 226 167 88 94 77 79 77 68 60 62 57 60 64 59 56 49 47 46 48 48 54
130 164 228 236 242 249 164 114 87 85 81 85 75 70 62 62 59 58 63 67 54 53 51 46 49 48 53
182 195 284 289 247 255 165 118 88 88 85 82 71 70 64 64 63 61 67 63 56 51 53 52 50 48 58
176 174 232 264 227 226 131 109 84 95 85 81 74 69 63 63 60 61 74 64 58 55 48 48 54 50 56
181 175 201 217 232 204 164 114 80 93 84 76 80 76 67 61 63 62 72 68 62 60 54 47 54 51 48
150 152 186 190 208 191 191 116 76 97 94 78 77 67 63 67 63 59 72 60 54 56 54 47 48 52 46
143 124 164 178 220 179 152 121 74 101 100 78 78 68 63 68 66 65 73 63 58 59 54 47 47 53 46
147 122 165 187 209 200 141 177 80 108 99 89 78 76 70 71 70 68 76 68 70 55 50 57 64 58 47
128 111 157 200 207 216 154 187 87 104 116 93 79 79 75 70 67 68 79 76 57 64 49 64 58 68 53
123 115 168 196 200 223 168 184 83 100 114 108 85 81 76 73 74 73 78 78 63 51 49 61 50 71 50
103 136 156 188 231 220 173 171 85 108 99 122 98 73 74 74 71 69 83 70 73 61 54 68 77 62 55
165 184 182 196 219 207 182 152 96 104 101 109 114 82 72 75 73 72 89 76 65 70 54 58 95 53 57
249 219 181 203 231 224 188 158 106 100 99 111 101 83 78 84 83 76 92 76 70 82 69 49 72 75 76
380 336 225 316 267 258 200 151 112 104 111 110 115 88 81 84 80 83 86 100 72 71 64 50 55 99 62
382 398 263 360 300 313 252 171 119 110 108 127 107 90 82 86 84 88 91 110 82 75 64 51 53 94 55
370 367 288 378 339 306 231 155 111 108 100 114 93 95 82 84 84 81 87 113 66 71 62 49 52 71 50
340 402 292 332 361 292 209 139 102 106 97 110 88 83 72 75 81 87 77 80 65 61 61 53 50 65 50
266 358 277 268 307 278 180 137 99 95 86 85 90 84 71 77 87 80 69 74 63 55 57 54 49 58 49
223 277 223 234 251 224 174 123 107 102 95 90 88 77 80 106 76 84 102 114 80 64 58 48 53 52 55
188 266 196 201 198 187 160 125 103 106 87 97 80 89 77 92 81 76 84 92 72 68 51 52 65 50 50
196 226 169 166 156 138 133 110 95 87 83 84 69 85 73 71 71 66 69 76 66 63 50 45 56 49 47
193 152 134 139 130 126 107 103 101 95 87 82 67 85 61 64 69 64 69 62 64 62 50 49 49 50 46
102 104 102 100 95 94 88 91 98 92 85 86 74 81 60 64 70 85 68 63 61 55 46 48 49 48 46
93 92 90 89 82 82 85 83 94 87 101 108 75 57 84 73 72 96 76 62 59 55 55 48 47 46 46
85 91 86 76 74 73 74 78 78 84 111 102 75 59 88 72 67 78 63 55 52 60 60 45 45 45 46
72 73 71 66 71 66 68 71 69 78 83 97 67 62 77 64 63 62 54 51 51 59 49 44 43 44 44
