43 48 45 43 44 44 44 46 48 45 102 113 51 46 44 44 43 43 44 44 44 43 43 43 46 44 42
44 44 40 44 43 43 44 46 46 44 57 132 82 49 47 46 46 46 44 43 44 43 44 41 43 48 44
43 44 43 44 48 44 45 45 45 43 49 88 127 93 52 53 48 47 50 46 44 44 44 42 42 43 43
43 44 45 43 45 46 45 47 46 44 48 61 103 130 86 59 54 52 52 49 45 42 44 42 43 44 43
44 44 45 41 44 49 46 44 45 43 48 54 92 110 150 65 55 53 55 44 50 44 42 43 42 43 44
43 45 44 44 42 44 50 46 45 44 48 59 114 90 129 77 56 58 56 43 44 42 43 44 43 43 47
43 43 47 42 44 44 45 46 46 44 51 80 103 88 64 58 50 50 56 44 44 43 42 43 44 44 44
45 44 45 44 44 44 46 47 49 43 56 139 140 84 58 56 55 53 50 44 49 44 43 43 42 43 44
43 43 44 44 45 45 45 48 51 44 63 103 105 67 53 50 52 48 49 40 44 43 44 47 44 42 43
43 45 44 46 45 45 51 49 55 49 105 104 98 59 52 53 56 50 51 44 44 42 44 39 42 43 44
43 46 49 50 46 47 55 63 67 48 151 131 100 59 53 51 52 51 52 46 45 42 45 43 43 44 41
46 47 45 53 46 49 55 72 85 49 171 123 89 58 58 52 52 52 52 45 44 44 44 47 44 42 43
46 57 46 44 52 49 58 73 151 49 156 128 82 57 52 51 51 51 49 44 48 44 44 44 42 43 44
46 49 49 46 50 54 60 119 121 49 161 120 79 59 54 50 51 51 52 43 44 43 44 44 44 44 43
47 51 47 46 47 58 78 148 147 52 216 115 72 56 54 53 57 52 53 48 44 44 44 41 44 50 44
53 52 48 46 52 63 103 193 187 49 220 131 69 57 56 53 55 53 56 43 44 44 44 44 44 44 44
53 51 53 46 48 57 106 199 174 47 171 123 62 55 54 52 53 52 54 42 44 44 44 44 41 44 49
47 54 48 46 48 55 90 195 153 47 123 85 60 52 50 49 45 49 50 46 42 43 45 44 44 41 45
46 50 46 48 47 58 127 131 109 45 82 65 49 49 54 48 47 46 47 44 44 44 41 43 48 45 43
46 50 46 45 44 66 127 121 128 46 91 66 52 49 50 50 47 48 46 43 44 43 44 41 44 49 45
46 53 47 45 47 76 107 131 171 46 89 62 56 50 50 49 47 48 48 44 47 44 43 43 42 44 44
48 48 48 45 48 85 147 182 150 48 128 68 59 54 55 53 55 51 51 44 44 44 44 44 44 46 44
53 48 47 46 50 82 101 204 161 50 177 78 70 56 60 61 58 55 56 48 45 44 44 43 45 44 42
50 48 48 46 50 81 105 217 183 53 242 107 74 63 71 60 61 59 60 46 49 45 43 44 43 44 44
54 51 50 49 48 81 133 204 226 57 298 155 107 80 74 71 73 71 71 46 45 45 44 44 43 45 48
55 50 57 47 50 75 151 174 218 55 275 185 139 100 88 81 85 80 83 47 45 44 44 44 44 44 44
54 51 48 47 50 65 126 147 167 52 216 179 133 97 105 86 87 83 89 47 46 44 44 44 44 44 44
59 54 51 51 52 65 131 201 184 56 287 218 186 148 157 124 127 115 117 46 46 46 45 49 44 44 44
55 54 48 48 52 58 111 136 159 57 216 172 166 137 131 113 114 102 105 43 46 50 45 43 44 43 44
52 49 48 47 48 51 76 113 128 48 156 127 136 116 115 105 106 99 98 46 43 44 50 44 43 44 43
53 51 50 47 49 54 67 99 122 51 193 148 152 128 127 117 121 112 116 53 46 53 45 44 44 43 44
56 58 51 47 50 56 71 103 131 54 243 175 175 151 150 135 141 131 131 80 50 46 45 44 43 44 44
57 53 56 49 50 56 66 88 135 56 273 162 171 170 152 136 146 136 137 72 45 45 50 44 44 44 43
57 51 56 50 49 55 64 77 110 54 249 177 163 152 145 130 140 131 133 70 47 50 46 44 44 43 44
61 51 49 48 48 53 63 72 95 48 177 160 184 159 148 137 148 136 143 100 48 47 46 44 44 43 44
59 50 48 48 48 52 61 70 75 49 161 149 161 142 130 124 132 122 128 59 46 45 45 44 42 44 47
50 53 47 46 47 48 58 65 68 46 89 109 119 116 107 103 106 103 104 50 44 44 45 44 44 44 41
52 54 50 45 47 50 66 72 76 47 109 122 122 112 107 103 109 103 104 47 46 45 42 44 47 44 43
50 49 45 46 46 51 73 77 84 47 123 115 108 97 96 98 97 92 93 46 45 44 46 41 44 43 44
50 54 44 46 47 51 74 88 92 47 127 109 103 92 92 95 93 88 89 48 46 46 44 42 43 47 44
52 50 45 46 52 53 72 95 93 46 120 99 95 91 84 83 86 83 82 54 46 43 44 42 43 45 44
50 47 46 46 49 51 68 89 88 46 113 100 86 76 78 80 79 75 76 47 45 42 43 43 44 44 41
54 46 46 48 48 53 59 74 77 47 113 103 83 79 83 77 79 77 78 44 47 44 42 43 43 44 44
61 58 48 49 49 51 63 76 88 46 135 130 89 81 77 79 82 77 79 44 44 44 44 44 41 44 48
56 48 56 50 51 57 63 77 94 49 154 145 100 94 93 91 99 90 93 46 43 44 44 43 44 42 44
56 52 54 54 56 62 67 85 98 51 177 164 125 117 116 114 126 112 114 46 44 44 46 44 44 41 44
60 61 75 67 65 65 74 87 98 49 164 155 134 126 124 122 130 119 122 42 45 49 45 44 43 43 46
134 164 224 120 105 95 81 87 91 50 159 172 142 135 132 125 138 127 129 45 46 48 46 43 44 44 45
306 197 180 148 137 140 113 101 90 49 158 166 125 118 112 111 118 109 108 47 45 46 49 44 44 44 44
385 180 148 122 130 128 153 149 111 50 156 161 134 125 122 118 125 114 115 48 46 46 48 45 43 44 44
416 163 88 74 113 143 185 202 163 51 178 168 140 131 127 120 131 121 122 48 50 46 45 44 43 44 45
142 103 69 70 75 173 192 208 200 56 277 229 149 136 130 126 133 124 127 49 49 47 45 44 44 44 45
86 74 65 63 75 112 209 210 233 56 295 310 150 136 130 124 133 123 126 47 46 50 46 44 44 44 45
76 71 54 60 64 78 124 171 209 58 313 234 134 119 116 110 118 110 114 48 46 46 45 45 44 46 45
65 57 52 54 64 86 98 134 166 60 304 241 116 103 100 97 102 95 100 46 45 46 45 45 45 45 46
73 60 53 57 74 90 95 128 133 56 281 198 103 94 90 87 92 87 88 47 46 45 45 43 41 44 46
63 58 52 53 74 88 82 98 108 50 178 129 83 78 75 74 76 72 74 47 46 46 45 44 46 44 42
50 54 48 54 60 68 81 89 88 46 113 98 66 60 62 66 60 60 60 50 47 48 46 44 44 43 43
54 64 45 58 64 72 86 93 85 46 104 81 63 60 59 59 57 57 59 48 51 44 51 49 44 44 44
77 63 62 66 68 75 100 109 102 47 126 84 67 67 63 61 64 61 63 54 50 54 49 49 44 49 44
78 59 64 68 64 77 77 96 97 46 113 88 66 64 63 60 62 61 64 51 53 57 50 51 44 45 42
66 63 59 69 64 72 73 82 81 47 97 84 64 64 67 64 64 64 65 49 53 54 51 45 44 44 44
63 69 59 56 66 68 71 74 77 44 81 76 63 62 61 62 63 61 63 47 51 56 54 46 41 43 48
63 57 59 60 60 62 68 68 67 45 67 63 57 56 56 55 61 56 56 51 49 59 52 46 44 41 44
