48 44 44 49 48 74 83 66 46 43 46 51 52 88 219 96 47 48 46 44 45 41 44 49 44 43 44
44 42 45 43 53 71 204 225 53 49 50 52 56 162 360 83 50 48 48 46 51 46 43 45 49 44 44
44 44 44 45 50 51 107 136 53 46 49 46 59 103 145 74 48 46 46 43 45 44 44 44 42 43 48
44 44 48 50 46 51 76 69 47 47 44 45 51 53 78 71 47 43 44 45 43 43 43 43 44 42 44
43 43 45 43 46 55 73 57 45 45 44 44 44 50 74 68 42 45 44 44 42 43 44 42 43 41 44
42 43 44 44 49 67 70 55 44 44 46 43 45 50 58 77 54 45 45 44 44 45 44 43 44 46 44
42 50 44 44 46 120 107 68 51 46 45 46 45 45 61 90 56 46 44 44 45 45 46 41 43 48 44
42 47 44 45 49 83 128 79 46 44 45 46 46 46 63 98 81 48 46 43 45 46 44 44 40 44 50
43 44 45 43 58 122 112 86 46 46 45 46 49 44 72 123 97 55 49 48 47 44 44 44 44 44 41
43 44 45 47 70 122 113 86 48 46 47 48 45 48 83 124 108 74 49 46 49 46 44 44 43 43 45
43 47 45 50 131 166 160 125 50 50 50 51 49 51 87 135 126 115 63 52 49 46 45 44 43 44 46
43 45 48 59 163 215 168 138 50 50 50 52 50 47 95 130 142 150 78 54 47 47 46 45 44 43 44
43 51 48 59 173 202 143 126 54 54 51 52 51 50 102 117 134 165 101 59 47 47 47 46 44 42 44
43 52 51 58 148 184 152 135 64 55 51 52 50 50 84 115 126 140 102 52 48 46 47 45 44 44 42
42 44 50 52 145 183 150 124 53 51 51 50 49 52 62 104 131 171 80 46 48 46 47 48 44 44 44
42 44 49 54 95 203 131 110 51 51 49 49 48 51 60 71 114 117 71 48 45 50 50 45 45 44 42
43 46 44 51 71 123 86 81 54 48 47 47 46 46 50 61 90 95 64 46 46 46 42 44 46 44 44
43 46 44 44 57 88 90 76 51 48 46 46 45 46 48 55 80 89 58 45 48 44 44 46 44 44 44
46 46 43 44 50 64 68 62 47 50 46 46 46 44 45 49 72 74 58 54 45 45 47 44 42 44 43
45 48 50 45 45 53 75 74 67 47 47 48 46 46 46 49 70 73 69 51 46 57 45 43 43 42 43
43 40 49 51 54 64 95 92 58 56 49 49 48 46 49 54 72 96 78 52 47 49 45 45 44 45 44
48 44 45 45 49 61 108 107 85 85 54 56 51 47 53 78 93 100 103 58 47 52 47 46 43 44 46
43 49 46 45 53 87 117 116 109 111 63 58 55 53 67 85 113 130 106 91 51 53 50 47 45 44 44
43 48 46 46 52 91 138 135 147 127 91 67 58 56 72 116 123 114 102 97 59 58 50 49 45 44 44
41 44 51 49 53 168 142 142 160 105 149 92 62 61 77 131 140 127 120 115 78 58 58 47 51 53 44
44 45 47 51 64 108 143 143 149 109 149 99 67 60 81 125 152 116 140 150 97 59 56 50 46 50 45
44 46 46 48 56 102 140 145 108 105 117 103 64 69 70 112 149 117 124 137 120 74 58 51 42 46 48
46 45 49 52 54 105 169 173 129 148 169 141 105 95 103 152 194 191 163 175 142 84 67 57 46 46 42
45 43 49 53 54 91 125 125 127 159 150 155 128 121 164 154 136 152 119 122 93 64 57 57 46 45 45
43 44 47 49 51 65 93 99 90 138 96 143 113 102 152 119 110 128 102 93 76 55 55 49 46 45 44
49 51 69 79 86 102 175 178 217 232 225 4095 239 213 228 211 213 202 170 152 117 110 107 93 56 50 49
44 46 47 49 52 58 86 87 142 130 145 154 152 158 169 152 155 117 112 93 84 63 55 51 46 44 46
45 46 46 49 52 56 82 79 142 144 153 142 149 164 162 131 142 104 104 93 73 56 54 50 45 45 42
45 44 47 47 51 54 74 75 132 123 136 123 156 127 119 112 125 109 95 83 69 53 52 50 46 46 42
42 44 47 48 50 52 85 91 116 139 124 114 148 106 109 112 108 92 88 90 60 54 60 49 46 47 43
43 43 46 47 49 53 70 72 126 140 115 134 126 94 85 91 89 82 73 76 56 52 55 48 44 46 44
42 43 45 45 46 48 53 55 77 95 86 71 71 64 63 66 70 60 61 49 49 48 46 50 45 44 44
42 44 43 45 47 48 62 59 93 82 76 65 60 61 62 64 71 64 69 58 47 48 54 46 43 44 43
44 43 49 46 46 48 63 64 90 76 90 79 82 66 68 65 68 62 76 59 52 53 53 46 44 44 44
42 39 46 51 47 48 64 64 89 97 98 93 88 79 78 72 72 66 63 65 52 48 51 56 44 44 44
45 44 45 47 47 50 64 63 105 114 101 101 102 92 75 79 76 65 64 57 53 52 50 57 47 47 45
43 48 47 46 48 50 63 63 107 132 114 107 111 108 83 78 79 68 65 60 53 52 57 63 47 43 44
43 44 56 52 50 54 67 69 118 130 134 123 115 122 89 91 86 80 78 61 55 55 80 101 54 44 44
43 54 101 81 53 55 79 81 136 149 153 145 147 131 95 93 92 88 91 68 58 62 105 186 62 45 46
43 55 121 108 68 58 93 95 150 133 161 142 150 140 109 114 105 103 97 76 58 67 134 214 76 45 44
45 44 132 140 89 66 110 111 163 144 141 164 170 158 144 131 132 118 103 90 65 99 171 180 58 46 45
43 46 113 140 116 76 113 116 167 151 150 174 174 160 165 132 139 115 114 95 80 140 212 142 51 46 45
46 47 88 146 127 129 142 145 167 142 156 177 186 168 159 145 147 139 132 113 95 153 176 111 51 52 46
45 47 58 101 135 181 168 172 198 171 183 162 174 158 124 140 147 143 145 131 156 207 172 78 54 46 46
45 47 48 84 183 152 153 157 176 154 167 147 183 149 116 142 160 162 153 166 204 206 146 64 51 46 45
44 46 51 59 127 150 172 173 179 148 145 150 158 127 118 147 154 153 170 195 188 189 141 60 56 45 46
44 47 47 54 88 129 162 164 146 140 127 140 136 116 107 118 118 139 150 168 147 171 85 54 47 46 43
43 44 48 50 56 93 131 136 140 124 107 134 122 103 97 99 100 117 114 121 119 86 59 51 45 45 44
42 43 46 46 50 53 76 82 87 87 84 95 87 77 72 73 73 72 65 72 65 57 58 47 44 44 43
43 43 44 46 48 52 66 65 73 78 80 85 79 75 67 66 65 59 56 64 57 50 53 47 43 43 43
42 43 44 45 50 52 58 62 68 69 70 74 69 66 63 63 66 59 58 55 54 46 48 51 44 42 44
43 46 44 46 54 54 59 56 62 70 73 74 71 69 65 71 58 61 60 56 54 52 47 46 45 45 44
45 45 48 50 52 56 59 59 66 69 80 89 71 73 72 75 62 59 59 61 55 57 51 46 43 46 44
48 42 48 55 57 56 63 63 68 76 83 90 84 86 81 78 65 62 68 63 58 59 56 48 44 46 44
54 44 49 60 59 62 69 67 71 89 90 96 92 88 82 83 71 67 72 61 59 63 55 51 49 46 44
50 46 50 59 58 60 64 65 67 76 89 98 101 89 85 88 78 81 69 60 62 61 60 50 42 45 49
45 45 47 51 57 59 63 64 64 66 78 84 96 77 81 95 84 90 72 62 54 57 59 47 45 49 44
46 45 49 49 51 57 58 58 61 57 67 74 79 70 74 83 80 78 65 59 56 60 58 50 49 45 43
49 45 42 47 54 55 52 53 53 54 57 56 61 65 59 63 66 62 54 54 52 54 52 52 44 43 44
