42 43 44 44 45 41 44 49 44 42 44 43 44 44 43 44 42 40 44 48 46 43 44 42 43 44 45
44 43 44 44 45 43 43 44 43 43 42 44 47 44 42 43 42 44 41 44 46 44 44 43 41 44 50
42 41 44 49 45 42 44 43 43 44 44 44 46 44 44 44 42 44 50 44 44 44 42 43 44 44 44
43 43 40 44 50 44 43 44 42 43 44 44 44 45 44 44 43 43 44 50 45 42 44 43 43 44 44
42 43 42 44 49 44 43 44 43 43 44 44 44 47 44 43 43 44 44 50 46 42 44 42 43 44 44
42 43 44 41 44 49 44 43 43 43 44 44 44 44 46 44 42 49 44 44 45 43 43 44 44 44 44
41 43 42 46 43 43 45 44 44 42 44 47 45 42 43 44 42 49 45 45 44 43 44 45 44 45 45
43 43 46 42 44 44 44 44 42 44 48 44 43 43 44 44 40 44 51 47 44 43 42 44 46 46 44
42 43 44 44 46 46 50 54 45 45 45 43 44 44 44 45 42 61 70 98 54 46 46 44 43 45 44
42 43 44 45 46 60 98 92 52 46 45 46 47 46 46 44 45 86 108 159 68 55 48 46 44 44 43
42 44 46 45 49 144 142 143 75 47 49 49 47 47 47 47 46 86 124 175 95 62 56 46 45 43 44
42 43 44 45 48 175 130 110 58 48 49 47 48 47 47 47 46 60 142 191 123 60 56 44 49 44 44
44 45 45 47 47 161 121 97 56 48 48 45 48 52 47 45 46 48 167 192 136 67 54 46 48 44 44
44 49 46 47 49 144 170 128 77 51 49 52 56 51 49 50 54 63 214 402 216 74 57 60 50 44 44
45 47 51 51 54 175 456 490 112 66 64 64 65 61 59 62 62 65 257 1044 406 64 64 71 51 47 45
46 50 57 58 63 159 1214 1263 185 74 74 74 74 71 66 68 73 81 136 890 487 85 72 83 52 48 48
44 46 48 53 60 90 880 799 92 60 58 59 59 57 55 56 61 64 103 186 110 81 58 70 49 50 48
47 44 44 46 49 56 71 75 58 46 46 51 46 44 45 44 47 61 76 66 58 54 61 48 42 44 49
42 46 45 46 48 56 59 66 60 47 43 45 51 45 45 46 45 56 58 58 57 50 72 51 44 47 44
42 42 45 44 45 55 54 54 49 46 45 44 43 44 50 46 44 56 50 50 52 45 46 49 47 44 42
42 43 42 43 44 44 53 51 46 46 44 43 45 43 44 50 44 50 50 44 47 48 44 45 42 43 46
43 44 45 46 45 43 48 50 44 48 43 44 49 44 45 45 47 46 54 46 45 47 43 44 44 43 43
43 44 43 44 48 44 46 48 43 47 46 44 45 48 46 45 48 47 47 46 47 47 44 45 42 43 44
43 44 42 44 50 44 47 48 43 47 48 46 47 46 49 51 46 49 44 51 46 45 45 44 43 46 44
43 43 45 42 44 48 48 47 44 46 48 46 48 46 49 55 46 54 47 46 46 45 44 44 44 46 44
42 46 44 45 44 41 46 51 45 46 48 46 51 47 48 63 48 46 50 47 45 44 44 46 41 47 49
43 43 47 44 44 44 44 46 50 46 47 46 48 47 49 54 56 46 47 50 44 44 44 45 43 45 44
43 43 46 42 45 49 47 48 45 48 50 52 53 56 56 63 58 54 46 54 53 46 44 51 42 43 44
42 44 47 45 42 44 51 48 46 50 60 63 64 65 70 64 59 53 51 46 47 52 45 47 45 43 43
43 43 46 46 46 46 50 50 51 55 68 102 88 84 141 81 81 74 56 46 49 50 47 48 45 43 43
48 61 85 87 75 76 101 140 180 216 236 4047 272 256 260 228 221 189 159 134 108 88 102 93 74 51 49
42 46 51 51 51 50 56 61 78 105 141 162 170 183 187 156 170 114 101 80 62 50 54 54 49 46 45
45 46 51 52 50 52 57 66 103 138 165 161 176 235 245 179 184 106 105 81 64 53 56 53 51 45 46
45 46 50 50 50 50 56 66 108 142 182 168 176 161 151 134 135 115 100 82 72 52 54 53 47 45 45
44 46 51 51 50 51 60 88 133 162 162 167 219 188 171 137 146 110 108 98 72 54 58 51 49 50 45
49 46 52 52 49 51 62 103 140 195 174 223 203 160 162 145 129 100 95 99 71 54 56 52 51 50 45
48 45 47 48 46 48 56 85 104 129 125 110 105 122 102 98 103 81 103 80 64 51 50 50 44 45 48
44 49 48 48 47 47 56 90 122 113 119 108 105 95 93 85 104 88 102 78 67 55 53 50 47 43 44
44 42 48 52 48 50 58 95 123 124 139 114 114 87 92 84 90 80 105 82 67 52 61 50 50 44 43
44 46 46 49 49 49 63 99 130 136 126 127 112 106 82 88 87 83 80 96 63 53 60 56 47 45 43
44 49 50 51 48 48 57 94 141 147 121 131 131 104 84 87 88 78 80 79 60 53 54 61 48 43 44
43 48 50 50 50 48 54 82 130 145 131 126 126 114 90 88 87 76 72 69 61 54 51 54 51 44 44
46 48 56 52 50 49 56 87 133 138 157 138 134 134 98 97 95 87 89 74 58 51 57 60 52 45 42
44 78 82 63 50 53 61 108 144 157 170 164 165 146 110 106 105 92 96 79 58 54 64 75 69 44 44
45 108 139 95 52 51 66 122 155 147 184 157 165 152 118 127 124 112 103 86 62 56 83 154 139 46 47
46 95 174 134 58 55 72 132 174 168 159 187 194 177 162 149 160 133 110 104 67 56 118 181 137 50 43
44 64 157 149 78 61 94 135 172 173 166 192 195 182 187 151 157 125 105 115 81 57 158 186 117 51 46
44 53 145 163 96 63 124 155 168 159 166 192 216 188 177 163 159 135 120 129 108 59 155 142 109 60 44
45 49 99 144 117 89 152 173 191 174 185 176 200 168 131 150 146 138 136 139 178 77 162 125 77 46 46
45 48 80 129 138 124 149 171 189 160 172 158 203 168 124 144 167 157 147 175 255 97 175 108 63 46 46
44 48 69 126 157 169 166 184 188 162 163 170 187 146 126 156 166 159 171 201 227 208 217 93 63 46 45
45 50 70 104 144 159 186 174 165 151 147 166 160 132 124 130 130 149 148 187 184 269 194 66 55 46 46
44 44 55 63 95 125 153 159 154 148 129 153 149 123 121 119 122 131 127 142 138 160 110 58 51 45 45
44 43 48 48 51 60 74 88 91 98 88 104 94 88 86 85 85 86 74 78 71 67 61 48 47 46 44
44 45 47 47 49 52 64 69 78 88 94 98 87 83 71 71 69 62 61 64 63 47 51 54 46 43 44
44 44 45 46 47 51 62 58 68 78 77 80 75 74 65 71 70 60 62 59 56 48 46 46 50 44 44
43 48 46 47 48 52 53 57 63 69 72 78 70 73 65 75 63 63 59 55 54 51 47 49 46 44 44
44 45 46 49 50 54 53 58 64 72 78 81 66 78 76 76 65 63 60 56 53 51 48 49 48 48 43
43 46 44 50 50 54 58 65 68 78 86 93 80 92 81 82 70 68 66 59 55 50 59 50 45 46 43
44 50 51 55 54 57 64 72 75 86 89 103 95 94 84 86 81 71 72 63 60 55 53 51 46 42 44
44 46 59 57 56 59 61 70 72 84 89 104 108 100 96 98 90 92 74 63 60 61 56 50 46 48 44
43 48 54 55 57 57 65 66 71 74 87 105 104 89 95 119 99 108 80 63 58 56 56 51 46 46 46
46 45 50 59 58 56 65 63 67 66 78 81 88 83 88 108 88 91 71 62 61 66 62 51 46 49 44
54 48 48 54 56 57 61 63 58 56 64 62 70 67 64 70 72 68 60 58 58 66 56 49 42 45 48
