43 42 44 50 44 43 44 43 46 51 46 44 50 46 61 52 46 45 44 42 43 43 44 43 41 43 49
44 44 49 45 46 46 46 61 88 247 115 62 60 111 279 78 56 50 49 48 46 45 46 44 44 44 44
44 45 47 46 46 49 50 56 66 293 140 57 54 208 360 63 50 50 48 48 49 46 46 45 44 44 45
42 44 44 44 43 44 50 47 58 94 50 44 49 67 87 61 46 45 46 40 45 44 45 44 43 43 43
42 44 44 44 42 44 51 49 57 60 46 44 46 48 64 70 45 43 44 40 44 49 44 43 43 42 44
42 44 44 44 45 42 49 53 68 71 50 45 46 47 69 80 53 42 47 50 45 43 44 42 42 44 44
42 46 43 44 45 46 47 50 94 94 52 46 46 44 56 75 52 47 46 49 45 43 44 44 43 44 42
43 44 45 43 45 46 46 63 85 61 50 45 46 45 50 90 69 49 44 46 49 45 43 43 42 43 44
43 44 44 44 45 48 49 90 108 67 47 45 46 45 53 103 91 63 44 48 43 45 50 45 43 44 43
46 43 45 46 46 59 67 120 124 69 50 48 47 47 58 115 123 104 54 44 46 44 46 49 44 43 44
43 46 46 50 46 56 115 176 140 81 58 51 49 50 63 120 141 147 106 54 48 44 47 51 44 43 44
44 46 46 46 47 61 154 190 140 89 56 52 51 51 78 116 142 174 139 49 54 52 49 46 45 44 45
45 42 50 46 47 85 168 168 123 86 56 53 52 53 75 113 131 196 173 71 50 53 49 46 44 44 44
45 42 48 52 47 80 168 159 140 95 57 54 53 53 74 120 130 194 177 91 47 49 57 46 45 45 47
44 52 54 46 52 88 160 145 122 84 56 52 52 55 62 110 142 235 177 74 50 53 52 46 44 44 48
44 51 47 46 47 67 138 139 109 68 52 51 53 50 51 73 127 168 156 63 46 51 48 45 44 45 45
41 46 54 56 51 52 108 92 77 52 48 47 47 47 50 53 72 104 78 78 47 49 46 43 44 52 44
43 44 53 47 48 51 108 91 77 56 48 51 47 46 47 49 71 74 65 59 50 45 46 44 44 45 47
43 43 46 55 50 50 79 84 90 56 49 48 47 47 51 64 88 130 80 52 54 44 46 48 45 44 47
44 45 46 46 53 50 69 97 102 62 50 48 48 48 47 59 88 115 80 51 46 46 46 45 46 44 47
44 46 46 46 49 62 84 101 100 71 57 49 49 49 51 70 105 121 88 56 47 47 47 46 44 44 47
46 46 53 54 51 63 114 134 147 108 89 56 50 54 76 104 130 134 129 78 50 48 48 47 45 46 45
45 48 53 50 51 84 155 143 187 147 123 66 58 56 109 135 138 169 151 115 50 51 51 48 51 44 45
45 49 53 59 53 102 163 152 218 188 152 80 61 61 124 158 142 163 135 123 63 53 54 48 49 45 46
44 50 53 60 52 101 190 174 221 206 161 116 63 71 123 150 161 164 138 145 82 54 56 57 46 46 46
44 54 52 56 53 146 140 169 170 159 134 101 62 72 125 159 161 141 148 146 81 51 57 50 48 46 46
46 53 112 63 53 108 162 136 136 143 127 95 61 84 126 175 158 115 135 138 101 52 74 60 81 46 45
46 81 67 63 61 90 152 206 184 196 194 155 80 153 177 280 217 209 197 174 102 58 71 66 69 52 46
61 54 58 56 66 92 159 255 192 170 140 121 87 133 161 163 168 162 134 120 94 64 61 56 47 51 50
45 60 56 56 53 80 112 122 133 153 109 127 86 124 129 146 129 124 103 97 75 60 56 53 46 46 47
45 61 61 76 53 69 115 136 133 170 150 152 128 140 157 169 133 140 115 99 63 62 61 51 48 44 46
47 86 83 64 53 59 101 152 167 176 164 173 157 184 166 189 150 130 124 108 70 60 82 71 60 46 48
55 64 87 62 54 59 94 159 165 174 183 163 221 217 170 179 143 132 125 100 55 59 70 80 65 50 48
50 53 55 53 54 60 81 154 135 150 166 171 171 204 196 160 114 109 108 81 57 58 63 55 46 50 46
47 55 58 52 53 56 112 150 156 165 156 174 150 210 185 142 124 109 102 83 52 61 62 71 57 46 46
44 54 68 55 62 57 101 120 148 159 127 125 86 104 131 108 113 99 82 65 50 66 69 69 57 50 47
54 78 67 60 52 81 96 116 110 131 106 94 71 73 85 86 96 90 73 58 49 51 53 52 44 45 52
51 114 81 58 54 57 86 106 119 117 94 84 76 93 72 81 85 71 69 55 52 47 65 81 51 44 46
61 62 54 47 51 71 62 84 86 75 79 76 64 64 65 66 69 67 68 52 47 48 52 62 54 45 49
52 63 59 50 50 63 78 126 133 103 87 111 100 80 75 70 69 65 69 58 49 51 55 67 54 46 59
62 61 91 54 54 50 64 96 108 98 82 81 75 77 77 95 81 78 80 61 49 52 57 60 46 45 52
46 50 56 50 53 60 71 104 115 110 98 95 90 100 82 79 74 72 72 54 49 52 75 98 50 47 54
46 55 75 59 56 56 69 113 121 115 130 130 124 115 102 90 78 76 72 60 53 56 88 62 47 47 47
46 64 85 53 52 58 75 156 159 152 155 125 133 105 100 108 99 98 77 58 54 72 152 97 47 48 51
56 128 149 77 52 54 63 133 122 106 127 131 155 127 100 89 84 81 64 54 55 70 188 140 49 47 50
52 229 255 102 61 59 67 127 153 147 134 157 155 139 128 121 121 104 77 63 60 105 260 273 52 50 55
46 86 188 185 72 60 77 134 147 156 146 164 173 157 151 129 140 107 93 64 66 143 270 112 53 49 47
48 95 186 123 73 60 88 166 151 145 158 176 207 163 164 150 143 126 113 67 72 170 233 97 53 46 44
48 70 108 121 113 65 89 158 165 159 190 179 210 164 125 140 127 121 119 74 105 179 156 61 48 44 47
45 62 97 124 129 76 100 159 155 146 178 160 202 178 130 147 138 129 130 86 140 196 149 60 47 46 47
47 59 72 133 144 106 135 186 176 158 160 168 189 163 140 163 150 145 150 95 137 185 174 57 47 46 47
50 60 63 172 176 136 203 210 190 166 153 174 171 148 136 147 136 156 150 117 134 189 103 56 47 51 48
51 56 60 97 161 150 248 238 226 185 144 171 166 135 132 152 162 164 143 141 139 147 85 56 49 48 48
47 55 56 62 125 148 203 193 190 170 138 138 114 112 112 137 142 139 116 140 127 98 63 52 47 50 47
49 51 53 58 78 135 166 146 150 137 131 118 104 97 92 110 109 104 104 118 103 63 58 48 46 49 46
50 48 50 52 52 65 107 106 104 97 102 103 83 78 81 97 95 80 85 84 63 52 54 48 42 45 52
46 50 49 47 50 51 62 66 72 74 76 80 73 76 75 81 69 67 66 65 54 46 51 51 45 44 45
52 44 48 45 49 53 58 60 67 74 76 84 71 72 80 81 68 64 60 60 51 49 46 46 49 45 44
57 50 46 50 50 47 53 56 59 66 70 76 71 73 77 78 68 63 58 62 52 51 48 46 49 45 43
70 47 53 58 50 48 54 56 59 62 66 71 73 71 73 75 68 67 66 58 52 56 49 47 45 45 44
63 54 58 59 58 55 56 59 60 62 68 68 69 69 78 80 78 83 68 60 55 57 50 46 46 45 44
58 59 68 61 58 56 62 60 63 63 74 66 72 74 84 93 89 102 78 68 60 63 53 46 47 46 43
68 61 71 59 55 56 60 57 61 59 71 71 67 67 83 94 81 88 64 60 59 68 57 45 46 51 45
64 58 60 55 53 51 56 60 56 56 64 70 61 66 72 73 69 67 55 52 56 65 54 47 43 45 49
