43 42 44 47 44 42 43 43 43 44 44 44 48 44 43 44 43 42 43 42 45 44 43 43 45 43 45
43 43 45 43 44 43 42 45 48 44 44 44 45 44 44 44 40 43 49 43 45 44 42 42 44 43 44
42 42 43 43 44 43 41 44 50 46 45 47 45 43 46 45 45 43 44 40 44 41 43 48 44 42 43
42 43 43 43 44 43 44 42 44 51 54 57 46 43 52 59 47 43 43 48 44 44 44 40 43 48 44
42 44 43 44 46 45 46 44 49 58 246 297 75 54 114 70 50 47 50 47 46 46 44 46 50 44 43
44 45 46 45 47 48 49 50 52 62 505 650 72 70 132 64 54 54 54 53 50 48 50 52 46 43 44
43 43 44 46 46 44 45 46 52 61 197 237 81 58 78 62 49 51 48 47 46 46 48 46 43 43 43
42 44 41 44 47 45 44 46 52 45 79 84 88 62 62 77 71 46 46 46 46 44 41 44 46 44 42
43 45 44 42 44 44 45 46 44 46 80 75 51 50 66 116 83 48 46 49 44 44 45 44 44 47 44
42 43 47 44 43 43 44 45 48 46 69 73 48 45 53 74 76 49 49 46 45 45 45 45 44 43 44
44 43 46 44 43 43 44 45 55 55 62 66 49 45 46 82 93 62 56 47 45 45 47 45 43 43 48
43 43 44 47 46 44 45 47 54 78 76 78 52 47 46 95 109 87 63 52 46 46 47 45 44 44 44
42 42 44 43 46 49 47 50 59 98 68 67 48 48 49 86 106 118 77 54 47 46 45 46 48 44 44
44 44 44 45 46 46 50 47 60 92 70 69 49 47 49 91 115 129 90 70 51 47 47 46 44 46 44
43 44 46 45 47 49 48 51 73 72 74 73 52 49 50 107 148 185 140 89 55 51 47 48 45 44 44
43 45 45 46 50 48 51 52 74 92 76 74 58 49 55 124 162 234 163 95 54 52 50 48 45 44 44
44 45 46 47 46 48 57 52 74 78 72 71 56 52 55 125 174 251 184 137 55 50 51 48 45 44 44
44 45 46 44 48 53 51 50 66 70 76 76 59 54 55 103 166 260 201 109 61 51 51 49 44 44 44
42 44 45 45 46 46 46 50 50 52 61 59 54 50 50 61 99 150 131 83 52 46 48 47 44 44 45
43 44 47 42 44 45 44 47 44 48 56 52 48 46 46 51 54 87 97 69 46 45 46 44 44 44 44
44 43 44 44 43 44 45 45 46 46 46 49 51 46 44 47 50 74 89 68 46 45 45 44 44 44 43
43 43 44 44 45 44 43 45 51 47 51 52 50 47 47 45 53 73 94 71 50 44 46 49 45 42 43
42 44 43 43 45 44 45 43 46 47 55 53 53 49 47 48 53 106 78 78 54 50 46 46 46 42 43
41 43 44 44 46 45 46 50 46 51 58 56 53 50 48 48 59 78 85 77 51 45 50 45 46 44 42
43 42 44 45 46 49 46 48 50 54 66 64 59 55 51 50 64 78 87 97 67 46 51 44 45 44 43
42 47 46 45 47 53 50 55 54 57 74 76 67 58 49 57 89 90 107 106 78 53 52 48 44 43 44
43 43 46 47 49 53 66 67 68 68 88 83 79 76 50 61 91 82 101 106 105 61 60 50 46 44 43
43 45 47 67 56 85 87 93 88 88 129 122 93 84 57 73 115 119 121 151 134 76 73 51 47 49 45
46 47 49 63 72 101 85 100 110 84 107 110 90 82 67 71 92 98 95 104 101 71 55 51 46 43 45
47 45 53 61 58 83 69 84 82 74 79 83 76 69 59 63 78 92 87 90 89 62 56 49 43 45 49
43 54 55 67 60 62 81 80 77 81 76 78 97 83 60 70 96 96 88 92 90 76 62 46 46 47 44
44 44 54 63 57 62 80 99 94 108 95 94 110 102 63 100 119 98 101 105 95 76 63 66 50 45 43
43 48 49 53 52 54 76 96 94 116 94 92 148 127 61 120 111 94 102 101 92 67 64 60 53 50 50
46 47 50 52 53 54 76 99 104 115 97 95 151 131 97 123 116 104 103 95 86 70 58 53 47 57 44
44 46 51 55 58 58 72 107 114 110 118 113 154 139 89 127 112 112 113 122 79 73 61 54 47 45 44
43 47 55 53 63 70 86 95 112 111 132 125 125 116 99 122 107 103 100 100 78 60 59 54 47 45 43
44 46 55 54 61 72 81 84 84 94 93 92 109 100 87 105 99 85 94 86 74 62 52 51 45 43 44
46 49 61 74 78 75 82 91 83 93 88 86 115 104 75 117 107 93 99 76 74 56 55 56 45 44 50
44 47 65 66 69 72 74 89 81 93 89 87 107 98 62 74 87 74 93 77 66 53 54 52 47 44 44
43 46 63 68 71 76 74 92 95 89 90 88 90 82 64 78 92 90 94 98 62 53 60 56 50 44 44
44 56 69 75 76 81 79 101 111 89 88 88 80 72 63 76 91 94 100 106 64 52 58 64 50 42 44
42 49 71 75 74 87 78 96 110 90 89 88 75 70 70 73 87 95 101 103 69 58 63 112 62 43 44
43 51 62 69 73 89 89 119 110 110 101 97 83 77 77 88 90 98 110 98 66 54 78 153 67 44 43
50 65 75 90 83 105 123 132 98 127 127 124 96 86 78 96 98 97 114 93 68 55 79 159 75 45 45
47 60 69 72 81 93 101 116 97 109 124 123 108 95 83 114 120 107 112 94 67 57 114 210 92 44 45
48 55 79 89 92 99 104 118 124 108 145 142 113 102 114 141 148 133 123 110 72 62 157 312 127 45 45
46 60 78 93 96 106 118 125 129 171 140 134 126 113 134 140 159 141 147 114 72 66 212 371 167 48 45
50 66 80 90 87 99 108 120 150 121 136 135 159 140 147 157 164 147 146 129 72 75 174 193 100 45 45
60 77 72 88 93 106 99 136 174 119 138 134 156 136 127 148 135 136 152 139 90 103 156 149 80 45 46
46 70 80 86 97 102 113 185 104 122 145 140 168 148 112 152 149 152 163 182 113 130 178 137 75 46 43
45 66 94 99 102 103 182 124 134 130 143 142 153 133 127 167 159 151 181 219 97 199 236 143 72 45 45
46 65 95 127 88 186 132 139 140 138 152 148 132 117 133 149 146 156 182 211 76 258 242 161 59 46 46
45 53 65 85 163 110 151 158 163 148 148 145 129 111 135 143 153 179 180 231 106 233 232 112 59 46 45
45 50 54 105 97 96 124 128 134 127 123 117 102 96 109 130 142 160 158 205 164 196 187 82 54 45 45
43 49 56 67 72 83 104 99 105 98 102 97 83 80 84 115 122 127 143 163 166 154 122 61 52 45 42
44 58 48 59 59 64 68 73 73 74 77 76 68 66 81 103 104 104 119 134 126 119 82 55 49 44 44
45 48 51 58 58 54 62 60 63 72 78 76 74 71 89 97 96 109 129 136 109 95 88 54 46 45 49
46 44 53 50 53 56 57 60 68 69 77 76 84 78 99 124 115 116 127 137 101 99 73 56 49 45 44
46 45 52 50 53 53 54 59 66 65 75 75 94 85 103 118 118 119 132 128 100 93 73 58 49 42 44
46 45 47 52 50 52 60 62 65 68 74 74 95 85 97 105 110 118 119 99 91 91 70 58 49 43 44
50 49 50 53 54 57 56 63 71 68 82 81 97 88 108 119 136 149 111 88 87 90 68 57 47 43 44
44 53 53 56 60 54 64 66 69 68 87 85 98 89 121 157 139 177 127 92 80 84 74 58 46 44 46
45 51 53 53 58 53 59 56 62 65 87 84 85 77 102 130 102 114 83 75 70 72 63 52 46 44 44
46 52 50 48 54 54 56 57 55 57 78 76 76 70 80 91 82 72 57 59 64 64 53 49 44 43 44
