42 45 44 45 44 42 43 43 43 43 41 43 49 44 43 45 43 42 43 43 45 44 42 43 47 44 44
43 43 43 43 44 43 46 44 44 43 42 43 45 44 44 49 42 43 44 42 47 46 45 45 43 42 43
45 43 45 44 42 43 44 44 43 41 44 49 45 42 44 43 43 43 46 42 45 43 44 44 41 43 49
43 44 43 46 44 42 43 43 43 44 42 44 49 44 44 44 43 43 44 41 44 43 43 44 40 43 49
43 46 44 45 44 42 43 43 43 44 41 44 49 44 43 44 38 43 43 44 43 43 43 42 43 42 44
44 44 43 43 48 43 42 43 43 43 44 42 44 49 44 42 42 43 44 42 44 43 43 43 40 44 48
45 44 40 42 43 43 48 44 42 43 43 43 45 42 44 48 41 43 42 43 44 43 44 40 43 48 44
44 48 43 43 44 41 44 49 44 42 44 43 44 44 43 44 43 43 44 44 44 43 43 43 43 41 44
43 43 42 43 48 44 42 44 42 43 44 42 44 47 44 43 42 42 44 49 45 42 44 42 43 44 43
44 44 44 40 44 49 45 43 43 42 44 44 44 44 47 45 43 43 40 44 44 43 44 44 43 42 43
44 43 44 41 44 48 46 43 43 43 44 44 43 44 49 45 43 43 45 44 50 44 42 45 42 43 44
43 43 43 43 41 43 50 44 42 44 43 43 45 43 44 47 40 43 49 44 43 43 42 44 43 44 44
43 42 43 43 43 44 44 44 44 44 45 44 43 43 45 44 44 46 49 44 43 43 43 46 43 44 44
43 45 43 43 43 43 44 43 44 43 44 46 44 42 45 46 46 42 44 48 45 43 44 44 43 45 45
42 43 44 43 44 45 43 44 46 44 44 44 44 44 50 56 48 45 43 39 45 49 44 44 44 42 44
41 44 44 43 44 42 46 49 45 46 47 47 51 56 123 230 60 50 45 51 48 46 53 46 45 45 44
43 44 45 44 43 43 46 45 46 52 48 48 52 136 202 63 48 47 44 47 45 46 55 48 45 44 47
45 42 44 44 44 44 45 46 50 48 48 49 57 186 169 54 52 47 47 49 48 46 50 49 48 45 50
46 44 44 43 45 44 45 46 44 47 52 48 84 110 120 49 46 49 46 49 51 46 48 45 45 44 51
43 43 48 46 45 44 43 45 45 46 47 52 90 94 88 51 46 54 49 46 46 49 47 46 45 43 49
43 40 47 47 45 43 45 46 46 46 46 56 75 64 125 68 58 55 51 44 47 51 48 45 45 44 46
49 44 44 45 44 43 45 46 46 45 47 57 57 56 131 108 82 59 58 47 49 47 50 46 42 45 53
43 46 44 46 44 44 44 45 45 51 46 52 54 58 72 76 119 80 78 65 57 51 52 50 47 45 53
43 47 44 42 44 44 44 46 45 50 49 51 53 52 56 75 78 93 97 90 63 59 63 51 48 45 48
40 43 49 44 43 45 44 46 46 49 51 53 56 54 59 77 71 102 118 129 114 88 81 65 54 46 48
43 43 41 44 45 45 49 47 46 49 53 57 58 54 61 82 66 99 123 169 138 141 109 72 58 50 52
43 46 45 44 45 43 50 53 49 53 58 67 63 63 65 70 74 68 100 172 189 268 250 144 74 53 55
44 46 47 46 48 46 56 53 54 61 65 69 79 77 77 80 74 84 92 187 251 308 394 311 132 57 61
43 44 45 45 45 48 54 48 50 54 55 62 65 60 72 66 59 64 65 77 148 155 171 228 148 55 53
43 43 44 45 45 47 54 46 47 50 51 65 56 59 76 60 54 55 60 62 84 86 105 135 98 77 59
43 44 44 44 44 44 60 51 50 58 64 93 77 73 88 76 67 70 70 69 74 72 101 103 131 89 135
46 43 44 44 45 46 63 68 73 101 98 102 108 126 146 95 112 85 87 92 105 104 144 93 143 106 89
51 53 50 50 50 51 108 99 101 160 197 206 234 223 213 175 180 143 145 195 219 262 3387 234 148 102 72
44 47 44 44 47 47 106 100 103 180 197 215 223 201 199 165 158 120 107 104 110 108 153 96 69 63 48
44 45 46 45 46 46 123 118 111 211 225 224 279 192 334 226 150 127 112 104 113 98 125 86 63 56 50
43 45 46 45 46 53 172 109 101 238 221 224 253 284 232 160 118 100 87 82 75 72 95 66 57 55 48
44 43 45 45 48 63 141 123 121 182 147 200 250 192 168 119 92 70 66 61 62 57 75 63 52 48 47
44 51 48 44 61 84 143 148 135 185 226 129 95 111 115 61 56 56 50 53 59 53 62 54 46 46 46
43 43 50 44 45 80 153 166 154 188 168 138 93 77 73 61 59 55 54 49 52 56 60 53 47 45 46
43 42 45 44 47 72 122 170 157 194 167 126 116 95 90 76 69 66 57 51 54 57 62 51 48 45 49
48 44 44 44 50 56 133 184 170 190 165 116 114 98 92 77 63 60 58 51 53 53 61 51 46 46 50
43 49 45 45 47 49 112 147 137 172 155 131 112 106 100 76 66 60 59 52 54 53 60 52 52 46 47
44 46 45 43 45 46 95 154 139 162 157 162 114 134 106 81 70 61 57 59 54 53 64 52 49 49 47
42 44 48 44 44 46 73 138 129 158 175 180 149 159 121 78 70 64 58 58 57 57 71 55 50 46 45
42 44 42 44 50 46 65 137 127 141 162 194 173 175 132 91 75 63 59 61 62 59 76 63 53 47 47
43 45 45 44 46 47 59 123 114 147 156 183 231 190 155 113 89 68 64 66 69 70 97 80 63 51 48
44 46 49 45 50 47 59 98 93 149 167 174 229 200 162 139 99 79 74 83 93 164 261 172 70 54 48
47 47 46 47 47 49 59 80 78 126 140 171 205 200 170 134 102 87 88 114 188 267 356 210 78 66 60
46 45 46 50 47 46 59 76 74 127 139 177 176 180 136 113 93 90 120 192 229 322 330 220 111 55 61
46 46 44 46 51 47 57 64 62 102 122 170 169 180 140 108 101 135 166 217 250 248 215 217 155 56 57
45 46 44 46 49 46 56 59 57 91 108 148 180 162 137 108 174 188 195 260 227 127 122 169 178 61 71
44 48 44 44 46 46 55 56 57 80 102 135 203 167 136 144 182 200 192 245 173 82 96 93 106 56 63
45 48 44 45 46 47 57 59 59 74 98 141 235 195 187 230 227 249 219 229 140 89 109 87 67 54 56
44 45 46 45 46 44 56 63 58 69 77 134 213 195 215 259 236 254 209 153 106 85 103 82 61 52 51
46 45 46 46 46 45 54 60 56 64 68 124 156 176 197 245 241 208 166 114 94 77 92 69 60 49 48
45 44 49 46 46 47 50 55 58 63 68 81 125 143 188 286 268 166 119 115 97 83 93 74 64 53 48
44 43 47 45 46 45 47 53 55 57 57 67 82 98 131 186 159 128 95 101 97 78 90 73 69 56 47
45 46 50 45 45 45 47 50 50 53 57 70 71 82 104 124 120 101 87 106 92 87 96 71 62 63 48
46 46 49 46 45 45 53 50 48 52 56 60 66 71 90 96 95 96 99 107 95 102 96 80 61 71 55
45 51 45 49 51 46 52 49 48 52 55 61 62 65 76 81 92 100 106 114 100 113 100 85 69 63 58
51 60 58 52 48 51 51 49 50 50 55 66 62 64 72 78 102 141 120 117 100 131 103 97 86 58 54
49 66 59 55 55 48 51 50 46 51 59 57 60 62 70 76 95 140 138 108 93 113 99 98 72 74 52
64 65 65 57 56 46 48 47 47 49 48 53 62 56 62 63 77 103 84 83 68 97 89 88 72 60 46
85 62 54 51 58 49 47 47 46 46 48 53 53 52 58 62 63 69 61 68 62 83 75 82 64 49 48
