45 44 42 45 49 44 44 44 44 46 46 52 48 51 51 48 60 48 46 44 43 43 44 43 43 45 45
43 43 44 43 45 47 45 48 47 44 46 54 49 56 54 54 57 47 46 43 45 44 43 44 45 44 46
43 43 44 44 44 46 44 43 44 45 46 46 45 53 53 53 46 44 44 39 45 43 44 42 42 43 44
43 42 44 46 44 45 45 43 44 50 56 46 49 67 60 59 45 44 44 42 47 44 42 43 42 43 44
46 47 49 52 54 55 60 56 53 63 283 79 250 801 113 64 48 45 46 44 46 45 49 44 42 44 44
50 50 52 58 62 63 68 71 79 81 388 97 317 1409 104 59 52 47 48 46 45 45 45 45 45 42 46
44 44 43 44 45 44 46 45 47 71 85 53 68 120 54 48 45 44 44 46 44 43 44 43 43 43 44
43 46 43 44 46 44 46 51 71 108 70 60 63 76 54 46 46 48 44 43 44 42 43 43 43 44 44
43 45 46 46 48 46 54 75 169 119 59 63 75 104 64 58 49 46 42 47 42 44 49 44 44 46 44
42 44 46 45 46 45 49 85 110 56 47 50 53 83 50 46 44 43 40 44 43 44 48 44 42 43 43
43 43 45 45 46 46 50 85 88 49 44 46 45 61 47 43 44 44 43 40 44 41 43 48 44 42 44
46 49 48 50 56 57 122 176 108 51 53 50 48 80 49 48 45 45 43 44 49 44 42 43 42 44 45
46 47 55 52 54 59 155 154 99 48 48 52 50 83 61 44 44 44 48 42 46 49 44 43 43 43 44
45 44 46 48 54 54 114 107 65 46 46 46 45 55 51 44 44 43 43 45 44 43 44 42 43 48 45
46 49 50 55 65 126 202 129 60 47 49 49 51 57 51 50 44 44 45 47 45 44 44 42 43 44 44
55 61 68 78 107 315 386 330 125 57 61 65 83 121 74 56 51 48 50 46 47 45 42 44 49 45 45
48 52 55 58 74 159 216 158 65 50 57 51 68 106 67 48 47 45 45 48 44 43 44 43 44 48 44
45 46 50 49 52 86 97 70 47 46 46 46 56 61 47 45 46 44 43 46 43 43 44 40 43 49 44
48 48 51 53 66 128 128 69 50 45 47 56 51 52 50 45 43 44 44 44 45 42 44 47 43 44 44
45 44 48 49 63 104 90 60 48 47 46 51 49 51 50 45 43 44 45 43 45 41 44 48 44 43 44
43 42 45 43 51 59 51 46 44 42 44 45 44 44 43 44 43 42 43 43 44 44 42 43 47 44 43
43 43 48 50 53 65 52 46 45 44 45 45 46 44 44 44 43 44 43 42 44 42 43 44 42 43 47
45 47 56 58 60 113 68 51 50 46 50 48 50 46 46 45 41 43 44 44 44 43 42 43 44 43 46
43 46 45 51 62 89 58 48 46 45 47 45 46 47 46 44 44 43 43 45 47 43 44 43 42 43 45
44 47 46 59 88 83 68 51 48 46 46 47 47 45 46 47 49 44 44 44 42 43 44 43 44 40 45
49 58 57 114 130 149 103 61 58 56 51 50 54 56 50 49 46 46 46 45 46 44 43 43 44 44 45
48 57 68 115 119 108 111 68 57 53 53 59 82 79 74 65 50 50 46 45 46 43 43 44 43 44 46
47 52 60 132 100 115 111 78 55 51 52 54 91 79 90 95 65 46 43 45 47 44 44 49 44 43 44
54 60 107 208 159 171 135 93 65 55 57 65 76 85 73 72 57 48 43 46 48 44 46 44 43 44 44
60 83 308 289 205 216 193 140 88 65 69 78 92 111 90 92 71 67 56 47 49 46 44 44 44 45 46
62 84 284 340 192 197 209 185 103 68 82 89 106 126 105 130 95 90 65 64 58 46 45 44 43 44 46
54 59 116 158 127 117 143 155 98 58 58 70 85 99 82 96 70 60 50 50 46 44 44 44 44 44 45
54 79 119 93 80 85 118 153 129 73 61 74 84 98 79 73 60 54 49 51 46 47 44 42 43 44 44
59 63 130 98 82 84 118 160 135 122 86 100 92 107 93 87 73 72 63 57 51 46 48 44 43 44 44
55 58 103 96 94 98 135 174 163 142 101 121 98 122 93 93 74 67 66 60 50 49 43 45 48 44 45
62 70 107 185 185 178 232 232 244 183 131 111 103 106 82 71 62 54 52 52 46 46 45 44 45 48 46
66 76 201 280 241 218 238 237 246 247 225 122 123 123 92 81 69 59 53 58 48 46 46 43 45 50 47
76 94 316 399 363 296 283 279 294 184 198 117 121 130 99 84 72 64 60 58 54 46 46 47 46 47 48
62 67 121 232 211 199 199 220 148 108 113 76 86 85 73 66 57 54 51 51 49 42 45 49 44 44 45
54 58 132 174 142 131 124 142 93 75 73 74 74 72 68 59 52 47 47 47 46 45 42 44 49 44 44
55 73 134 140 127 155 142 127 81 88 70 78 77 79 66 61 56 53 52 54 50 46 44 44 44 45 47
49 51 68 96 108 102 82 69 63 61 62 68 72 71 60 54 49 50 50 53 49 45 42 43 44 44 45
56 53 55 77 113 124 103 70 60 54 59 61 64 65 57 51 44 47 48 45 44 44 44 43 44 42 54
57 74 76 98 140 194 187 118 78 63 71 82 85 77 61 55 56 49 50 50 47 44 44 43 44 48 49
63 95 82 102 153 208 195 187 112 74 91 110 103 89 73 68 67 59 58 58 57 51 46 42 44 50 48
57 68 68 85 115 174 173 191 95 67 79 101 99 86 69 65 62 57 54 53 52 51 44 45 44 46 51
54 61 65 74 108 151 146 168 92 63 75 83 83 79 67 63 56 51 47 49 46 46 44 45 44 46 44
62 69 66 77 135 162 138 159 103 71 95 99 100 91 78 79 70 64 56 67 59 46 45 44 43 46 46
74 71 68 82 156 165 156 154 114 86 106 105 117 100 79 76 74 67 70 70 65 54 46 46 52 46 44
78 62 64 77 119 148 164 134 103 71 88 89 106 92 75 69 64 58 55 50 56 52 44 45 45 44 44
151 100 98 133 232 305 334 254 188 120 131 148 144 120 102 98 79 70 67 67 57 49 45 45 44 48 47
384 212 143 230 372 408 488 376 242 183 199 217 210 165 141 125 93 93 97 113 78 63 46 45 46 52 50
151 142 96 141 223 294 371 225 129 113 129 171 175 132 109 95 76 78 72 78 70 50 45 46 46 46 48
108 101 64 93 142 137 132 95 67 61 65 96 84 83 72 62 59 53 50 48 50 45 43 44 47 44 44
249 424 272 364 537 581 509 337 217 123 154 177 157 138 108 96 82 69 63 64 55 50 47 44 46 48 51
192 460 412 509 663 848 660 446 273 143 158 172 158 143 118 102 87 72 63 66 59 52 48 46 47 52 54
87 141 179 251 332 412 273 173 117 75 79 84 80 76 67 64 56 53 52 53 50 44 45 49 45 45 47
58 57 67 131 142 106 82 68 57 52 52 54 53 49 50 54 45 45 46 46 46 43 44 47 44 42 45
82 89 105 208 272 218 179 149 113 81 73 73 69 68 64 58 52 49 49 50 47 46 42 44 48 46 48
153 134 104 143 187 163 175 166 156 112 92 87 79 79 66 64 58 51 51 48 47 46 44 44 42 46 59
79 79 76 78 82 89 90 93 98 79 71 74 70 59 54 58 48 53 46 47 44 45 44 43 45 46 68
51 57 63 67 64 69 70 73 74 61 70 68 58 54 59 60 45 51 46 46 43 44 45 43 45 43 53
68 75 73 71 70 72 80 95 100 104 127 118 86 80 73 87 79 63 47 50 48 47 45 42 45 54 54
85 95 77 77 81 83 95 111 118 142 171 174 123 110 97 109 94 68 57 64 60 56 46 44 49 56 57
