45 42 44 49 45 43 44 44 45 46 47 55 56 58 54 53 73 46 49 45 44 43 44 44 43 43 46
44 43 46 44 45 46 44 45 49 45 51 56 56 63 83 63 83 58 47 46 43 43 44 45 44 43 44
43 41 44 49 44 43 44 43 45 45 47 54 51 59 98 66 65 49 52 45 45 44 44 45 44 43 45
43 44 43 45 49 44 46 46 46 48 52 58 56 97 402 70 57 50 46 46 45 45 44 42 43 44 45
44 44 46 50 50 47 53 55 61 61 61 69 78 583 1192 80 72 61 51 53 46 45 45 43 44 44 45
44 44 46 46 48 49 48 52 54 53 55 57 69 380 765 81 66 60 50 47 45 43 44 44 44 44 42
43 44 44 43 43 43 44 44 45 42 45 50 52 56 80 89 56 50 45 43 44 42 43 43 43 44 42
44 43 46 42 44 43 44 45 42 46 50 46 49 54 63 111 58 47 49 44 45 43 42 43 43 43 44
43 43 44 45 46 44 46 45 51 54 50 53 57 71 101 299 174 62 44 49 47 44 46 44 42 43 44
43 43 44 46 46 44 46 48 52 50 49 52 51 57 95 264 223 60 50 43 45 43 44 47 44 43 44
41 43 42 43 44 44 44 44 44 45 50 45 44 46 51 94 89 48 45 44 44 41 43 48 43 42 44
43 43 42 43 44 43 45 42 45 51 46 45 46 46 49 90 109 80 46 42 44 48 44 43 43 42 43
43 39 44 49 45 43 45 45 46 47 49 47 48 49 51 95 111 123 46 46 44 46 44 42 43 44 44
42 42 44 46 45 43 44 45 46 47 46 46 52 48 48 85 107 148 50 47 43 44 47 43 42 43 43
43 47 44 43 44 43 44 46 46 47 50 46 46 49 58 88 120 112 49 44 44 43 41 43 47 44 42
44 44 45 45 47 47 50 54 55 59 63 59 61 63 108 235 358 343 112 53 45 45 45 41 44 49 44
47 45 45 46 46 45 48 52 55 53 57 61 64 58 76 177 281 333 120 50 45 44 44 43 44 42 45
43 43 46 44 43 43 44 45 46 44 47 51 51 53 48 74 92 114 63 44 43 43 43 44 42 44 47
42 42 44 47 44 42 44 44 44 46 44 46 50 47 48 56 74 72 51 43 43 43 44 40 43 48 44
42 40 44 41 44 48 44 43 44 43 46 46 46 46 54 54 63 69 50 45 44 43 41 43 48 43 42
43 42 41 43 42 43 48 43 43 44 43 44 45 44 46 48 54 55 46 44 44 43 43 44 40 43 48
42 40 43 48 44 42 44 42 43 45 45 45 46 44 46 45 49 48 51 44 43 43 42 43 43 43 44
42 44 41 44 49 43 44 44 44 46 56 50 46 49 50 51 56 65 50 50 44 42 44 43 43 43 43
42 43 42 44 49 43 43 44 44 46 54 48 46 49 48 51 59 75 51 50 44 42 43 42 43 44 44
42 44 44 41 44 48 45 44 46 48 58 49 46 46 50 52 62 73 53 44 44 42 43 43 43 43 44
42 46 43 45 47 44 48 48 67 98 93 71 56 52 59 91 107 106 90 49 44 43 44 43 43 44 45
44 44 46 44 46 46 49 52 79 109 98 80 58 58 68 110 109 98 114 69 49 47 42 43 43 43 45
44 44 44 46 48 45 49 56 78 110 92 73 63 57 70 114 124 120 108 70 50 49 45 43 42 43 44
43 44 50 46 46 45 51 71 98 103 96 66 58 56 68 106 90 82 67 46 45 47 44 45 44 42 43
45 68 60 51 51 47 73 147 140 159 135 95 65 67 83 140 128 167 138 79 47 49 44 45 44 43 44
46 53 49 51 52 47 75 178 160 182 156 96 73 73 85 149 142 163 154 134 52 46 46 43 44 44 45
45 49 46 50 52 47 59 102 138 163 139 133 75 90 120 168 143 136 107 70 48 46 45 44 43 44 44
55 54 47 52 54 46 71 126 144 156 134 157 106 116 139 151 129 127 94 71 50 46 47 44 43 44 44
108 85 51 52 56 47 75 131 134 165 123 157 119 143 150 133 121 114 97 85 53 46 46 44 43 45 45
59 54 48 51 53 47 76 127 125 161 138 158 120 142 144 127 120 115 107 92 46 46 46 42 44 49 45
47 46 48 52 53 47 60 102 121 157 152 179 146 154 149 129 115 100 80 68 46 45 46 44 44 46 45
49 47 47 55 56 48 60 105 165 180 183 189 190 229 167 160 127 103 89 56 46 46 45 45 43 45 49
46 56 51 57 58 49 72 131 181 198 183 189 207 226 174 186 177 145 116 71 49 48 49 48 44 44 48
44 43 58 54 55 52 59 78 130 171 157 166 132 182 157 159 154 129 114 63 46 46 44 47 48 44 45
43 44 59 53 46 45 53 55 62 78 74 68 66 82 74 71 68 63 52 44 44 44 44 44 41 44 47
43 44 107 99 58 47 50 53 85 102 84 85 89 85 78 73 68 61 56 46 43 44 43 44 44 42 44
43 46 107 134 86 50 49 56 68 88 89 87 78 88 73 72 70 62 53 46 45 44 44 47 41 43 44
44 47 62 96 69 47 47 53 57 92 90 83 87 81 72 76 66 59 50 51 45 43 44 42 43 45 42
43 46 51 76 60 49 46 46 48 58 65 80 61 54 60 56 51 52 46 44 44 43 44 43 44 41 44
44 49 59 269 207 47 52 62 66 79 160 181 148 87 110 120 82 62 51 46 46 44 44 44 41 44 49
46 46 52 259 224 53 59 68 79 127 229 287 229 130 182 200 143 79 60 53 44 46 45 45 44 45 44
44 45 47 69 72 52 52 58 64 86 157 191 132 81 146 140 93 63 47 48 51 45 44 43 44 44 44
43 45 46 77 84 50 54 54 63 87 110 125 128 68 97 99 72 57 50 41 45 49 44 44 47 46 44
44 46 47 106 163 83 59 62 88 120 136 132 135 97 103 116 90 64 52 42 46 49 44 44 44 43 44
43 44 46 71 101 56 54 70 106 110 122 121 136 108 109 111 95 64 51 48 43 45 48 44 44 44 43
44 45 44 52 76 53 54 67 95 97 98 114 111 78 85 89 77 58 50 51 45 44 44 42 43 44 44
46 54 50 72 185 56 144 182 253 209 223 243 228 209 185 191 145 90 61 55 52 47 47 45 43 45 48
50 52 54 78 130 86 345 380 618 431 273 313 339 277 287 314 261 174 82 64 55 50 49 46 45 47 52
46 46 47 54 63 59 125 174 224 199 144 151 124 136 140 173 191 132 60 55 46 46 46 42 44 52 46
48 45 46 50 57 88 121 119 130 113 112 107 83 89 83 105 130 96 53 47 46 44 44 46 44 46 45
49 48 50 62 71 195 219 222 203 176 185 166 131 167 225 294 297 195 75 55 49 48 46 46 46 46 47
46 51 49 57 62 67 94 121 138 123 137 136 111 165 234 354 376 300 93 61 50 51 46 46 45 44 46
46 41 46 49 48 48 50 53 61 68 72 71 58 74 106 124 123 97 59 57 46 45 45 44 46 44 42
45 43 42 48 48 46 53 54 59 68 70 70 68 79 99 112 98 86 72 66 50 46 49 44 44 44 43
46 48 50 54 53 49 66 74 87 97 95 109 113 110 124 151 145 139 144 106 70 58 48 46 45 42 45
48 48 50 51 56 50 61 74 86 91 98 117 124 121 130 157 167 172 133 113 78 76 56 51 44 41 46
43 47 49 48 51 48 52 62 67 67 79 87 90 86 90 115 106 112 89 68 58 57 54 45 43 44 44
49 62 52 53 53 54 60 67 74 74 100 115 100 100 105 136 119 109 71 59 54 59 55 47 44 42 46
66 77 76 73 68 70 90 113 104 115 154 192 155 151 158 177 161 116 77 84 78 102 70 48 43 47 56
