42 45 44 43 44 43 45 47 43 46 53 53 48 45 47 45 44 49 54 44 43 44 46 43 45 44 42
42 44 40 44 49 44 47 49 50 46 49 59 51 53 49 50 58 72 86 42 47 48 44 43 44 42 45
48 44 43 44 43 43 44 44 45 46 46 53 49 45 47 54 55 74 71 42 44 44 43 44 43 43 49
42 48 44 43 44 42 44 44 44 46 48 65 57 48 54 58 61 47 52 42 44 44 42 43 48 43 43
44 46 45 44 46 46 48 49 47 52 63 286 330 100 206 109 102 54 52 52 45 47 47 43 44 47 45
44 46 48 45 46 47 49 51 52 55 63 359 514 116 230 114 103 54 53 50 46 50 52 45 44 44 43
43 44 40 43 48 44 45 44 43 46 50 70 82 50 62 78 84 45 45 44 45 42 44 46 43 44 44
43 43 44 43 45 48 45 47 45 44 49 53 52 52 52 108 173 50 47 46 44 44 45 43 43 47 45
42 44 48 45 46 48 47 48 48 51 55 56 58 63 67 219 308 84 54 62 47 45 47 44 43 44 42
44 43 44 46 46 48 47 46 46 48 49 51 48 50 56 105 327 127 58 59 46 51 46 42 43 44 44
43 42 44 47 44 44 44 43 44 44 45 45 43 46 50 50 98 89 60 52 49 44 42 43 43 43 44
44 48 44 44 46 46 48 47 45 47 47 48 48 46 49 67 140 152 138 60 46 45 45 44 44 44 41
46 42 44 48 46 45 46 46 47 49 46 52 54 50 50 60 123 160 221 56 47 46 49 44 43 44 43
42 43 40 44 50 46 45 46 46 47 48 48 48 51 48 51 108 135 202 69 46 42 45 44 43 44 44
42 43 45 44 43 44 50 46 46 47 46 46 47 46 47 50 67 118 112 56 44 49 44 43 43 42 43
43 49 47 48 51 54 65 91 125 127 116 118 85 74 63 76 234 310 341 217 51 51 53 46 45 45 45
48 46 45 46 49 56 55 61 85 106 98 99 74 61 59 87 175 356 292 242 52 51 53 46 44 44 44
43 42 44 44 44 46 44 46 52 49 49 48 47 46 46 54 63 118 105 72 46 42 44 47 44 43 44
43 45 44 44 47 50 59 62 71 69 76 61 51 50 49 48 61 85 108 64 49 46 43 43 43 43 45
44 43 51 47 46 55 71 73 78 83 77 72 58 57 55 47 58 71 107 68 55 52 46 43 43 42 43
44 42 44 44 44 45 46 46 45 47 50 46 46 48 46 44 46 46 62 58 47 47 44 42 43 43 43
46 43 44 43 44 46 46 46 48 54 48 48 46 43 45 44 44 44 51 44 44 44 43 43 44 43 46
44 50 56 44 56 65 74 86 112 103 99 80 59 55 54 51 51 50 62 57 50 47 44 44 46 44 46
44 48 46 45 46 47 56 57 70 68 72 58 54 50 48 49 50 54 65 64 47 44 45 43 43 45 46
40 44 49 44 44 45 46 47 50 50 51 49 52 46 44 47 45 54 59 55 42 44 50 43 43 44 43
43 46 42 48 59 59 59 69 70 68 71 66 61 55 58 69 60 86 104 95 52 44 46 49 44 46 45
44 45 55 53 59 85 84 84 90 80 82 79 70 70 71 82 80 92 109 127 78 52 47 47 44 46 45
43 45 48 46 49 49 50 51 53 58 58 52 54 59 66 105 97 116 136 162 72 47 46 44 43 45 43
44 44 44 44 45 50 50 48 48 48 49 49 48 51 59 85 64 83 87 73 52 50 46 45 44 43 43
44 50 54 53 55 67 88 114 108 121 104 98 87 93 103 115 114 156 158 138 77 53 50 45 46 45 44
49 46 50 48 54 64 77 109 112 124 119 124 120 142 149 159 155 171 151 152 82 57 52 46 44 46 48
47 44 45 46 47 51 56 56 59 63 66 84 98 153 95 157 132 145 123 93 54 51 49 44 44 47 45
45 49 45 46 50 51 58 81 88 86 79 82 103 129 106 140 109 116 90 75 56 52 47 44 45 43 44
50 55 57 49 51 52 74 107 93 93 78 95 124 103 111 121 99 109 100 87 58 52 49 45 43 44 47
45 46 48 47 51 53 71 102 93 108 99 124 148 101 128 136 113 110 95 83 56 57 51 45 44 43 44
45 46 46 45 51 57 61 69 75 91 125 170 187 153 163 133 124 106 87 63 54 57 54 46 43 44 45
47 48 48 53 61 81 100 108 102 110 130 151 174 199 140 135 129 116 124 61 54 58 53 46 44 44 45
49 52 52 58 78 89 118 120 103 110 110 161 183 205 147 144 146 131 124 64 56 60 53 46 44 45 46
45 46 50 47 49 52 57 61 64 74 81 108 146 170 120 121 112 102 96 56 50 56 50 44 43 44 45
44 46 49 46 52 53 51 62 67 67 67 76 85 100 80 77 78 71 54 48 47 48 47 42 43 49 45
46 65 61 61 77 82 88 117 105 89 83 89 84 99 78 95 80 74 64 58 50 51 52 43 43 45 46
45 47 49 51 57 62 67 79 83 76 75 80 76 71 64 64 63 61 55 49 48 49 50 44 48 45 46
44 45 46 44 46 48 48 53 48 53 58 56 63 73 67 68 68 55 48 49 45 46 46 41 43 48 46
49 48 46 46 51 56 61 69 69 79 77 79 95 93 82 88 87 59 53 51 46 52 53 46 43 44 44
67 62 55 64 100 118 121 146 145 146 135 132 146 138 136 122 116 81 67 63 59 86 70 61 46 45 46
48 44 49 46 55 59 64 69 74 81 85 106 133 159 138 125 99 64 57 54 57 79 70 64 45 44 44
42 44 49 45 46 47 48 49 50 51 53 61 76 95 80 73 76 51 48 47 47 58 72 51 45 44 45
47 46 48 61 67 69 77 90 82 86 92 111 116 120 105 106 110 73 59 53 56 243 218 95 43 45 50
51 58 52 65 86 92 96 119 108 106 118 116 124 111 95 117 109 83 60 60 78 350 306 124 48 44 46
44 46 46 47 54 53 56 59 63 67 77 80 108 93 81 96 97 72 53 50 78 171 132 65 45 44 44
50 48 46 50 62 63 76 89 95 98 104 124 140 137 124 150 141 86 61 60 102 232 169 52 49 48 46
65 65 78 91 132 201 283 259 204 198 202 223 213 209 212 240 192 172 97 126 229 451 242 72 57 45 48
50 53 51 58 72 93 184 189 156 150 141 175 173 157 164 181 188 175 104 163 175 194 115 52 47 46 52
44 44 46 45 50 55 57 57 56 55 57 60 61 63 63 67 91 87 58 88 82 52 52 48 44 42 44
54 55 63 62 114 160 171 146 141 121 129 134 108 115 121 138 182 168 141 174 103 66 58 47 44 45 46
72 112 99 183 318 410 358 250 243 223 195 206 183 188 200 279 305 294 254 305 134 88 70 51 47 48 46
50 66 55 65 136 172 168 148 141 120 104 102 102 113 92 155 199 190 155 148 69 63 53 46 50 45 46
46 46 43 45 48 51 58 52 51 51 48 50 52 52 56 75 74 76 63 56 46 46 46 44 43 43 45
52 50 47 48 52 55 59 59 60 65 63 68 72 83 110 147 145 150 110 85 53 51 50 44 43 45 45
82 66 50 49 53 58 65 67 74 82 81 93 98 113 129 160 172 145 123 78 58 59 51 46 44 45 47
65 51 47 46 49 51 54 55 58 63 63 75 82 84 97 131 128 113 85 67 54 57 48 47 49 45 50
48 48 46 43 46 49 50 51 48 52 63 64 67 64 72 97 91 96 85 67 54 50 48 42 44 50 48
65 75 53 51 51 53 62 65 66 72 91 108 105 98 99 144 113 98 71 61 54 62 57 46 45 46 46
92 83 66 63 70 72 82 93 88 95 131 159 129 134 131 163 123 94 71 72 66 79 60 53 48 48 52
