44 44 50 47 47 49 47 47 48 50 46 49 44 43 43 42 42 43 44 41 44 47 44 44 43 42 44
46 41 48 52 58 62 57 54 60 58 49 48 42 43 48 44 42 42 44 44 43 43 45 43 45 44 42
44 44 50 47 52 61 55 55 69 64 49 47 45 46 44 44 43 43 46 41 43 44 43 43 43 44 46
44 50 48 46 49 55 59 50 131 103 47 46 46 43 42 44 41 44 43 46 42 43 43 42 44 42 43
52 65 75 73 79 386 487 102 603 393 67 59 51 46 48 49 46 45 44 47 43 44 45 44 45 46 45
48 58 67 63 100 488 244 79 159 265 68 54 48 46 45 46 44 44 43 44 45 44 45 42 44 47 46
44 47 44 45 49 69 52 45 53 66 48 44 43 43 44 41 42 43 42 43 44 42 44 43 43 46 44
42 46 44 46 56 53 46 48 44 47 48 43 43 43 42 44 42 42 43 42 43 43 43 44 42 43 46
44 46 50 77 115 62 58 47 48 68 90 46 45 44 44 49 43 44 43 44 44 42 43 43 43 44 42
44 46 51 89 97 51 52 46 49 69 127 50 44 45 47 44 42 42 46 43 44 43 42 43 43 44 45
43 46 47 73 60 45 47 45 44 48 69 47 45 44 44 44 42 42 43 43 46 44 42 42 42 43 44
51 56 94 207 98 51 54 51 49 56 85 54 47 42 44 50 43 44 46 43 43 43 42 43 44 42 44
56 85 231 350 232 71 63 64 67 117 230 145 52 44 46 47 45 45 44 44 46 44 43 44 43 44 45
47 62 126 145 86 52 52 50 54 96 164 122 49 44 45 45 44 47 44 44 44 42 43 43 43 44 42
44 60 118 95 73 46 48 53 49 67 86 65 46 44 44 44 42 43 42 43 44 42 44 48 43 43 43
52 139 268 167 173 68 61 66 76 152 136 135 63 46 45 47 45 44 42 44 42 44 48 44 44 44 43
56 155 285 164 172 66 58 64 76 134 132 125 62 46 46 46 47 44 43 42 44 44 44 43 46 44 44
44 56 90 66 55 47 43 47 52 61 64 65 46 44 44 43 45 42 43 41 44 41 44 48 43 43 44
46 73 148 98 56 50 49 47 51 59 63 53 47 43 44 44 42 43 44 41 44 47 44 43 44 43 44
48 63 122 109 56 51 48 51 54 57 71 60 51 44 44 43 43 43 44 43 44 46 44 42 43 43 44
46 44 56 54 45 43 44 43 44 46 48 46 48 43 44 43 42 43 43 44 42 43 48 43 42 43 44
41 46 62 53 44 44 43 44 44 45 48 48 44 44 44 42 43 43 47 41 43 44 42 43 46 43 44
46 63 130 87 57 53 51 50 51 56 79 54 47 44 42 44 43 43 43 47 42 43 44 43 44 45 44
46 62 100 89 56 49 51 49 51 67 108 63 52 44 44 44 44 43 42 47 42 43 44 44 44 46 44
43 52 73 58 48 47 46 46 48 60 90 69 46 44 44 42 41 43 43 43 44 42 44 44 43 45 44
61 162 231 151 78 62 57 62 69 94 110 87 52 45 46 44 42 43 44 44 45 43 44 46 43 44 44
112 272 384 293 165 98 86 91 148 195 204 180 92 49 45 52 46 44 45 44 45 44 44 45 46 45 47
77 157 222 199 113 74 70 76 114 161 180 180 99 47 46 50 45 44 44 44 45 43 44 44 44 44 46
62 87 119 121 72 56 54 58 74 84 84 79 55 46 46 46 44 42 49 44 44 43 42 43 44 43 44
84 133 123 125 98 61 58 66 78 83 82 81 71 48 47 46 44 44 50 44 44 43 42 43 44 43 45
87 168 183 166 116 71 67 89 97 104 102 100 100 59 46 49 49 44 44 44 43 43 44 43 44 42 45
85 213 236 167 116 88 97 136 149 150 128 126 98 61 47 50 50 44 44 44 43 44 44 44 44 44 46
86 161 191 153 105 84 91 157 157 168 140 118 67 49 47 50 46 49 44 44 45 42 44 43 44 45 44
167 379 409 320 172 137 172 271 226 241 204 188 129 60 51 58 50 43 46 49 45 45 45 43 45 45 46
113 188 211 249 168 146 196 276 217 214 180 174 133 70 46 56 48 46 43 46 43 45 48 44 44 44 45
82 136 168 202 203 190 248 249 247 212 165 150 82 49 50 54 48 46 45 43 44 45 40 45 48 45 46
83 130 160 168 174 131 152 163 154 131 106 85 68 47 48 50 48 44 45 41 44 44 43 44 45 42 46
95 227 217 202 210 129 162 169 162 131 114 95 72 52 48 53 49 45 46 44 45 44 48 44 43 44 45
69 129 159 158 137 112 136 143 137 132 120 95 67 46 46 50 46 42 45 47 45 45 44 42 44 44 45
59 81 108 138 134 127 149 156 129 114 90 70 58 46 46 50 45 44 44 44 45 44 44 44 44 43 45
75 117 165 217 234 240 258 247 241 212 140 78 61 48 50 58 50 45 48 43 45 45 42 44 49 45 47
66 95 112 143 163 132 139 216 194 180 142 71 57 50 47 54 49 46 44 48 43 44 45 44 44 44 47
57 73 84 106 134 111 100 182 150 141 100 60 50 46 46 50 48 45 44 49 43 44 44 42 44 49 45
53 59 65 89 98 82 71 115 97 93 63 57 47 44 45 46 43 43 43 44 45 42 44 46 44 44 44
69 66 73 109 133 106 78 133 110 103 68 56 50 47 48 59 49 44 43 44 44 41 44 47 44 44 46
102 72 84 130 155 143 86 150 138 124 76 60 53 48 56 237 129 44 44 43 45 44 44 44 47 44 48
58 69 76 118 144 118 81 126 129 108 72 56 52 48 62 68 52 43 44 43 44 43 43 44 42 44 48
87 98 121 187 275 251 138 214 196 149 97 73 62 50 72 104 56 46 50 45 45 44 43 44 44 44 47
135 161 225 297 423 421 292 356 318 304 172 106 69 57 88 193 85 50 50 46 46 45 44 45 46 46 49
83 100 142 189 217 214 161 179 171 136 102 77 58 52 60 72 49 46 45 49 45 44 44 43 44 45 46
56 76 110 111 104 120 89 90 91 77 70 64 52 45 52 60 48 44 43 44 43 43 44 43 44 46 46
110 320 356 325 202 190 179 170 160 145 140 131 89 52 63 67 50 50 45 45 46 43 45 45 44 46 50
136 368 382 438 267 214 219 212 202 177 184 186 135 60 67 67 52 50 46 46 46 44 45 45 44 47 51
94 197 254 285 231 171 148 142 137 128 123 107 78 53 50 57 47 46 42 46 46 44 47 44 44 45 46
196 387 340 385 403 326 197 186 197 207 184 143 85 58 55 66 53 47 42 47 51 45 46 45 44 46 48
202 307 287 273 333 458 247 208 209 232 198 165 104 61 56 68 53 47 46 42 47 49 45 46 45 45 49
98 104 104 116 165 187 138 121 126 113 111 84 62 50 51 53 46 45 42 44 48 44 45 44 42 44 46
95 96 85 87 115 106 93 90 96 83 74 69 53 46 46 48 45 42 44 48 44 44 44 42 44 44 52
166 168 146 137 164 178 192 168 153 122 97 82 73 56 54 57 49 46 45 44 46 48 44 45 44 44 52
208 223 177 177 218 245 268 230 198 166 123 104 80 66 64 68 59 49 51 46 46 45 42 45 49 46 52
123 122 112 108 125 129 152 143 120 95 83 72 59 53 53 59 59 51 45 49 45 45 44 44 42 46 61
62 76 79 76 74 81 89 86 72 65 63 59 52 49 50 53 51 48 44 47 46 44 44 41 44 50 52
108 141 122 135 132 146 139 132 108 87 88 80 59 55 60 74 69 68 48 50 48 47 44 44 45 47 52
155 200 200 206 222 264 254 216 159 138 123 104 77 68 67 87 84 66 59 62 51 47 46 46 48 47 57
