49 52 50 49 46 46 44 44 47 44 42 43 44 43 44 41 42 43 45 44 45 44 43 43 47 44 44
52 58 55 52 55 47 45 46 45 44 44 43 46 42 44 47 42 43 45 44 46 43 44 46 44 44 46
47 58 63 50 51 48 43 44 44 44 44 41 44 48 44 42 43 43 44 46 45 44 43 43 44 44 45
44 92 119 64 50 48 46 50 45 44 44 41 44 47 44 42 43 43 43 45 44 42 43 43 43 44 42
52 76 244 262 93 66 58 53 51 48 46 44 42 44 48 44 43 43 44 44 47 44 42 43 44 44 44
53 72 122 314 351 167 73 60 57 53 47 45 43 44 47 44 43 44 44 42 44 44 44 44 41 44 50
51 58 65 75 110 343 73 56 58 49 44 44 43 43 44 43 46 44 44 44 42 43 43 43 44 41 44
48 63 64 103 149 290 93 57 50 50 50 44 43 44 43 43 48 43 44 43 43 43 43 43 44 41 44
56 87 103 673 172 164 93 73 61 55 47 44 45 44 45 46 43 43 44 40 45 49 45 44 44 42 44
45 52 59 121 67 54 46 47 50 45 43 44 44 43 44 41 42 43 43 41 44 46 43 42 43 43 44
43 63 80 83 55 48 48 50 45 43 44 43 44 44 42 44 42 43 40 43 43 44 47 43 42 43 43
52 103 240 222 77 64 62 54 53 53 46 43 44 43 44 44 42 45 44 46 44 42 44 42 43 44 42
66 332 424 264 96 81 77 70 61 55 51 44 45 44 43 44 43 44 44 44 48 44 43 44 44 44 45
50 127 172 87 57 54 54 51 49 46 45 44 49 44 44 43 42 43 44 43 46 43 43 43 42 43 44
65 157 203 96 63 59 56 54 53 48 46 44 43 43 44 43 46 44 44 44 44 43 45 44 43 45 44
140 254 319 144 79 72 69 63 58 52 47 45 45 44 43 44 47 43 44 41 44 42 44 48 44 43 44
114 220 262 98 74 66 63 56 54 55 46 43 44 43 44 44 42 43 46 43 44 44 41 43 49 44 44
63 84 78 50 49 47 47 46 43 44 49 44 44 44 44 43 44 42 46 43 44 44 40 43 48 44 42
154 220 234 99 72 67 64 61 52 51 51 44 43 44 44 44 43 43 44 44 41 44 49 43 43 44 43
118 171 155 79 68 60 57 55 50 48 46 43 44 43 44 43 43 42 43 43 44 44 42 44 48 44 43
47 49 44 45 51 44 44 44 43 43 44 43 44 45 44 44 41 42 43 43 44 40 43 48 43 42 44
53 59 60 47 49 46 44 45 45 44 44 42 44 46 44 42 42 43 44 43 47 43 43 45 43 43 43
60 70 74 53 57 49 49 48 46 45 45 44 45 45 44 42 44 43 43 43 44 42 43 43 43 44 43
52 49 57 54 48 46 46 44 44 44 44 44 43 44 46 44 42 44 44 44 44 43 43 42 43 43 44
52 66 78 64 56 50 49 46 46 45 44 44 45 44 45 44 43 42 44 42 43 43 43 43 41 44 47
95 174 209 156 110 93 70 69 64 54 47 44 44 44 44 43 48 44 44 44 43 44 44 43 44 44 43
122 289 332 263 184 125 102 87 74 63 49 45 46 44 45 44 46 44 43 44 44 44 45 42 44 47 46
67 118 157 154 142 109 76 66 58 53 47 44 44 41 44 48 42 43 44 43 44 46 44 42 43 44 44
98 250 306 240 219 204 159 101 79 68 52 45 46 42 45 47 44 43 44 47 45 46 44 42 44 44 45
163 257 268 217 181 197 167 136 87 70 52 45 45 45 42 45 43 44 41 45 46 44 46 44 43 44 45
127 249 286 287 198 190 213 178 121 79 55 44 47 45 45 45 44 48 45 45 45 43 44 44 44 45 43
73 158 265 268 168 160 172 173 127 72 57 45 45 44 44 44 42 44 46 44 47 44 43 43 43 46 45
95 237 286 235 177 163 206 255 250 152 58 46 50 45 44 45 42 44 48 44 46 45 43 45 44 45 46
133 397 458 362 253 205 230 292 246 265 122 51 46 45 45 45 45 44 46 47 46 47 46 44 45 46 46
82 163 221 272 215 190 230 287 262 266 179 50 44 45 45 45 46 44 45 41 46 44 45 47 44 44 45
83 163 217 260 304 285 329 314 244 228 114 47 46 44 45 46 44 45 46 44 46 46 42 44 48 45 45
79 163 240 190 233 265 254 205 171 140 109 50 46 44 44 44 43 45 46 44 45 45 43 44 47 45 44
90 205 294 279 320 303 286 280 227 170 111 46 44 44 45 45 44 45 44 45 44 45 49 44 44 44 45
78 151 196 246 264 278 272 237 227 188 102 46 46 45 45 45 44 45 44 44 44 45 48 44 43 45 45
82 159 174 264 306 356 318 297 225 212 62 44 46 49 45 45 43 44 45 44 46 43 45 48 44 45 45
99 199 210 260 345 351 322 425 410 287 69 47 46 45 46 46 44 45 44 45 45 46 46 44 46 49 46
96 152 154 168 223 264 260 295 296 198 60 48 45 45 45 44 45 44 44 44 44 44 44 44 44 45 47
74 109 118 126 158 199 242 291 291 153 54 45 47 44 45 44 43 41 44 44 45 44 44 43 44 45 44
85 100 103 109 133 178 211 228 192 99 51 45 48 44 44 44 43 42 44 43 44 44 44 44 44 44 46
246 210 130 127 138 191 184 228 201 107 52 45 46 44 45 42 44 45 44 44 45 44 44 45 42 45 50
184 202 131 134 133 199 193 244 191 87 52 45 46 44 45 46 44 44 43 44 44 45 45 42 44 49 45
71 86 88 88 99 139 152 168 127 65 49 44 44 42 44 46 42 43 43 43 44 44 44 43 42 44 45
142 248 216 181 161 247 280 283 167 84 56 45 46 45 45 46 45 44 45 49 45 45 45 43 44 46 47
184 433 396 366 295 364 371 374 272 113 63 46 46 46 45 47 46 45 42 46 50 46 46 45 46 47 47
99 234 275 282 200 214 253 244 144 81 55 45 45 45 46 45 44 44 45 44 50 45 45 44 43 46 47
85 230 269 266 205 153 173 139 94 71 51 44 46 44 45 44 42 44 48 44 46 45 43 44 44 46 47
129 473 513 456 403 311 358 272 147 104 65 46 46 46 46 47 43 46 50 46 46 46 45 45 45 47 51
116 376 400 389 340 313 369 255 137 95 61 50 46 46 46 46 46 44 46 49 46 47 46 43 45 46 53
99 276 347 381 340 268 243 158 112 85 59 45 44 45 45 46 45 45 45 42 46 48 46 46 45 46 47
147 541 578 595 612 503 352 224 165 119 67 46 47 46 47 48 47 46 47 47 47 49 47 46 48 47 48
200 813 786 776 811 844 535 316 229 156 78 50 48 46 48 49 49 49 47 48 48 51 50 47 49 49 50
184 657 772 775 813 702 390 275 204 140 76 48 47 48 47 50 49 48 47 50 49 50 50 46 46 49 50
88 165 251 339 311 178 128 108 87 70 53 45 43 45 49 44 44 44 45 45 47 45 46 44 43 44 45
140 181 179 211 140 117 93 82 69 60 50 42 45 49 44 44 42 44 44 44 45 44 45 47 44 43 45
289 219 175 186 163 142 110 94 78 65 50 45 51 45 45 48 46 51 43 45 47 46 44 43 44 45 46
153 128 110 101 89 86 76 70 59 53 46 45 45 42 46 53 50 48 47 43 45 51 45 42 44 44 50
100 93 86 72 66 62 60 61 53 47 46 45 45 44 45 45 46 46 47 42 44 46 46 44 42 45 52
204 150 107 88 81 73 71 67 60 53 47 46 49 45 44 49 48 46 45 45 48 51 45 44 49 45 46
260 178 120 103 93 89 89 78 67 58 51 50 50 50 53 62 63 53 50 59 57 71 53 44 50 47 50
