43 44 48 46 45 44 43 43 44 44 46 44 45 51 50 47 43 43 42 54 48 49 48 44 57 62 54
42 46 43 43 45 41 44 43 43 44 46 44 44 50 51 46 44 41 43 57 50 44 45 42 46 52 54
42 43 42 43 44 44 44 41 44 49 51 53 45 43 51 60 43 43 47 44 44 44 41 44 50 46 46
46 47 45 44 46 46 48 51 50 57 181 244 63 58 205 162 51 47 46 46 45 46 47 44 45 46 44
45 48 46 47 51 52 58 67 72 110 335 476 92 89 420 341 78 57 52 49 50 52 46 44 45 46 46
48 45 43 44 45 45 48 51 65 98 128 89 64 61 97 111 108 54 47 46 43 45 49 44 43 45 44
43 43 39 43 49 44 43 48 46 50 56 52 46 49 51 55 56 46 44 43 45 41 43 48 44 43 44
42 40 43 41 44 48 44 45 53 49 46 45 44 44 46 51 55 45 43 43 45 43 43 43 44 46 45
45 45 46 44 44 46 49 55 161 117 56 54 47 47 50 58 139 66 50 43 45 44 44 44 42 45 49
43 44 44 46 45 44 49 52 110 95 47 47 51 46 46 55 150 91 47 44 45 48 44 43 43 44 42
42 45 44 45 44 42 44 53 60 51 43 44 49 44 43 44 58 57 47 45 42 43 43 44 44 42 44
43 45 45 46 48 47 54 154 143 73 50 45 48 54 49 50 102 114 57 45 45 45 44 44 42 44 48
44 46 42 45 45 49 70 193 162 90 53 51 51 50 55 70 175 221 104 50 46 46 46 42 44 49 45
43 47 43 44 46 42 50 90 80 53 46 45 46 46 46 53 93 133 76 43 44 44 44 44 43 44 44
42 44 42 44 51 46 66 99 83 51 47 45 46 50 47 51 86 104 57 50 46 43 44 44 44 45 43
44 51 47 44 51 68 228 307 259 139 63 60 58 62 70 110 269 292 164 50 54 50 46 45 43 45 46
43 46 46 45 48 47 92 137 127 64 52 50 50 53 53 69 210 268 133 50 51 48 44 44 43 44 45
42 43 44 44 42 44 52 49 45 44 43 43 44 43 44 47 46 54 46 39 44 49 44 43 44 42 43
42 43 45 43 45 45 45 57 55 46 43 44 43 44 45 44 46 50 51 43 43 44 42 43 44 43 45
43 43 44 44 44 48 47 61 54 47 45 47 45 44 46 46 51 53 48 49 44 44 44 42 42 44 45
43 43 44 43 44 45 43 47 46 44 44 43 44 46 44 42 45 43 45 48 44 42 43 42 42 44 46
42 45 43 44 45 44 48 63 55 49 45 43 45 44 45 46 54 49 50 44 44 44 42 43 47 45 43
43 45 46 44 47 55 81 137 121 59 51 53 50 51 53 65 104 89 57 47 43 46 50 45 46 44 43
44 45 45 46 47 52 92 128 132 66 56 53 50 53 60 90 148 143 75 46 46 47 45 47 47 45 44
46 45 43 44 45 52 94 89 84 55 50 49 50 48 53 65 87 88 53 45 50 45 44 44 43 43 45
45 53 52 48 56 174 232 212 232 153 81 66 64 78 143 194 195 161 139 53 51 56 47 47 45 44 46
45 49 50 51 59 171 224 181 190 153 101 70 66 108 158 200 185 170 179 93 51 58 47 46 45 44 45
49 47 46 46 48 75 100 90 97 74 63 60 53 66 92 130 152 136 134 69 46 47 45 44 42 44 50
44 54 48 48 63 180 221 200 161 134 85 66 73 97 134 155 127 125 102 56 49 52 46 44 42 44 49
44 57 48 50 89 216 190 191 142 152 110 76 84 149 143 157 160 156 140 91 53 59 47 44 45 42 46
43 55 53 51 69 118 176 209 167 170 118 80 122 182 160 200 180 189 147 91 64 71 57 45 44 45 47
46 57 48 51 60 79 146 194 182 187 133 125 160 214 183 212 152 132 93 58 55 58 52 45 45 47 46
46 76 74 63 72 81 127 184 189 184 158 192 164 187 160 170 142 162 140 90 54 58 50 44 46 45 46
48 988 372 73 60 71 122 176 183 186 156 187 187 198 186 156 130 124 106 60 55 62 78 46 46 46 48
51 76 61 49 55 61 80 127 141 167 140 138 166 178 141 116 92 79 58 55 53 68 130 44 44 43 44
46 59 51 53 61 66 132 195 220 229 198 200 233 227 191 138 114 78 60 53 58 66 53 44 44 45 47
45 55 49 53 57 67 144 166 171 180 170 142 182 190 156 134 112 92 58 46 57 136 50 44 44 45 47
45 53 50 49 55 57 95 146 164 162 90 80 94 128 129 127 109 74 57 49 50 67 50 46 44 44 45
43 46 44 45 46 46 50 67 78 72 55 52 56 72 70 63 56 46 46 49 46 46 47 44 44 44 44
40 47 45 45 49 50 55 99 105 86 63 65 70 74 75 72 78 53 49 48 47 53 47 43 44 44 42
42 47 44 47 48 47 52 68 77 83 69 62 92 85 74 64 56 49 48 46 48 57 46 44 46 44 42
43 44 44 45 44 44 45 43 46 53 48 45 52 50 51 46 45 44 41 44 43 46 49 44 42 43 43
43 44 44 55 47 46 44 47 56 60 60 50 53 70 75 52 49 45 44 43 50 53 44 53 44 43 45
44 44 44 51 46 44 44 45 43 48 54 46 46 49 50 45 43 44 41 44 51 49 43 44 42 43 44
44 45 50 85 77 49 46 47 51 61 72 56 51 70 64 50 46 46 46 43 55 82 45 44 44 42 43
46 45 49 389 415 69 57 61 68 98 106 95 70 117 98 78 59 55 51 50 105 275 59 44 46 44 45
48 46 44 91 97 46 47 48 50 57 61 60 52 59 59 50 46 46 48 42 64 285 62 44 42 44 47
46 58 53 232 188 92 63 73 90 129 161 152 106 162 143 107 73 58 58 56 167 314 74 45 49 45 46
46 57 54 82 181 81 72 86 116 158 210 205 146 199 148 130 92 66 58 67 230 317 98 45 44 45 46
42 44 44 46 56 47 52 50 57 63 70 62 57 62 63 56 51 46 44 49 56 62 48 40 43 48 44
46 52 53 60 121 69 69 97 131 124 134 159 143 143 130 118 93 68 57 62 97 92 54 46 45 49 46
48 60 54 77 190 111 149 200 218 180 170 206 224 180 169 174 148 126 78 79 152 128 60 46 46 48 46
46 52 49 52 81 68 109 160 200 146 132 148 118 128 128 140 125 118 72 61 97 63 48 46 47 45 46
44 49 47 50 67 61 85 124 184 152 121 94 73 85 95 93 96 70 57 46 57 52 47 44 44 44 44
53 71 60 70 163 228 315 410 451 457 356 340 232 243 241 293 283 212 133 134 107 84 56 47 47 48 49
50 66 56 61 90 193 234 287 310 351 308 245 152 209 265 325 242 175 129 131 76 74 58 46 44 46 51
44 45 45 44 48 53 64 73 76 72 79 61 54 65 88 90 73 60 50 48 45 48 50 44 42 43 44
44 45 40 45 54 49 53 59 63 71 74 67 68 82 94 110 70 56 51 47 48 49 45 44 43 44 45
49 55 48 51 59 61 72 84 100 127 128 130 117 146 176 194 117 84 63 53 54 55 47 45 44 44 46
55 49 48 48 51 50 60 71 79 89 94 104 105 109 105 113 88 69 58 48 49 51 51 45 44 44 47
49 46 46 44 46 45 50 56 56 54 59 64 74 63 59 68 59 58 46 46 47 46 50 44 42 44 45
50 58 49 48 51 54 64 72 83 71 85 100 95 77 84 107 85 76 69 46 52 49 46 49 44 44 46
88 92 82 69 67 69 106 131 140 130 162 175 138 120 133 156 129 110 81 59 64 68 50 45 46 46 52
70 59 68 59 57 62 74 90 93 98 104 119 88 83 78 82 69 59 54 51 55 63 48 45 50 48 57
