44 43 46 45 44 43 43 43 45 43 46 51 46 46 47 43 41 43 43 43 45 43 44 46 44 45 45
43 43 44 44 45 43 49 44 45 44 45 47 46 48 51 48 42 42 44 43 45 42 44 49 44 44 46
40 43 48 44 43 43 42 43 46 44 46 50 46 47 54 44 43 43 44 43 45 42 43 44 44 44 44
42 44 44 44 44 44 43 44 44 45 59 73 53 56 61 46 43 44 46 42 44 43 44 44 41 44 49
45 47 47 51 54 50 56 60 63 65 292 766 194 173 474 255 53 53 47 47 52 52 45 45 45 43 47
44 45 45 48 51 49 52 56 59 61 258 406 110 140 515 211 60 50 46 46 51 50 43 44 49 45 46
43 44 42 43 43 43 47 44 44 48 57 54 46 46 56 50 53 44 42 43 43 43 44 43 43 48 44
42 47 42 43 45 43 45 46 47 56 58 51 44 46 51 61 56 46 43 43 44 43 44 41 43 49 46
43 44 42 44 50 45 48 50 63 110 76 54 55 53 59 92 109 50 47 49 45 45 44 42 44 44 45
42 43 44 43 44 46 45 48 59 87 55 47 47 47 48 67 103 52 46 49 46 42 43 43 43 44 43
42 43 44 41 44 49 45 46 53 81 47 45 44 44 50 49 69 48 44 43 50 44 42 43 42 43 44
42 44 44 45 44 46 55 72 180 170 57 49 50 50 50 67 167 112 48 45 46 44 44 44 43 44 47
44 44 45 44 47 47 56 91 227 163 73 54 50 53 54 95 251 245 65 50 46 46 44 43 44 44 45
43 44 44 44 44 43 46 62 95 67 48 49 46 44 46 52 120 118 49 47 50 44 43 43 42 43 44
43 43 44 44 46 45 53 99 129 85 49 47 47 47 48 59 118 110 50 40 43 45 44 43 44 42 44
42 45 48 46 50 49 75 216 212 158 71 52 54 60 57 127 186 220 115 51 49 47 45 43 44 47 45
42 44 44 45 48 46 58 135 157 122 58 50 51 53 53 105 192 237 95 50 47 46 44 44 47 44 43
43 42 44 42 45 45 47 69 84 61 50 46 45 46 46 55 114 137 46 47 45 44 44 43 40 44 46
44 43 44 44 46 47 57 134 144 83 52 50 47 49 52 60 121 138 62 47 46 45 47 44 42 43 44
43 44 41 44 49 45 48 80 91 68 47 45 47 52 49 53 76 93 58 45 46 42 44 43 44 44 44
42 43 48 43 44 43 43 48 51 46 44 42 44 47 44 43 47 55 45 41 44 48 44 43 43 42 43
47 43 44 44 43 44 45 53 56 46 45 50 44 43 44 44 46 46 47 42 43 43 43 44 40 43 44
42 44 48 44 46 46 48 63 88 59 48 45 46 52 47 49 53 54 48 43 44 45 44 44 40 43 51
43 47 44 43 45 43 46 54 69 51 43 46 50 46 44 48 52 52 45 46 42 43 44 43 43 40 45
43 44 44 42 44 45 50 54 67 48 46 46 42 45 50 50 62 50 44 44 44 44 42 43 48 44 44
44 44 43 46 46 48 91 144 148 94 56 54 53 56 62 126 138 95 52 46 47 46 45 41 44 50 46
44 48 46 46 50 53 93 147 163 113 64 58 55 60 85 165 154 119 64 49 48 47 45 41 44 49 46
43 44 42 44 51 46 55 62 76 68 57 50 50 53 69 104 116 93 56 50 47 46 44 42 43 44 44
43 44 44 43 47 48 89 103 98 79 59 52 51 52 78 88 86 89 58 49 47 45 44 43 43 44 42
43 44 46 46 49 65 121 116 89 84 63 54 51 67 84 82 78 91 77 49 51 48 43 44 43 44 45
43 44 45 47 47 54 123 118 94 103 63 56 57 83 93 106 103 114 78 47 48 51 46 45 42 44 49
44 43 53 47 49 48 72 92 92 89 65 63 69 126 106 116 101 88 59 46 50 53 46 43 44 43 44
45 49 73 51 59 68 136 192 185 180 127 143 154 194 183 174 149 129 77 51 55 55 48 45 45 43 46
47 54 78 55 62 64 117 188 202 223 179 221 197 227 203 208 146 141 99 60 59 59 52 45 45 46 45
45 46 54 54 62 58 99 172 191 221 196 209 209 254 196 174 146 114 63 50 60 59 51 46 45 46 47
43 44 46 51 55 52 87 112 127 156 140 118 155 190 144 106 95 70 51 48 52 53 50 44 45 45 44
44 44 48 48 53 58 99 114 119 131 122 104 131 152 116 95 91 81 54 45 51 52 47 44 46 44 46
44 44 46 48 53 54 101 123 125 142 94 95 107 133 111 97 95 87 51 47 54 51 50 45 43 44 45
45 44 47 49 54 50 63 111 107 108 104 107 113 151 106 101 95 71 49 47 51 50 48 44 43 44 44
44 44 59 54 51 51 59 98 123 118 97 109 113 123 108 106 95 59 48 44 51 56 45 45 44 43 45
50 49 87 143 76 61 72 134 192 157 130 159 202 178 125 125 120 72 55 47 61 73 47 48 44 42 46
49 44 59 105 77 51 52 58 72 88 96 85 125 115 88 75 63 50 49 44 62 82 46 45 42 45 50
43 49 45 67 56 44 45 46 51 58 53 50 60 57 60 52 44 44 44 47 51 58 45 43 43 44 50
43 49 46 142 120 60 49 52 60 89 92 68 71 87 72 69 51 47 46 51 82 102 47 44 47 45 46
45 45 44 189 172 78 59 58 70 112 110 88 83 106 90 93 59 54 46 63 118 179 70 44 45 50 48
44 46 46 104 157 63 51 56 69 107 99 93 88 108 102 87 58 54 46 56 133 212 54 43 45 49 46
44 45 44 71 201 68 52 58 65 98 107 96 85 121 117 84 57 53 47 59 170 198 47 43 45 45 44
46 48 51 149 202 150 75 87 115 170 230 217 213 244 215 185 102 68 54 92 276 265 51 46 46 47 45
46 46 50 68 143 94 74 92 125 175 219 220 216 238 185 164 94 67 54 87 216 194 53 47 45 46 47
43 44 46 48 70 58 53 70 78 87 106 99 111 91 76 65 60 53 46 51 74 58 43 44 44 44 45
44 46 47 54 114 72 71 109 118 107 122 123 134 113 103 100 96 69 51 66 82 61 45 44 45 43 46
46 47 48 73 200 104 165 183 166 139 148 161 174 141 133 132 120 116 69 85 145 88 50 46 46 43 47
45 47 47 58 108 78 206 228 223 159 131 159 143 124 132 142 136 132 90 76 114 61 46 44 46 46 44
43 44 46 48 61 57 103 133 151 124 93 89 74 78 79 79 84 70 54 51 56 52 45 43 44 44 44
50 49 54 63 155 206 312 324 327 319 256 238 171 192 185 224 191 138 95 103 82 69 51 46 45 48 48
48 47 53 59 106 255 239 246 233 259 241 204 166 195 221 244 170 125 108 148 83 67 52 46 44 48 49
44 43 45 46 51 69 74 74 80 76 83 73 68 79 84 82 69 64 56 51 53 48 43 43 42 44 46
45 43 50 46 46 48 50 52 56 61 62 63 60 65 64 71 54 50 46 46 44 46 48 44 42 44 46
51 50 56 50 52 54 59 67 75 87 89 94 88 94 97 94 72 61 51 46 50 53 46 43 43 44 50
83 64 51 55 56 61 76 82 93 110 109 110 107 107 98 100 84 67 58 51 54 51 46 42 42 47 59
57 50 44 47 55 51 54 63 68 71 76 84 81 73 67 74 69 68 52 55 50 49 44 44 43 50 72
48 50 47 46 49 53 54 61 67 62 75 78 75 63 63 69 58 58 53 47 50 48 45 44 44 50 65
74 86 66 63 62 62 84 107 112 115 147 147 116 100 98 128 116 84 61 55 58 63 48 46 50 54 56
88 90 78 74 77 84 110 129 119 129 150 167 119 110 106 123 101 87 58 65 66 78 48 49 49 56 61
