43 43 44 44 44 45 42 45 51 47 53 58 49 50 57 46 48 46 41 43 49 43 43 43 42 43 44
43 44 44 42 46 45 49 44 47 48 60 72 59 64 90 58 53 46 42 44 48 44 45 43 42 43 45
43 44 44 42 44 44 44 46 45 49 63 76 60 85 153 59 53 46 44 47 43 44 44 41 44 48 45
44 44 44 44 44 44 45 46 49 54 78 231 62 160 171 51 52 46 45 46 44 44 44 43 44 47 44
49 46 44 44 44 46 49 54 59 69 229 565 80 261 291 66 58 52 52 44 45 45 44 44 42 44 48
43 49 44 43 44 44 45 47 50 61 121 122 65 87 142 75 51 46 46 44 44 43 44 46 44 42 44
43 40 43 43 44 47 44 44 46 52 95 69 49 53 83 74 49 43 44 44 44 43 42 43 48 44 42
42 43 40 44 42 43 49 45 45 58 89 51 46 46 47 61 47 43 44 44 44 43 43 43 46 43 42
44 44 45 47 45 44 48 54 63 208 309 62 59 58 83 221 81 56 54 46 44 44 43 43 44 43 44
43 44 42 44 49 45 46 52 63 159 139 54 50 53 77 193 121 54 52 45 43 43 44 43 44 41 44
41 43 47 44 44 43 43 46 51 74 56 42 45 49 47 74 70 46 46 46 44 42 43 43 43 44 41
43 43 44 45 44 47 46 53 125 120 65 49 46 48 50 88 99 64 48 44 43 43 43 43 44 41 44
43 47 44 44 45 43 47 67 137 108 67 49 49 48 53 102 122 113 56 44 44 44 44 44 41 44 49
43 45 47 43 44 45 44 66 112 85 54 49 47 47 50 85 122 118 50 50 44 42 43 43 44 44 41
43 44 44 41 45 50 47 76 132 99 62 50 48 48 54 85 128 103 42 44 50 44 43 43 42 43 44
46 47 46 46 45 51 64 250 366 313 165 74 65 66 90 231 345 340 86 48 47 46 46 45 45 45 44
45 46 45 45 43 47 58 110 206 182 93 61 57 57 70 160 265 311 77 42 46 49 45 44 44 43 44
42 43 43 44 45 42 45 56 66 64 49 45 46 45 46 63 86 97 46 44 45 43 44 43 44 45 44
42 43 44 44 44 42 46 65 86 81 51 46 46 46 47 53 69 66 52 50 44 43 44 42 43 44 44
42 48 44 43 44 44 46 59 80 81 48 48 50 46 50 53 80 78 54 48 48 43 44 43 43 44 44
42 48 44 42 44 42 44 46 48 49 44 44 47 44 43 44 47 48 42 44 49 43 43 43 42 43 44
42 42 43 42 44 43 44 47 49 52 51 45 43 44 44 45 50 48 44 47 43 43 44 40 43 48 44
43 48 44 42 44 44 46 52 72 81 60 49 47 46 49 52 70 61 49 44 44 42 44 45 43 44 44
46 44 42 43 43 44 46 49 70 83 56 50 46 46 50 55 74 68 52 42 44 44 43 44 44 43 45
42 44 44 43 45 44 44 51 85 73 54 51 47 47 51 59 72 69 49 44 45 46 44 45 43 42 44
44 41 44 46 45 48 50 88 136 112 88 59 50 54 73 129 108 112 76 46 44 44 44 44 46 44 43
44 45 42 44 46 46 51 109 111 102 91 61 53 55 82 113 99 100 95 54 47 46 46 44 45 44 42
45 47 44 46 45 45 57 74 101 99 88 64 57 54 78 111 118 115 105 54 44 44 43 43 44 42 44
43 45 44 44 48 46 60 99 116 122 94 64 52 57 79 99 89 95 73 50 44 44 44 43 44 43 44
42 46 51 45 46 49 100 197 155 160 127 96 64 68 97 135 123 149 136 87 49 43 45 44 44 44 43
46 44 46 49 46 52 71 156 162 186 153 113 72 70 108 155 153 157 136 91 49 46 46 43 44 47 45
45 47 45 45 46 46 54 107 123 140 142 127 72 96 141 171 136 124 88 58 47 46 45 44 41 44 48
45 44 49 44 46 49 69 117 121 147 128 142 104 122 152 148 137 124 78 59 46 46 45 44 43 44 47
47 46 47 45 47 49 69 127 128 150 143 161 123 141 167 144 135 113 96 79 47 45 45 44 44 42 45
46 47 46 46 44 50 77 132 127 165 164 175 142 166 172 160 129 116 109 97 42 46 49 44 44 44 44
46 47 46 46 44 50 63 125 128 169 179 204 170 187 175 153 136 107 78 63 47 50 45 44 44 43 45
45 47 47 46 47 47 70 125 154 188 198 193 191 221 158 143 122 103 96 61 47 46 46 49 44 44 45
47 49 48 46 49 49 86 139 191 226 181 190 200 208 167 170 165 134 117 85 49 46 46 43 44 45 45
46 52 46 45 46 49 59 83 136 190 174 180 158 201 160 145 142 123 116 60 49 46 45 44 44 43 45
44 49 44 43 45 44 48 63 81 100 90 78 71 95 70 71 69 63 49 46 49 44 43 43 42 43 44
44 43 44 43 44 45 47 55 86 82 84 84 74 81 71 68 67 57 48 48 44 44 44 44 44 44 46
44 43 44 43 44 45 48 53 66 75 91 86 75 74 64 67 70 57 49 48 45 44 45 44 44 46 44
48 44 43 44 43 44 46 50 55 73 94 94 73 61 65 68 61 55 50 43 44 44 43 44 44 44 44
44 44 42 43 44 43 45 44 48 58 65 74 56 48 52 53 48 46 45 41 44 48 44 44 43 42 43
45 41 45 48 45 46 48 54 59 68 119 158 104 63 92 98 66 52 48 46 45 44 47 44 44 44 43
46 47 46 46 47 52 54 71 79 88 199 313 204 93 159 168 108 68 56 49 44 46 50 44 45 45 45
44 50 45 44 45 44 48 57 61 65 115 180 110 63 113 104 72 56 51 46 43 45 45 43 44 42 44
44 44 44 44 44 45 46 49 53 62 85 93 99 57 78 73 59 50 46 44 44 43 44 43 43 46 46
41 45 49 45 44 47 47 58 65 87 114 106 109 81 85 85 73 56 49 45 44 43 44 44 43 44 45
44 42 45 44 45 46 49 58 76 88 102 102 119 101 88 92 79 60 48 44 45 43 44 44 43 44 47
44 42 44 48 45 44 47 53 69 79 74 84 89 68 69 73 68 55 47 43 44 44 43 44 43 43 46
47 49 50 46 48 54 66 112 208 259 255 200 172 162 151 168 141 87 60 50 47 46 45 45 45 45 50
52 54 50 49 52 63 107 287 385 334 305 292 281 217 229 270 256 182 73 58 48 49 47 45 46 46 52
47 49 47 47 46 54 72 262 258 168 163 164 119 121 122 155 189 129 64 51 46 46 44 44 45 46 47
47 47 44 45 51 56 72 227 231 123 119 116 78 87 87 109 136 97 55 53 46 46 45 42 44 44 44
53 58 52 51 55 146 250 446 483 361 232 193 129 160 216 294 298 210 75 64 50 50 47 44 45 46 47
53 58 52 49 69 163 265 336 417 291 187 160 114 159 220 356 354 261 82 63 50 48 47 46 45 46 44
47 50 50 47 49 57 59 71 83 88 82 68 59 71 100 135 134 90 57 63 46 45 45 42 43 44 44
62 72 61 61 80 79 63 69 73 81 77 71 64 78 98 117 98 93 76 64 52 46 44 43 44 44 44
153 142 102 101 139 170 134 121 131 122 99 105 101 105 121 150 145 139 142 102 68 56 48 46 49 45 45
103 100 81 79 76 100 89 106 120 104 100 113 110 107 120 144 152 160 121 101 72 72 52 53 44 44 46
52 59 53 53 52 62 66 74 81 80 81 89 82 76 84 108 95 106 84 60 57 56 55 43 44 49 47
74 94 66 63 53 63 73 87 96 93 113 114 94 87 93 121 105 104 67 55 56 65 56 44 44 43 46
121 135 108 91 78 113 127 147 127 140 172 193 146 136 141 156 141 108 74 84 81 103 72 46 45 47 51
