46 44 43 43 45 43 44 43 46 51 48 46 51 58 51 47 44 50 44 40 44 48 44 43 43 42 45
44 38 44 49 46 43 44 45 47 46 47 49 58 82 55 46 44 46 50 44 44 43 42 43 44 43 45
43 42 43 44 44 44 43 44 48 46 44 46 51 124 71 45 47 46 44 40 44 42 43 47 44 42 44
42 43 43 43 44 43 44 41 43 43 44 44 45 51 70 46 44 44 43 39 44 47 44 42 42 42 44
42 43 45 44 45 41 44 49 45 45 46 46 48 52 177 170 65 47 43 44 42 43 48 43 43 43 43
45 42 44 46 47 44 42 46 51 48 47 50 51 56 105 275 339 85 46 48 45 42 43 42 43 45 43
43 49 44 43 45 43 44 44 45 47 49 47 50 49 68 116 526 154 42 48 49 44 43 44 42 43 44
42 43 50 44 43 43 43 43 44 45 45 45 46 53 115 72 113 54 44 45 41 43 48 43 43 43 42
43 42 44 43 44 44 44 44 45 47 50 47 48 100 132 82 63 50 46 50 44 44 44 42 43 46 44
47 43 43 43 43 43 44 43 45 45 47 50 52 96 127 65 48 46 47 48 45 42 44 40 43 44 44
47 43 42 43 43 43 44 43 44 45 45 46 51 71 67 47 44 43 53 42 43 44 43 43 43 43 46
43 48 44 44 46 44 44 46 49 53 55 66 165 230 86 50 47 44 45 44 44 43 44 42 44 44 44
43 39 45 51 50 47 46 46 55 63 66 125 308 334 100 56 50 46 45 44 42 44 48 44 44 43 43
42 44 40 44 49 44 45 44 44 48 50 60 109 120 52 49 42 43 43 43 44 44 44 44 43 43 46
42 48 44 43 44 42 44 44 45 46 46 69 74 65 46 44 43 43 44 44 42 42 43 43 44 41 43
41 44 49 45 47 46 44 46 50 55 84 121 114 139 63 47 48 45 44 46 44 42 43 43 44 43 44
40 44 49 45 46 45 44 46 48 52 86 100 101 94 55 46 46 44 44 46 44 42 43 43 43 44 41
43 42 44 47 45 45 44 43 44 46 53 61 60 55 50 45 43 45 45 42 46 44 42 42 43 43 44
43 44 44 43 46 48 45 47 48 51 93 96 75 62 46 47 44 43 44 42 44 43 43 44 41 43 48
43 43 47 43 45 45 42 44 50 47 58 66 57 51 46 44 48 43 44 43 42 43 43 43 43 40 43
42 43 44 43 44 42 43 44 42 44 54 46 45 45 44 44 48 43 43 43 42 43 43 43 44 40 43
42 44 46 44 42 44 49 44 44 46 59 51 48 46 45 46 42 42 43 38 44 48 44 43 43 42 43
41 46 47 44 44 44 45 46 51 48 52 55 48 50 46 43 44 42 42 43 44 45 43 42 42 42 43
42 43 46 45 45 43 45 48 45 47 54 56 47 49 42 45 43 42 40 44 43 43 47 43 42 43 43
42 43 44 46 45 44 45 44 46 50 62 63 52 49 46 46 44 46 44 46 44 42 43 42 43 44 41
43 48 45 46 52 49 49 51 62 117 152 159 111 73 56 54 47 46 45 44 48 44 43 43 43 43 44
44 46 51 54 62 59 56 65 149 218 247 228 204 152 73 67 54 48 47 45 46 46 43 43 43 44 45
46 44 45 50 59 55 52 58 98 154 225 214 211 167 84 63 56 48 45 44 44 44 44 46 44 44 44
47 45 43 46 51 49 49 51 71 92 114 134 124 127 76 57 49 45 46 40 45 42 44 48 43 43 43
43 47 43 47 51 50 50 62 87 97 93 100 99 106 80 68 48 44 48 47 44 42 44 42 43 44 43
44 45 45 47 55 56 51 66 97 117 109 129 127 142 108 120 58 47 45 43 44 40 44 48 44 43 44
44 41 46 56 59 55 54 63 107 153 146 187 212 211 140 161 77 49 45 44 41 44 49 44 43 44 43
46 48 43 58 74 63 61 67 148 249 219 260 293 319 230 216 112 59 47 45 45 45 42 44 49 45 44
46 48 51 124 82 71 68 85 222 270 223 330 282 296 237 236 166 110 56 45 46 43 45 49 45 45 45
44 49 54 62 74 68 66 81 198 269 238 283 279 342 264 254 191 127 72 47 46 46 45 44 44 45 45
43 47 51 57 68 63 60 68 137 227 233 281 250 286 241 194 137 84 50 46 45 44 44 44 44 45 45
44 43 46 56 58 54 54 59 108 128 139 153 161 198 148 120 83 76 50 44 45 44 44 43 44 44 44
45 43 46 56 60 54 56 61 90 140 130 158 163 177 144 128 103 87 46 42 44 44 44 44 43 44 47
45 46 48 51 58 55 51 59 83 147 136 166 170 182 123 113 99 67 45 44 43 43 44 44 44 44 44
46 46 48 54 64 59 56 62 83 193 220 217 205 216 165 138 86 51 45 44 43 44 44 43 44 43 44
45 48 49 67 66 63 65 72 87 177 227 212 220 259 190 146 67 50 46 40 45 48 44 43 44 44 44
46 47 50 91 79 66 63 67 98 164 239 204 229 215 127 74 57 50 45 46 45 45 45 42 43 44 44
46 45 46 50 61 56 52 57 72 106 159 161 187 159 76 60 50 47 41 44 46 44 46 43 42 43 44
44 45 45 52 73 58 54 58 78 126 136 128 147 105 62 56 48 51 44 44 44 42 43 43 43 44 41
44 51 52 59 147 92 68 71 117 136 124 126 130 106 62 56 48 46 47 44 46 45 42 43 43 45 45
44 46 52 56 98 72 63 70 150 122 122 134 152 105 60 57 46 46 49 44 45 44 43 43 43 44 44
45 46 46 51 68 67 56 64 96 121 158 150 133 78 59 55 51 46 44 42 44 42 44 47 44 44 44
53 51 50 86 178 110 94 124 225 283 315 338 268 118 82 74 59 51 46 42 46 44 45 47 44 44 45
53 57 56 109 297 205 164 244 327 398 409 366 319 138 95 84 63 53 48 47 46 44 45 44 46 47 43
49 50 51 77 153 135 106 174 242 251 271 271 173 101 74 67 56 49 49 44 45 45 42 44 49 45 44
47 49 49 73 138 116 92 137 160 143 152 146 97 69 57 55 48 45 44 44 42 44 48 44 44 44 43
51 56 52 178 259 216 191 214 194 168 164 163 110 76 63 59 51 48 45 45 46 45 48 44 43 44 45
55 62 58 229 258 260 308 299 227 175 145 156 101 79 62 59 50 47 46 45 46 43 45 49 45 44 45
51 57 60 136 215 240 295 292 197 154 104 100 76 65 56 53 49 46 45 43 44 48 42 44 45 44 45
62 68 68 281 431 506 489 362 294 156 125 111 89 72 60 57 52 49 45 46 46 45 46 46 45 46 49
73 92 85 457 647 881 733 508 378 213 156 135 113 85 68 65 56 52 47 47 48 51 47 46 47 47 48
69 83 74 244 532 749 605 415 263 130 110 107 93 70 60 58 51 48 46 46 47 47 46 46 47 46 49
51 51 53 65 93 180 163 120 76 59 54 54 51 48 46 43 48 44 43 43 44 44 44 43 42 44 50
62 55 51 58 67 79 91 77 66 56 49 49 49 46 46 47 44 44 43 43 44 43 44 41 44 49 45
156 121 114 103 117 134 154 136 114 84 66 62 58 53 51 53 46 45 45 48 45 45 44 44 44 44 46
97 106 90 95 96 107 100 102 86 67 59 57 54 51 50 52 48 46 44 49 46 46 44 42 43 45 58
54 66 65 71 81 88 77 73 65 52 52 52 50 48 47 50 46 47 39 44 49 45 46 43 42 45 49
96 138 121 115 120 96 100 98 77 60 60 58 55 52 51 58 53 59 46 44 49 46 45 44 44 47 48
176 248 225 185 175 183 165 141 93 78 76 70 63 60 58 65 62 58 56 61 57 65 48 44 53 49 55
