44 44 44 44 46 44 45 48 47 45 52 59 50 48 48 45 51 43 44 46 44 45 44 42 42 43 44
46 44 44 48 48 46 49 46 50 47 54 74 62 50 54 48 50 45 43 43 45 44 47 44 42 43 43
43 43 46 44 45 44 45 46 48 43 52 73 56 48 50 45 48 43 45 43 44 44 42 44 47 43 43
43 43 44 43 44 44 44 46 45 52 70 232 100 56 50 47 49 45 44 46 44 45 45 41 43 48 44
46 48 47 47 48 47 50 60 69 78 102 1452 881 115 70 71 69 60 54 51 48 59 57 44 46 48 46
52 48 47 46 47 49 50 60 68 75 111 1329 1128 103 71 71 65 61 54 49 49 58 57 49 45 45 46
43 41 44 44 44 44 44 44 45 45 59 82 76 53 46 49 42 43 44 43 44 42 44 47 43 42 43
43 40 44 42 44 48 44 43 44 45 60 78 61 48 49 44 43 42 43 43 44 44 41 43 48 43 42
43 41 44 48 44 43 45 47 51 63 165 118 79 58 50 46 46 45 47 42 44 45 44 44 40 43 48
43 46 44 45 44 43 46 46 48 63 185 86 64 48 46 47 41 46 44 45 43 44 44 43 44 41 44
42 43 44 43 46 44 42 43 44 54 78 52 48 45 48 44 39 43 43 45 39 43 48 43 42 43 43
43 43 44 44 44 44 42 46 66 141 133 58 49 46 48 45 45 46 43 44 48 44 44 43 42 43 44
44 43 50 44 44 44 44 50 82 152 165 63 50 48 49 48 47 47 44 44 44 44 45 41 43 49 44
42 48 44 43 44 41 44 50 66 89 83 47 46 46 45 45 44 45 44 42 44 43 43 44 41 43 49
42 43 44 42 44 47 44 47 83 103 88 53 48 47 45 46 45 45 45 42 43 48 44 44 43 42 43
44 45 45 42 46 51 47 69 251 237 185 109 59 54 54 56 53 51 43 46 50 46 46 44 42 43 44
43 44 44 44 44 45 49 55 166 176 140 73 53 49 51 51 50 48 47 45 44 45 46 43 44 44 46
42 47 44 42 44 42 44 45 62 79 68 46 46 44 44 44 42 44 44 46 42 43 44 43 43 44 43
40 44 49 44 43 44 46 50 78 98 65 50 46 47 46 44 44 44 43 43 44 44 44 43 42 43 44
43 43 43 43 44 48 46 49 78 97 65 51 47 45 45 46 44 44 45 47 44 42 44 43 43 44 43
43 42 44 42 44 42 43 44 46 50 49 44 46 44 42 43 42 43 41 43 49 43 43 43 43 43 44
41 43 43 43 44 43 44 45 46 56 49 44 44 44 44 44 43 43 44 43 44 43 44 43 45 43 42
42 42 43 43 44 44 44 48 59 95 65 53 46 46 46 48 48 46 44 44 44 44 44 42 43 43 44
43 42 43 42 44 44 44 46 57 80 57 48 45 46 45 46 47 44 45 43 44 43 44 44 43 45 44
47 44 42 43 43 43 44 46 59 79 74 51 48 45 46 47 44 44 45 43 44 43 44 47 44 42 43
43 45 45 44 44 44 51 68 127 131 100 66 58 49 58 88 80 58 49 45 45 47 46 46 44 42 44
46 42 46 46 46 49 50 84 151 175 138 88 59 62 88 146 142 95 54 50 47 49 47 44 47 44 43
44 44 44 44 45 45 45 56 83 104 103 66 56 57 63 109 118 78 54 44 45 48 46 44 41 44 47
44 49 45 44 45 43 46 70 94 110 104 72 59 56 63 98 81 74 52 46 43 46 46 44 44 41 44
43 46 50 45 46 47 55 173 135 156 120 93 63 65 95 148 127 154 98 64 45 50 50 44 44 42 45
43 47 51 45 46 47 53 170 156 166 147 100 68 76 92 156 140 163 114 66 48 54 62 43 44 49 45
44 50 45 45 46 44 52 80 106 122 114 89 69 77 126 175 142 148 91 51 48 61 55 48 44 54 45
46 51 46 46 47 45 66 154 170 151 134 134 100 131 148 159 129 140 96 54 48 59 57 48 45 45 49
48 48 51 46 48 50 80 159 169 165 151 174 162 204 166 165 128 136 137 85 60 57 54 56 52 46 48
46 48 48 44 48 54 64 140 154 165 157 174 165 254 176 162 127 134 136 98 65 62 58 55 50 48 46
45 46 46 45 44 47 55 68 94 137 133 152 123 163 140 123 104 99 78 51 52 53 52 54 46 44 46
45 47 46 46 44 47 55 77 118 155 152 161 171 187 141 138 118 101 77 46 48 59 54 46 44 44 45
46 47 46 46 47 46 54 104 143 160 150 152 169 187 134 146 156 136 106 60 51 58 76 50 44 45 46
45 49 45 45 46 47 50 65 115 153 144 139 122 155 123 128 135 126 108 59 48 52 55 46 45 47 46
44 44 44 43 44 44 46 53 56 73 80 73 73 94 77 76 76 63 52 45 45 54 62 43 43 43 44
43 45 45 45 46 44 48 59 70 130 116 117 125 121 98 95 87 66 50 47 45 56 72 53 44 44 44
44 45 45 44 45 46 46 54 65 97 109 110 106 126 82 87 87 65 51 47 48 92 151 53 43 44 47
44 44 44 44 45 46 45 51 59 72 101 116 101 80 84 82 75 62 49 44 48 101 190 54 44 45 50
45 43 42 44 44 43 44 44 46 51 55 66 57 49 51 54 47 45 45 42 45 63 80 44 45 44 44
44 46 50 45 44 46 46 51 58 63 106 144 107 68 91 105 76 54 49 44 53 146 155 45 44 44 44
47 44 47 51 47 48 50 60 70 79 161 232 169 98 143 173 134 73 56 49 72 379 292 47 46 46 47
44 46 51 45 45 46 47 55 62 66 114 162 124 76 134 145 104 61 54 45 58 262 162 45 45 45 48
44 50 45 44 46 45 47 53 58 65 105 126 137 72 114 112 84 60 50 48 46 101 64 44 45 44 50
46 49 47 49 47 48 50 62 74 113 184 170 215 152 141 150 131 87 57 54 100 98 63 45 45 46 46
44 48 51 46 46 48 49 62 74 102 154 165 213 169 141 147 132 99 62 51 76 132 68 46 44 45 45
44 46 45 45 46 46 49 54 63 78 91 114 138 96 94 108 94 84 56 47 54 61 52 44 44 47 46
47 50 48 47 49 49 58 79 136 206 193 209 216 178 165 159 131 131 88 52 56 81 58 46 43 46 53
52 52 54 50 52 56 75 141 242 252 230 260 280 211 210 203 255 241 172 82 76 97 63 47 46 47 60
47 49 47 46 48 52 54 121 161 115 152 153 118 114 137 152 210 203 116 88 59 59 53 45 44 45 46
46 48 46 46 44 49 62 142 187 106 133 112 77 80 90 110 122 99 81 72 50 52 48 44 44 44 45
54 61 51 53 58 69 126 400 520 388 293 209 138 140 180 229 202 149 125 142 73 67 62 45 47 49 47
58 58 52 51 58 91 153 293 410 301 200 155 114 127 168 191 152 124 97 93 58 60 56 46 46 43 46
48 49 44 46 55 54 52 60 70 75 69 60 56 63 75 79 54 50 47 46 46 43 45 48 43 43 44
65 73 59 58 76 92 65 60 65 67 63 63 62 65 78 81 61 55 48 49 45 47 46 42 43 43 44
170 162 116 115 160 212 164 122 114 112 98 98 96 92 96 108 95 78 59 50 45 52 54 44 44 44 44
105 105 90 90 90 119 100 103 113 98 92 107 104 95 98 110 103 85 65 50 47 52 44 44 49 44 47
52 58 61 54 59 68 66 72 80 69 72 77 70 66 70 81 74 69 52 44 47 45 47 48 44 43 48
85 107 79 78 63 70 88 94 101 92 109 104 85 76 76 91 76 71 53 47 48 50 54 44 43 44 46
149 182 143 118 116 159 178 192 144 151 175 182 134 116 113 122 103 82 64 65 55 65 55 45 46 47 54
