43 43 44 44 41 46 49 46 45 47 54 59 50 48 56 52 46 45 49 43 43 43 42 43 43 43 45
44 43 44 44 43 46 47 46 48 46 63 74 60 62 80 57 53 50 45 43 44 42 44 43 43 44 46
42 43 44 43 44 43 45 49 48 48 60 73 57 87 113 55 51 44 40 44 43 43 48 43 42 43 43
43 43 45 45 44 44 42 46 48 53 78 212 56 213 127 51 49 46 40 44 49 44 45 44 42 44 45
43 44 48 48 45 45 51 52 56 68 190 511 84 396 226 63 57 52 49 41 45 50 48 46 45 43 44
42 44 44 44 44 43 45 48 50 56 140 151 62 110 138 68 47 47 50 44 44 44 43 43 43 43 44
42 43 46 44 43 43 44 44 45 46 84 81 52 52 89 65 47 43 44 47 44 44 44 42 42 43 44
42 44 44 44 44 42 43 43 44 52 62 51 51 45 52 53 42 44 44 42 44 46 44 45 43 42 43
43 44 44 44 45 44 46 46 54 142 209 57 53 56 93 187 59 51 51 43 44 45 42 44 48 44 44
42 44 45 43 44 44 46 49 53 119 114 51 48 51 90 191 76 50 49 47 43 44 42 44 42 44 48
43 43 44 42 43 43 44 45 46 67 59 45 44 45 48 77 63 46 44 47 43 43 44 41 43 49 44
46 44 45 44 43 43 45 48 111 112 63 53 48 46 50 91 84 52 46 44 44 44 41 44 47 44 42
42 44 42 44 47 44 44 54 130 113 67 47 50 53 57 103 119 86 54 45 45 44 45 47 44 42 43
44 42 45 43 44 47 46 54 101 82 52 48 46 47 56 85 114 87 49 46 45 44 44 44 44 49 44
44 44 46 44 43 43 46 67 113 86 57 53 48 46 55 81 113 79 47 43 44 44 44 44 43 44 47
44 45 49 51 47 46 56 202 319 269 154 70 67 63 101 213 319 280 72 49 46 48 48 46 46 45 45
44 46 46 48 46 44 51 89 187 165 93 60 61 56 74 150 235 269 61 46 44 46 46 45 45 44 45
42 43 42 44 48 43 43 49 68 63 50 44 46 50 46 63 81 83 47 49 44 42 44 42 43 44 44
42 42 43 44 42 44 51 59 86 79 50 46 46 45 48 58 71 63 48 44 43 43 44 42 43 46 44
42 47 46 43 44 44 44 60 85 85 53 46 47 49 52 53 81 72 55 44 44 48 44 44 43 42 43
42 41 44 43 42 43 44 46 48 50 45 45 44 42 44 44 47 48 44 42 44 42 43 43 42 44 47
42 42 44 42 44 44 44 49 52 51 46 44 44 44 42 44 47 45 40 44 46 43 46 43 42 43 43
42 42 44 44 44 44 45 51 73 87 61 49 46 48 50 53 66 56 43 45 50 44 44 44 42 43 44
42 44 44 44 41 44 50 48 70 85 60 48 47 47 50 59 72 64 48 39 45 49 44 44 43 42 43
41 43 44 43 45 44 45 50 83 75 56 48 46 46 50 60 67 64 52 44 43 44 43 43 44 43 44
43 43 46 45 44 44 48 86 134 108 89 62 53 54 69 126 104 102 74 50 45 45 46 43 44 44 44
44 48 46 45 45 43 48 107 104 102 86 63 53 60 87 111 98 94 93 57 49 46 46 43 44 44 44
42 44 44 45 46 44 56 71 97 100 86 63 53 54 79 109 109 114 102 51 45 46 44 44 48 44 43
43 44 46 44 45 44 57 98 113 119 98 64 54 58 82 97 87 93 73 49 44 45 50 44 45 44 43
44 44 48 47 47 46 99 192 152 154 123 98 64 67 100 137 125 150 130 80 50 46 49 47 45 46 44
47 46 48 49 46 48 69 156 162 184 147 120 76 75 110 156 156 159 124 90 48 51 52 46 46 45 44
43 45 52 49 48 46 52 105 126 149 145 132 77 115 159 178 140 126 91 59 48 51 50 48 45 43 44
42 43 50 51 47 48 68 115 113 147 130 143 103 127 158 151 134 132 83 63 47 47 51 47 45 46 45
44 43 51 53 48 47 68 123 121 147 142 159 122 149 176 149 128 116 101 80 46 49 53 46 46 44 44
45 48 51 52 48 46 70 130 126 166 160 171 147 174 175 159 131 123 112 98 47 50 52 49 45 45 45
44 46 52 51 49 44 57 128 127 172 182 198 166 195 175 152 140 110 79 69 45 51 57 48 45 44 44
44 46 52 51 48 47 65 114 156 184 185 182 179 213 160 142 124 107 96 60 47 51 53 48 46 45 46
44 48 56 53 51 47 79 124 185 219 167 176 188 200 165 160 164 134 115 80 48 52 55 46 46 50 46
44 51 51 51 48 44 56 80 135 183 165 168 150 195 156 142 145 122 116 59 49 49 53 48 46 45 46
42 46 45 46 45 42 49 67 90 104 89 78 73 98 74 76 72 67 53 45 45 45 46 45 42 44 49
43 44 46 44 45 48 49 55 97 87 83 86 78 84 74 72 67 58 44 46 49 46 47 46 43 43 44
43 44 45 45 45 44 49 60 67 75 87 83 78 74 65 68 66 59 46 47 53 46 46 45 43 43 44
43 44 46 46 43 45 51 51 54 76 99 90 81 63 68 75 62 56 48 41 46 51 47 44 44 42 44
44 44 45 45 45 44 42 46 53 58 68 81 68 51 56 55 51 47 49 44 43 44 46 43 44 42 44
44 57 54 53 48 46 50 56 62 74 149 169 145 76 104 124 80 56 50 50 45 51 51 46 45 46 44
49 70 158 87 56 54 56 69 80 110 218 287 259 122 189 203 153 82 60 53 47 75 70 64 52 49 47
44 53 208 127 50 46 52 61 67 88 158 197 160 85 170 158 108 68 54 48 46 56 69 57 52 46 47
51 121 217 197 58 45 50 55 62 84 116 132 142 69 104 110 83 60 48 47 44 53 85 74 50 47 46
50 119 146 170 95 46 50 62 86 125 138 137 133 108 103 112 102 77 54 47 51 122 300 260 97 47 46
48 59 106 138 71 46 53 60 98 115 128 130 142 113 108 114 111 88 55 47 52 150 237 171 120 48 50
45 48 65 89 61 46 52 58 78 94 108 125 131 95 93 107 90 74 53 44 47 101 177 74 55 45 47
47 57 83 173 124 52 92 135 198 189 227 255 233 209 182 181 147 119 65 50 51 165 165 60 52 45 50
50 51 72 112 95 65 232 288 534 379 273 319 325 257 235 256 307 255 117 66 55 172 168 61 59 50 54
46 52 54 56 68 51 102 138 189 211 157 170 136 134 136 168 235 177 96 58 56 65 59 50 47 51 44
44 50 48 49 72 54 85 86 94 108 114 104 83 85 88 101 108 87 64 54 47 51 50 46 45 42 44
43 51 57 58 69 141 164 156 149 156 168 148 116 131 151 169 161 115 101 85 63 53 54 52 45 45 46
42 46 55 51 53 72 84 116 116 109 123 116 94 118 137 129 107 99 88 81 56 49 51 43 45 49 45
44 47 47 46 46 44 50 62 64 71 72 65 59 69 79 91 69 59 51 47 46 45 46 44 44 44 44
44 44 47 46 46 47 49 58 65 71 71 71 69 76 81 92 75 67 51 45 44 46 46 45 44 44 46
59 47 52 51 49 58 70 79 104 109 102 115 109 110 115 128 108 92 70 53 50 49 50 46 45 44 46
60 49 54 51 47 55 63 77 93 96 99 127 117 111 112 126 119 104 72 55 51 50 49 46 45 44 48
46 48 47 47 46 49 55 61 65 66 74 84 82 70 74 100 79 80 56 46 47 50 49 44 45 45 49
51 67 56 52 47 50 63 68 75 74 95 109 88 82 80 106 83 78 59 50 51 51 48 45 45 44 47
73 84 77 66 63 72 93 108 99 119 152 172 123 114 114 126 107 81 63 73 66 71 56 46 47 48 53
