42 44 41 43 49 43 43 44 42 43 46 45 45 46 45 46 47 44 42 43 42 43 44 43 44 43 44
43 46 44 43 46 44 44 42 44 49 49 47 46 44 48 50 45 43 43 42 44 44 44 42 44 44 44
42 43 46 44 46 42 46 51 47 51 78 63 48 50 68 101 63 44 41 43 42 44 49 44 43 44 43
43 43 44 44 46 46 45 49 54 51 143 191 54 56 174 152 53 46 44 43 45 46 43 44 49 44 43
44 44 45 47 50 49 50 56 63 63 291 509 66 67 334 164 58 50 49 43 49 47 45 49 44 44 45
44 44 44 46 47 46 50 51 59 97 247 160 70 71 171 185 76 51 49 43 47 48 46 44 44 45 45
42 43 48 44 43 44 45 50 52 80 74 64 48 46 61 65 71 46 47 44 44 47 44 42 43 43 44
42 40 43 47 44 42 44 44 53 59 47 46 49 44 47 48 49 45 45 44 42 43 48 43 43 43 44
47 44 42 44 44 44 48 50 89 88 50 50 47 45 48 55 79 54 49 44 44 45 44 43 42 44 47
43 49 44 44 46 44 47 62 121 100 51 48 51 50 47 67 104 77 50 45 43 44 44 44 43 41 44
42 40 44 48 45 44 46 60 77 72 47 46 44 45 49 52 81 78 49 45 42 43 44 42 44 43 44
40 44 50 44 44 45 45 72 87 56 46 44 45 48 46 46 67 66 45 43 45 43 44 40 43 48 44
44 49 46 47 50 52 90 294 288 134 64 58 59 59 59 91 258 306 114 49 48 48 44 44 45 44 46
44 45 46 46 52 53 102 254 274 126 64 58 56 56 61 111 281 353 146 55 49 48 46 44 44 47 46
43 44 44 44 45 46 68 94 90 57 49 47 47 48 48 66 114 152 66 45 46 43 44 44 44 46 45
43 42 46 51 49 52 184 156 149 110 56 53 52 54 57 108 171 170 142 49 46 47 44 44 44 44 44
44 45 43 46 56 56 159 147 135 98 56 53 51 54 61 105 177 207 177 59 47 47 44 44 44 44 45
42 44 42 44 50 46 64 72 66 52 47 46 46 48 47 59 100 128 89 52 45 44 44 42 43 45 44
42 44 44 42 45 49 50 65 53 46 45 44 45 45 46 48 54 61 50 44 43 43 44 43 43 44 43
43 47 42 44 48 58 78 128 101 65 50 48 48 49 54 63 80 119 65 46 46 43 45 44 43 44 43
44 46 46 43 45 53 59 82 72 52 53 48 46 48 51 55 93 114 59 44 45 43 44 44 43 44 45
42 43 44 43 45 43 47 59 56 44 45 44 44 44 43 46 51 54 43 44 42 43 48 44 42 44 43
43 43 47 47 48 52 68 110 110 57 50 51 48 50 51 66 103 88 54 46 42 45 42 44 48 44 46
44 45 47 46 49 52 104 117 128 70 54 57 50 56 55 91 100 108 83 44 47 44 44 48 44 43 46
42 44 44 44 46 48 81 80 92 63 51 48 48 48 54 78 86 93 71 46 43 45 47 44 42 43 47
43 43 46 45 45 54 98 100 89 60 53 55 49 50 59 83 85 68 61 48 46 46 45 42 43 44 47
45 49 49 53 61 143 294 261 259 189 98 78 74 100 163 247 239 194 152 70 55 56 48 50 45 44 46
47 49 49 55 66 162 298 275 252 211 150 89 78 180 211 292 323 287 259 120 65 62 47 47 51 46 47
44 46 46 46 50 80 122 126 117 99 85 59 58 92 104 141 138 131 101 61 48 49 46 44 44 44 47
43 44 45 45 53 86 79 85 75 76 74 56 58 73 71 87 76 76 84 61 46 54 46 41 43 49 44
46 45 47 47 57 76 90 97 89 89 75 68 72 100 86 105 84 88 79 65 64 62 57 47 44 44 45
44 44 42 47 55 59 79 93 91 87 70 60 83 97 94 102 79 75 70 53 49 46 61 48 44 44 44
45 44 47 48 54 63 90 155 149 153 120 114 133 140 140 125 99 76 56 49 52 54 46 45 48 44 45
48 61 81 62 69 69 147 245 262 257 225 273 246 259 259 236 170 142 85 61 63 67 54 46 50 46 46
54 166 85 65 71 75 148 243 246 280 264 287 261 327 237 205 169 148 101 61 67 74 132 45 46 48 47
45 49 48 51 56 64 115 125 140 161 158 127 158 188 148 105 98 78 61 51 53 63 61 44 45 44 46
43 45 43 46 53 60 89 95 84 96 88 66 87 102 80 71 69 71 53 52 48 48 46 42 43 44 46
45 47 48 47 50 56 102 101 90 119 81 70 83 95 82 79 77 71 52 46 48 53 48 45 44 48 45
43 50 44 45 49 48 59 73 85 85 74 69 74 92 78 71 63 61 48 45 48 51 48 44 43 44 46
43 43 47 43 46 47 50 61 77 68 55 62 62 66 66 66 58 51 46 43 46 45 44 44 42 43 47
44 47 50 52 57 60 67 118 167 158 133 154 226 172 119 116 88 63 50 50 59 63 51 44 44 44 44
44 45 50 62 55 54 56 71 118 128 126 100 159 130 103 89 70 55 44 48 78 97 47 44 43 44 45
43 44 47 54 46 45 51 47 53 63 58 51 59 60 62 53 46 43 45 40 52 64 45 44 44 42 43
42 44 70 132 91 49 51 60 70 102 86 69 72 81 71 66 51 49 52 50 86 110 53 43 44 43 44
45 45 88 172 127 57 55 63 77 100 95 81 76 86 80 78 60 51 50 63 104 172 76 43 44 44 44
46 48 59 186 195 63 54 59 69 102 95 86 76 95 89 82 59 55 50 51 110 225 67 45 45 43 44
43 45 49 157 197 56 53 53 63 94 101 79 64 80 89 71 54 50 51 49 110 266 48 45 49 44 43
47 51 65 360 277 141 81 97 127 196 256 227 186 246 218 184 104 73 61 78 283 438 69 46 42 46 51
47 48 55 84 186 95 78 98 127 182 249 225 174 229 174 161 106 72 59 75 229 265 72 43 45 49 46
48 44 45 49 63 49 50 55 66 68 88 76 66 70 70 64 55 50 50 48 67 60 45 44 44 41 44
50 47 50 64 131 69 66 95 102 91 106 107 90 99 93 90 82 63 54 66 96 74 48 50 46 44 44
46 44 49 93 215 118 115 148 136 121 123 126 128 109 116 118 102 97 70 84 147 115 54 45 46 45 46
46 44 48 67 142 92 157 200 191 140 128 135 110 122 124 121 119 130 87 86 122 71 49 45 46 45 44
44 47 46 54 82 67 98 145 197 151 127 97 82 88 93 96 103 76 64 56 65 54 46 45 45 45 44
51 57 58 75 191 248 327 437 466 437 362 334 221 243 243 287 268 196 135 140 116 86 56 47 47 45 49
50 57 56 69 123 268 306 362 372 377 354 277 216 250 284 333 255 183 142 173 97 81 55 46 47 47 46
44 45 46 48 53 66 89 96 104 94 109 79 70 90 116 127 92 71 55 54 50 51 46 43 44 49 45
44 48 43 44 48 45 52 58 58 62 61 56 61 71 75 85 61 55 49 45 46 46 44 44 42 44 49
48 46 53 51 58 59 67 80 93 119 112 113 106 125 139 145 98 71 59 50 52 53 46 44 42 44 51
54 46 47 48 54 59 68 80 94 107 111 114 112 117 108 118 94 69 54 50 57 52 48 44 43 44 49
49 44 44 46 48 46 51 54 58 61 63 68 68 66 62 68 61 58 44 46 53 46 47 44 42 44 50
46 50 46 47 47 50 61 61 65 63 72 78 72 63 67 78 63 62 59 43 48 48 47 43 44 43 50
71 86 76 69 64 68 100 126 134 127 161 168 130 112 115 151 130 100 76 59 62 64 48 44 48 46 54
80 77 78 70 71 79 107 131 128 134 153 173 122 106 101 114 94 77 60 64 63 71 50 44 49 49 59
