55 48 49 46 44 43 46 46 46 46 46 45 46 46 51 46 43 45 44 54 50 49 46 45 46 45 42
57 48 45 44 44 43 44 44 43 45 50 46 45 47 47 47 44 45 46 50 57 49 47 45 44 46 45
49 43 44 43 44 44 44 44 44 47 55 56 46 47 56 59 45 42 42 45 46 46 48 46 48 52 46
51 49 47 45 46 48 52 57 59 62 253 270 68 73 153 351 73 52 48 45 47 46 46 46 45 49 52
48 47 44 44 45 48 53 56 56 83 236 174 71 65 78 234 93 53 54 45 46 45 45 44 46 52 63
45 44 42 43 43 44 45 46 49 54 68 59 47 47 48 84 63 48 48 43 44 45 44 46 45 44 51
42 42 44 45 45 46 44 47 48 54 48 47 42 45 50 51 56 45 44 44 45 42 44 48 43 43 47
43 40 44 49 45 44 50 54 99 127 53 50 49 48 50 64 136 63 46 46 42 44 49 45 43 44 48
44 53 46 44 47 52 63 78 266 255 69 59 61 61 62 139 341 165 60 47 48 46 45 44 47 47 45
43 51 47 43 46 46 52 63 143 104 54 50 51 51 50 75 221 164 59 48 44 44 45 43 44 43 45
40 44 49 44 45 44 45 57 70 55 46 43 45 48 45 45 67 74 46 44 45 42 43 43 46 46 44
40 46 50 46 44 48 53 146 157 79 54 50 50 52 51 52 129 135 54 46 45 44 45 42 44 48 45
44 49 45 47 47 50 60 196 184 90 56 54 54 57 59 74 214 313 96 50 45 46 45 44 42 45 45
46 45 44 46 44 45 50 74 83 60 48 45 47 46 49 57 125 152 56 43 44 44 43 44 42 44 47
43 44 44 41 46 51 64 101 97 54 47 47 46 47 52 51 87 120 60 44 50 44 44 44 42 43 44
44 50 46 44 48 61 111 257 219 108 61 59 58 60 59 85 258 271 102 49 47 47 44 44 44 45 46
43 46 44 46 48 46 59 82 85 54 48 47 48 45 49 59 116 149 70 47 46 48 44 42 43 46 45
42 43 44 43 45 43 42 46 47 44 42 43 44 43 44 41 44 48 44 46 45 45 44 42 42 44 44
42 44 45 43 46 45 47 49 46 44 44 44 44 44 42 46 48 52 44 45 44 43 43 42 43 47 42
43 47 46 42 45 44 46 48 47 45 45 50 44 44 46 47 50 59 45 44 44 44 44 43 43 45 41
43 44 45 41 44 43 44 46 43 44 49 44 43 43 43 44 46 48 46 43 46 44 43 43 43 43 44
43 44 43 42 44 44 44 51 48 44 44 44 44 43 44 45 49 48 41 44 44 43 48 43 42 44 43
42 44 44 44 45 45 47 82 77 50 45 47 46 47 48 49 69 59 46 40 44 42 44 48 44 42 43
42 46 44 43 46 48 60 89 88 59 50 49 49 50 52 66 106 94 51 42 44 42 44 48 44 43 44
43 46 46 43 45 54 94 103 107 67 53 49 51 53 56 68 85 70 58 43 45 49 44 44 45 42 44
46 57 51 51 53 165 264 245 255 199 104 79 75 100 191 246 225 191 139 55 49 48 47 51 46 44 45
45 52 53 50 51 130 245 190 190 166 101 74 76 110 168 226 220 183 165 72 46 51 51 48 44 46 44
47 52 46 43 48 76 108 118 98 76 61 55 57 61 80 111 127 121 101 54 46 47 46 44 45 44 46
46 67 50 46 77 293 302 270 238 202 137 86 91 146 199 220 177 163 119 62 50 54 49 45 46 47 46
44 63 57 47 102 262 255 254 209 216 165 112 125 206 184 216 191 208 186 103 53 60 46 45 46 45 45
46 64 52 48 59 128 195 255 202 232 174 131 180 221 195 236 217 213 189 107 60 67 55 45 46 45 50
48 67 56 54 70 135 215 239 231 227 190 178 221 251 216 244 202 204 131 68 51 56 51 46 45 47 47
46 98 114 65 86 103 165 252 227 235 200 203 229 236 202 230 172 195 175 135 52 57 50 46 50 46 46
56 1237 303 55 58 91 161 248 231 241 220 232 260 255 240 214 165 161 123 67 56 63 94 47 46 46 47
53 82 58 52 57 74 159 259 235 253 244 238 270 318 245 177 150 120 76 63 55 64 104 46 45 46 46
50 73 53 50 64 113 263 298 270 295 288 268 309 300 238 203 177 149 74 59 53 95 60 45 45 46 48
46 62 51 50 54 115 215 221 210 213 194 155 207 251 183 161 142 130 72 58 57 231 50 44 45 46 46
46 56 51 49 52 68 103 149 154 174 93 99 116 152 132 124 108 88 55 48 50 72 60 47 44 44 42
43 47 45 44 44 47 54 71 93 75 59 60 57 78 78 72 61 56 47 44 46 52 48 45 44 44 42
44 47 47 43 48 51 66 84 97 80 67 63 68 67 75 82 74 52 53 45 46 47 44 43 44 44 44
44 48 44 45 46 47 52 53 81 88 63 58 62 71 64 62 54 48 42 44 47 50 47 44 42 43 44
43 43 44 46 44 44 44 45 54 48 46 47 49 46 47 42 44 43 43 40 44 50 45 46 44 42 44
42 43 43 48 46 44 44 44 47 46 50 44 44 45 45 45 43 43 44 40 44 57 48 46 45 42 44
41 43 44 53 49 44 44 43 45 47 45 42 44 44 45 44 43 43 44 44 46 50 45 42 43 43 44
43 40 43 56 51 42 44 43 44 44 45 44 44 46 45 43 43 42 43 46 45 49 44 43 43 43 44
45 43 45 271 96 43 44 45 46 46 44 45 51 46 45 45 43 44 43 44 45 61 48 44 42 43 43
43 47 45 92 78 44 46 46 45 47 51 45 46 46 46 46 45 43 46 43 46 187 48 44 50 47 43
43 44 47 122 79 50 45 46 44 48 54 47 46 46 46 46 46 44 44 48 55 96 45 41 44 48 44
48 47 51 82 142 63 51 54 56 65 76 68 55 58 58 56 44 48 47 48 130 263 59 44 45 43 44
44 45 46 48 60 46 47 49 51 52 56 58 57 50 52 49 47 45 45 43 69 78 47 44 41 44 49
45 49 46 50 84 51 60 68 86 99 98 108 101 99 92 80 67 55 49 46 63 58 46 42 44 49 45
48 63 52 51 170 86 133 193 231 218 229 266 240 223 201 173 138 102 71 61 106 84 53 50 50 47 47
46 52 44 45 61 54 82 103 148 123 103 107 90 87 97 98 83 70 54 47 58 49 46 45 41 44 52
44 51 48 50 60 57 81 116 173 156 130 100 84 90 95 98 101 68 59 49 46 48 44 43 44 45 45
52 84 57 54 135 205 321 419 458 440 372 380 287 279 255 315 301 213 110 109 77 68 54 47 47 47 49
50 74 54 52 78 175 221 294 324 358 328 264 179 225 269 332 252 168 105 107 63 62 51 45 46 46 48
44 49 46 42 50 66 77 84 96 93 110 71 65 77 101 98 81 68 51 48 46 45 44 44 44 44 45
52 61 47 46 54 60 77 100 124 159 158 130 123 147 166 188 126 93 61 53 48 49 46 45 44 45 47
51 63 56 46 63 71 95 124 146 195 194 197 174 224 265 277 175 115 81 58 51 54 47 45 45 45 47
55 55 48 46 51 54 65 76 86 105 112 128 123 128 134 139 104 74 58 49 55 48 46 45 42 44 46
52 47 45 45 45 49 55 56 59 60 65 72 78 71 69 75 66 58 52 43 47 49 46 47 44 43 45
57 68 52 50 55 63 78 92 105 99 124 162 139 126 133 170 128 102 90 50 53 60 49 45 47 44 47
97 93 81 64 70 70 101 130 144 132 165 198 166 145 156 191 148 128 100 70 56 70 56 44 46 48 52
72 58 58 49 56 57 67 74 78 81 90 96 84 81 74 81 69 56 53 56 52 54 50 45 47 50 56
