44 43 44 57 46 49 47 46 44 45 44 44 43 44 55 57 45 47 44 43 50 45 44 44 44 44 49
44 43 47 46 48 50 48 52 48 47 46 49 46 44 76 96 55 46 45 43 46 46 44 44 42 46 51
42 42 44 43 45 47 46 47 46 48 45 45 46 45 72 53 44 44 40 43 48 43 45 44 42 43 44
42 42 44 44 44 44 45 46 65 94 57 59 65 62 50 47 44 44 40 43 49 44 43 44 42 43 45
45 48 48 48 46 51 58 61 85 913 544 240 387 235 66 63 56 56 54 47 49 52 50 49 49 45 47
45 47 48 48 49 47 53 61 93 925 613 155 296 237 121 59 57 56 58 53 48 48 48 48 48 45 46
42 43 43 44 43 43 44 44 46 63 57 51 48 46 60 44 43 41 44 48 45 42 43 42 43 44 43
44 47 44 45 45 43 46 47 54 62 62 51 53 51 87 51 44 44 45 41 44 49 44 43 44 43 44
42 44 44 45 46 44 52 53 58 68 74 57 51 61 183 116 51 46 49 49 46 42 44 44 45 44 41
42 43 44 46 45 46 46 45 48 55 51 48 44 47 134 134 50 46 47 47 44 43 44 45 42 43 47
42 42 44 42 46 44 47 44 46 53 49 45 43 44 64 93 62 45 45 46 44 43 44 42 43 46 44
49 45 45 46 45 46 48 51 74 59 50 51 47 48 124 190 212 68 53 50 47 45 46 46 50 44 42
44 46 49 46 47 47 48 53 84 58 50 48 48 53 130 190 245 128 62 54 48 50 47 47 47 43 44
42 40 44 47 45 45 45 44 52 55 46 46 43 44 55 97 105 77 50 48 44 44 45 44 44 44 44
47 44 44 44 44 44 46 46 49 46 46 50 46 44 51 107 131 110 57 46 45 45 45 46 42 44 49
45 51 49 48 49 48 51 51 86 86 53 53 55 53 80 211 284 283 104 65 48 48 51 51 49 45 45
45 44 46 48 47 48 48 47 58 63 50 49 46 48 57 126 207 225 86 59 46 46 47 48 47 42 44
42 44 46 44 46 44 43 44 45 46 45 42 44 49 45 51 84 88 48 48 45 42 44 44 44 43 41
43 44 44 44 42 45 50 47 46 48 45 46 46 44 48 58 102 113 59 49 45 45 46 44 44 46 44
43 46 42 43 45 43 45 45 46 48 45 43 44 45 47 49 61 81 60 45 45 43 44 44 43 43 46
43 42 46 43 44 44 45 44 42 44 44 43 44 47 45 44 45 47 49 43 44 46 44 42 43 42 44
46 44 43 43 43 43 44 43 44 46 44 45 44 42 45 44 45 48 52 42 44 44 44 44 44 43 46
43 50 47 43 44 44 45 44 44 44 45 44 44 46 44 45 46 55 57 46 47 44 43 43 42 43 48
43 45 45 45 43 44 49 44 44 44 44 44 45 43 45 50 47 60 66 44 44 48 45 42 43 42 46
42 46 44 44 44 42 46 44 45 44 45 44 43 44 45 43 52 60 64 51 44 43 44 44 44 42 45
44 46 44 46 46 47 49 47 49 51 48 49 48 47 48 57 110 133 149 102 54 46 47 45 45 45 44
45 46 47 46 47 47 52 50 51 51 51 51 49 50 51 74 138 145 162 188 89 46 48 46 46 45 43
43 45 45 45 47 46 48 49 49 51 48 47 47 48 48 61 94 119 143 142 65 46 47 46 47 44 42
43 43 45 44 45 46 47 47 47 47 49 47 45 46 47 66 85 95 87 95 53 46 49 45 46 44 42
49 55 60 52 50 52 54 61 68 68 65 65 51 55 60 110 117 126 117 134 83 48 48 48 47 46 45
56 54 64 60 53 56 63 83 86 88 83 83 61 62 88 161 138 141 122 145 83 50 55 50 49 45 44
45 46 53 47 46 48 50 66 69 69 61 59 54 72 85 124 111 119 103 117 54 53 48 47 47 43 44
51 56 63 63 57 56 68 110 140 146 123 128 124 156 152 163 129 135 123 139 68 53 53 57 51 46 46
60 70 85 63 56 56 87 127 157 176 144 163 156 210 184 154 122 125 136 120 73 53 58 53 52 46 45
48 56 52 52 52 52 67 99 120 155 139 153 154 213 163 146 128 130 136 132 61 51 53 52 52 45 46
45 47 49 47 49 52 56 69 78 91 95 116 109 133 134 115 108 102 93 84 52 48 51 49 46 44 45
51 53 61 60 59 67 78 91 98 119 110 117 139 167 116 109 106 100 107 106 54 49 50 50 49 45 46
46 62 69 68 77 72 86 94 99 116 101 111 129 150 123 112 125 109 110 104 54 49 51 49 50 49 46
45 53 50 49 52 50 58 75 74 80 79 74 74 92 93 106 102 91 94 75 48 47 48 48 44 45 44
49 60 57 63 59 61 65 81 84 95 82 78 69 69 81 104 101 78 77 67 48 47 48 49 46 45 49
61 104 104 91 94 102 99 116 117 108 105 99 86 79 80 99 100 93 102 95 57 50 54 54 49 46 46
50 60 59 63 64 68 74 82 83 77 78 67 63 56 52 58 64 64 77 57 49 47 48 47 47 45 48
50 46 45 47 49 50 54 56 52 54 54 55 50 43 46 51 46 50 52 45 45 47 46 44 44 43 46
49 72 70 76 70 82 74 86 71 75 63 65 60 49 50 54 73 67 59 50 45 47 49 49 48 42 46
78 109 103 113 113 115 100 102 93 92 82 84 80 58 59 86 104 97 73 61 50 61 65 88 68 53 44
53 57 62 63 61 67 65 70 63 65 65 74 62 49 54 74 93 90 60 51 47 51 56 102 95 60 50
44 47 50 52 54 57 64 69 64 66 68 64 62 51 53 69 85 83 58 50 45 48 56 106 173 47 44
68 98 112 125 133 153 129 136 107 103 116 119 103 67 82 134 176 161 113 68 56 62 93 455 502 85 46
63 76 70 85 116 117 106 117 107 109 113 104 98 65 76 129 156 159 116 62 55 66 204 317 355 70 46
46 49 49 51 59 67 67 74 71 79 75 70 66 55 58 79 104 98 76 50 49 63 136 162 104 50 44
56 73 72 78 91 109 112 115 115 107 102 101 84 67 80 135 171 166 134 64 63 158 269 144 67 47 46
74 107 138 175 157 167 177 177 148 141 141 149 104 81 109 171 175 215 216 95 125 368 355 181 81 59 49
50 57 64 75 73 81 117 119 116 106 94 99 71 63 72 117 165 215 225 117 153 209 212 78 60 51 46
46 54 50 57 56 62 76 74 74 72 63 64 53 52 50 62 82 109 130 122 111 85 72 50 49 46 46
79 101 92 110 133 168 175 163 156 145 132 135 78 74 88 163 252 287 271 301 204 121 71 65 63 51 49
70 102 104 106 131 221 200 159 159 148 140 133 86 81 113 253 321 317 299 362 166 110 74 69 67 51 49
48 52 54 59 59 71 90 80 87 80 80 69 57 57 66 119 151 182 175 146 69 56 55 53 52 46 48
49 47 49 48 53 51 55 56 62 62 60 63 51 51 56 71 66 66 69 71 48 45 47 46 46 46 51
67 60 55 51 60 67 65 67 68 78 80 76 65 71 83 102 86 78 69 65 51 48 48 49 53 48 54
98 74 54 56 56 60 67 65 74 76 76 78 72 82 86 96 90 75 76 64 55 49 49 52 48 53 62
64 51 48 52 47 51 51 51 54 57 58 61 65 66 69 78 69 73 64 58 49 47 49 47 46 53 72
49 54 46 48 51 49 52 54 51 53 60 64 70 60 71 86 68 69 72 55 48 47 48 44 46 53 61
70 73 63 63 51 57 71 76 74 76 101 119 106 103 106 153 127 96 71 65 56 66 53 52 56 51 56
74 78 71 63 62 64 75 83 77 93 114 142 117 120 112 135 109 92 69 72 68 77 59 55 59 55 54
