43 43 44 46 45 42 44 44 44 45 53 47 55 49 46 49 61 45 45 44 49 44 43 43 43 44 44
43 44 49 47 45 45 45 45 47 46 51 74 143 104 56 96 248 54 50 46 49 50 46 44 44 45 45
47 43 42 44 44 44 44 44 45 46 47 67 110 51 57 95 77 46 46 41 45 42 44 48 44 43 45
42 43 43 43 44 43 44 41 45 51 47 52 57 49 55 50 46 43 46 43 44 44 41 43 48 44 43
42 44 44 43 44 44 47 48 56 69 100 72 125 130 87 52 49 46 49 45 45 45 42 44 49 44 43
43 44 44 43 45 46 47 59 134 134 111 93 144 124 97 52 49 48 48 47 43 45 50 45 43 44 42
43 44 39 44 50 44 45 61 229 85 60 50 54 50 60 46 44 44 45 44 44 44 42 44 48 44 43
42 44 39 43 51 46 47 98 302 61 49 47 49 48 76 56 44 46 47 46 45 42 45 49 44 44 44
42 44 49 44 45 50 65 66 94 67 59 50 57 62 235 206 63 54 56 51 50 46 44 47 44 44 44
41 44 49 44 44 45 45 49 50 49 49 47 51 55 168 238 76 69 57 48 49 50 46 47 44 42 44
41 43 43 43 45 44 44 43 44 47 45 43 45 45 53 82 66 52 48 44 45 44 44 42 43 44 43
45 42 44 49 46 44 48 46 46 47 46 46 48 50 65 96 98 110 54 47 46 45 44 45 42 43 47
44 49 49 44 46 46 43 46 51 47 48 49 51 56 75 94 122 183 81 54 47 46 47 46 44 44 42
44 44 44 44 44 45 48 46 48 47 46 46 50 51 60 91 116 168 114 55 47 46 47 44 44 46 44
43 44 43 44 46 45 48 45 44 45 46 47 49 45 54 68 113 132 72 48 47 48 46 43 43 44 44
46 48 45 51 52 52 59 65 77 83 81 92 84 103 109 157 361 375 318 104 63 59 57 50 46 45 45
46 46 47 46 48 53 53 59 63 71 71 85 83 105 100 136 323 386 343 119 67 58 56 51 44 45 50
43 44 43 43 45 44 46 45 46 49 48 47 49 51 51 78 107 130 93 53 53 46 48 45 42 43 44
43 47 44 45 46 48 55 55 61 61 58 58 54 61 69 59 82 99 96 71 51 46 45 44 43 43 44
45 45 47 50 48 54 65 68 74 76 64 71 71 68 88 62 58 95 123 92 52 48 46 45 44 43 44
43 45 47 44 43 45 45 47 47 46 49 53 50 46 50 47 47 61 77 70 56 47 45 42 43 43 43
45 44 44 43 45 48 46 45 44 49 51 47 46 46 46 46 45 48 58 53 46 44 44 47 44 42 43
46 49 52 46 50 58 63 67 82 87 90 75 69 64 75 57 55 63 124 125 60 51 44 45 49 44 43
47 45 46 46 46 49 51 54 61 58 63 64 61 57 69 56 61 77 172 136 71 55 46 46 48 44 44
43 43 44 43 44 45 45 46 44 46 51 49 47 48 49 53 57 73 99 69 52 47 51 44 42 43 44
44 44 42 46 54 52 51 55 53 60 59 56 58 59 72 86 86 100 104 89 89 55 53 46 43 44 44
46 51 54 51 62 71 72 73 73 80 77 73 72 86 83 102 98 92 99 122 161 109 51 52 45 44 45
44 45 50 45 46 47 48 50 51 53 55 57 57 63 81 91 152 126 114 150 168 114 52 47 44 44 45
43 43 44 44 43 45 50 47 46 47 46 48 50 57 60 69 82 107 89 75 68 59 48 46 44 42 43
46 51 53 49 50 54 60 74 75 82 79 92 87 109 103 140 153 174 168 160 116 69 55 49 45 45 45
48 46 49 51 52 55 63 79 83 106 107 127 124 145 139 213 193 217 182 182 146 90 60 54 47 46 47
46 46 48 45 48 49 49 53 57 56 62 77 89 113 104 167 173 188 141 142 144 59 54 50 43 44 49
45 46 44 45 45 47 57 61 69 79 78 90 84 114 95 107 123 140 94 98 77 63 52 46 45 49 44
50 67 54 54 49 47 64 92 85 90 81 88 94 134 84 96 94 103 100 80 78 172 55 49 46 42 44
46 47 44 49 52 48 56 80 79 90 86 93 120 158 88 110 99 102 104 98 86 84 64 48 45 44 44
44 45 46 42 46 51 49 53 52 56 60 77 121 109 120 124 119 118 99 99 65 57 52 48 45 44 44
47 47 48 45 49 61 61 70 71 75 85 106 161 157 150 146 138 127 128 144 65 58 55 50 44 44 45
47 48 49 50 56 59 77 87 83 86 80 102 180 218 161 169 160 136 139 107 65 60 57 53 46 45 46
45 44 46 43 46 47 48 51 48 56 64 66 93 131 108 112 102 110 109 67 52 51 49 47 45 44 46
46 47 48 46 47 47 49 53 53 52 58 69 70 72 64 67 94 63 84 60 48 48 48 44 44 43 44
49 63 61 59 70 74 76 107 94 78 82 78 73 76 72 86 74 70 71 60 51 52 54 49 46 43 46
44 49 46 49 56 64 62 75 76 77 74 67 74 67 61 66 67 65 69 61 51 49 52 47 49 45 44
44 44 44 44 45 46 47 49 48 48 50 53 55 56 54 64 70 71 68 54 47 46 47 45 46 44 44
44 46 46 46 49 56 56 63 63 72 71 78 79 72 58 80 95 84 82 61 50 49 53 47 44 44 46
58 66 49 55 83 100 103 132 127 129 127 131 133 119 98 117 147 157 139 87 63 69 69 64 50 46 49
46 48 43 47 52 52 52 56 59 61 65 79 95 105 82 119 158 162 111 68 57 62 62 66 53 44 45
43 44 48 45 44 46 46 47 47 48 48 51 63 67 61 81 98 86 69 51 49 48 51 45 47 49 44
57 52 50 61 67 74 81 90 78 74 79 102 101 104 79 112 131 119 115 65 54 58 74 90 86 49 49
53 56 51 55 74 78 85 99 91 95 99 104 107 93 78 108 127 124 125 72 57 67 184 203 128 47 48
46 50 46 46 48 48 51 53 53 56 57 64 85 81 66 96 122 116 111 72 51 60 129 164 73 45 45
51 52 54 48 55 58 65 76 77 81 93 110 127 103 91 169 206 180 170 100 65 133 236 145 60 46 45
62 66 59 64 90 108 172 178 145 144 156 187 173 160 134 251 235 263 264 166 125 387 453 257 83 55 48
48 54 49 50 58 59 74 85 82 84 93 125 129 104 84 136 181 253 235 136 168 268 305 131 62 48 46
44 46 42 45 52 47 48 49 48 49 51 52 55 60 53 58 64 101 98 85 125 108 93 50 46 45 44
64 68 62 55 87 100 108 97 101 96 106 114 94 98 76 105 174 226 232 319 181 142 76 57 49 45 46
76 90 84 93 148 228 212 154 151 136 144 154 133 138 109 214 314 347 330 429 228 197 109 66 51 48 48
50 60 51 53 73 79 84 80 82 78 77 86 84 85 77 137 231 287 302 302 174 97 75 58 50 46 44
46 45 46 45 50 49 49 50 55 51 50 52 52 54 56 72 89 116 117 152 71 56 52 47 45 42 45
56 59 52 49 56 55 58 60 61 65 61 67 72 78 96 149 178 247 237 236 103 67 64 56 47 46 48
91 70 54 50 50 55 62 59 64 64 62 72 81 87 102 146 168 187 196 184 101 83 68 60 46 45 48
60 51 48 45 47 47 51 54 51 53 54 56 64 68 78 113 124 131 100 97 69 75 59 58 47 47 54
54 48 45 45 46 47 49 49 49 51 52 56 59 59 71 98 91 98 91 74 63 60 58 48 48 48 47
65 70 58 56 50 52 61 63 66 59 73 81 79 87 107 175 139 121 85 72 68 70 62 53 45 50 50
75 72 64 56 61 64 68 76 69 70 85 107 92 115 135 174 139 107 78 80 80 97 80 56 48 51 56
