44 48 44 43 44 42 43 43 43 44 42 44 49 46 44 46 45 55 45 50 62 47 44 44 43 43 44
42 40 43 42 44 47 44 44 44 42 45 44 51 49 48 50 53 54 50 57 62 49 43 44 48 44 44
43 42 44 46 44 44 44 42 43 43 45 44 44 46 52 52 50 53 56 55 70 51 43 46 44 43 44
43 41 44 48 44 43 44 42 43 44 44 44 43 45 47 45 44 52 54 48 58 50 43 43 43 43 44
42 44 42 44 47 43 46 44 43 44 46 47 49 46 48 53 51 132 174 70 175 112 48 44 44 43 44
43 43 45 44 44 45 47 47 46 46 48 55 56 57 60 57 69 334 462 112 359 203 58 51 47 43 46
42 42 42 43 44 43 44 42 43 48 45 44 46 45 46 46 53 95 91 67 87 88 49 44 44 44 41
42 43 44 43 46 43 44 41 44 42 44 48 45 43 44 44 46 53 61 47 53 51 51 43 43 44 41
42 43 44 43 45 41 44 48 44 43 44 44 46 47 46 60 85 59 54 61 50 93 70 46 44 44 42
42 42 43 44 44 44 44 41 44 48 45 45 47 48 51 76 106 59 50 63 64 163 111 46 45 45 44
42 42 43 43 44 44 42 44 46 44 43 44 45 45 47 54 54 46 45 42 47 88 81 48 44 42 43
42 43 42 43 44 43 44 43 43 44 49 44 44 44 57 68 45 46 46 45 49 72 66 44 43 44 44
43 43 48 44 43 44 44 45 44 43 47 53 51 56 162 157 63 53 50 50 54 176 169 60 45 43 44
42 40 44 47 45 43 44 44 44 45 46 48 50 58 127 108 53 48 50 54 54 187 200 76 45 44 44
45 43 42 43 43 43 44 43 44 46 44 45 45 46 58 52 44 44 48 42 46 86 91 53 46 44 44
43 47 44 43 44 42 45 46 44 45 50 51 54 135 162 131 61 50 54 52 78 136 155 85 50 44 44
43 44 44 43 44 44 47 50 42 46 54 56 61 176 162 193 79 56 57 63 136 251 250 167 48 50 46
46 43 44 43 43 43 44 45 44 42 46 53 49 78 86 71 44 46 48 48 68 140 159 73 45 43 45
43 43 46 43 42 43 43 44 43 42 45 50 47 63 70 52 43 44 44 45 54 89 87 54 44 44 44
43 43 43 43 44 44 44 47 44 42 45 46 50 76 89 66 47 46 47 51 58 104 99 56 45 49 44
42 40 44 41 44 48 44 43 43 42 44 44 46 56 63 50 44 43 44 46 49 65 58 51 49 44 43
43 40 43 48 44 42 43 42 43 44 44 44 44 48 54 45 42 43 44 45 46 51 46 43 43 44 43
42 40 44 48 44 42 44 42 43 44 44 45 48 58 55 46 42 45 46 45 47 60 46 44 44 43 44
42 43 41 43 48 43 44 44 42 43 45 47 52 71 54 50 44 45 48 51 51 64 52 48 44 43 43
42 43 41 43 49 43 43 44 42 43 44 47 53 62 49 46 49 44 45 45 47 56 47 52 44 42 43
42 45 42 43 44 43 44 41 44 49 46 58 76 77 63 48 46 51 49 47 58 69 49 47 45 43 44
43 46 42 44 45 44 46 45 45 51 58 102 119 141 108 60 54 60 66 86 160 188 110 53 46 45 44
42 44 44 44 45 42 46 53 45 46 57 102 130 148 100 63 58 60 68 106 153 216 141 54 46 45 44
43 43 42 43 44 43 45 45 44 46 48 58 71 101 69 51 47 52 50 65 71 80 64 46 43 44 44
42 43 47 44 43 44 46 46 47 48 79 115 99 108 78 59 53 52 93 74 83 97 72 54 46 43 44
43 44 44 44 44 44 46 49 46 53 111 149 143 146 95 70 56 70 102 110 113 134 108 63 51 45 46
44 44 47 44 43 43 46 50 48 49 90 155 138 163 98 63 59 69 116 118 117 135 79 61 51 45 46
42 42 45 44 45 44 47 53 46 56 100 121 107 155 110 85 66 98 115 99 101 104 60 51 47 45 46
45 44 45 47 45 43 62 96 50 88 112 159 147 167 151 145 104 127 118 123 129 159 124 62 49 56 52
44 46 45 44 45 44 74 64 52 89 123 165 161 205 172 155 129 138 142 134 132 173 157 69 55 90 143
44 44 44 43 44 44 49 53 45 54 97 150 151 198 177 127 127 118 108 111 98 127 94 56 50 66 59
48 44 44 43 43 44 47 50 46 51 79 106 138 161 133 118 115 104 102 100 85 86 61 54 48 51 46
48 44 44 44 43 44 48 51 48 61 97 136 129 147 121 125 128 113 108 104 102 114 79 66 49 47 47
45 41 44 42 45 48 47 50 46 58 93 129 133 146 112 119 111 99 121 119 109 127 70 62 56 50 47
43 40 44 42 44 47 46 46 44 44 56 77 87 89 81 78 78 71 76 91 76 59 47 51 59 46 44
43 42 44 48 44 43 52 59 49 48 54 102 122 114 81 90 81 74 87 110 67 58 54 72 67 46 45
44 43 44 47 45 43 91 122 57 52 54 71 96 99 84 86 83 89 101 103 74 66 71 216 148 57 46
43 44 42 43 49 44 61 94 48 46 47 50 74 76 54 56 55 59 74 60 49 51 67 174 86 45 45
43 44 42 44 48 43 61 83 47 45 45 46 57 63 50 49 58 53 52 49 45 46 52 96 63 45 44
43 46 43 44 45 44 172 263 100 52 51 60 106 115 75 71 108 100 80 63 56 61 84 223 138 43 46
44 49 45 45 46 43 165 309 128 51 56 76 157 159 109 100 138 135 111 76 65 75 156 519 265 47 52
43 44 44 42 45 48 86 182 70 46 49 60 93 98 83 72 100 90 78 59 58 56 75 219 97 50 45
44 44 45 42 45 50 69 154 78 47 56 73 121 140 111 102 132 118 105 69 63 60 60 95 61 46 46
44 45 45 44 43 46 93 111 72 54 71 105 173 167 124 129 142 141 165 112 71 72 90 119 80 47 46
44 44 45 44 42 44 57 65 50 49 68 93 165 145 115 127 154 137 146 127 74 69 77 97 70 44 46
42 44 44 44 45 42 47 59 47 49 60 77 96 101 96 101 107 95 102 105 71 59 61 79 62 44 45
46 46 42 46 44 46 51 75 53 67 116 166 178 174 167 180 159 171 206 222 166 130 99 131 71 47 52
47 47 47 47 46 45 56 69 56 130 184 358 259 191 197 198 193 206 268 347 285 246 195 160 69 49 63
44 45 45 45 46 44 50 55 50 66 130 333 176 124 110 116 128 132 148 176 161 124 110 76 53 46 47
44 43 44 43 44 44 48 50 46 58 88 140 108 96 79 77 101 102 99 103 87 79 68 58 47 47 49
49 44 44 44 45 44 49 52 48 58 79 116 132 114 106 103 142 143 136 162 101 104 73 56 49 50 53
48 44 44 44 43 44 46 49 46 46 56 72 73 84 105 106 110 120 104 93 73 61 58 57 46 44 46
44 41 44 41 44 48 46 47 46 48 55 65 64 70 85 98 91 85 95 76 60 55 51 59 46 44 46
45 42 45 42 44 48 47 50 48 50 59 68 75 89 107 136 110 109 110 92 66 63 52 57 52 47 46
54 43 48 50 46 45 58 60 60 62 73 87 105 132 142 188 170 163 153 110 83 80 68 61 48 51 53
57 50 45 44 45 43 50 56 51 55 63 76 91 97 119 164 180 183 125 92 72 85 72 62 49 48 52
44 46 49 45 45 45 47 52 48 50 58 63 69 71 91 144 142 149 109 76 65 74 64 54 47 51 51
51 65 54 50 46 49 55 58 53 50 64 73 75 86 104 186 173 170 103 85 81 97 63 53 49 55 51
85 87 66 66 63 61 71 74 60 59 80 91 91 110 134 208 240 177 106 107 101 130 78 65 52 51 55
