43 42 43 44 43 43 41 43 48 45 44 44 44 43 45 46 43 43 42 43 44 43 44 42 44 48 46
43 40 43 43 44 46 44 42 45 50 48 46 43 44 53 48 45 42 43 47 44 43 42 44 48 45 44
44 42 44 48 46 43 46 46 49 67 96 71 54 51 75 107 82 45 46 46 45 44 44 48 44 44 45
45 46 48 48 52 51 59 69 68 79 394 427 78 88 455 405 72 56 49 49 47 53 51 45 45 45 45
43 43 44 45 46 46 46 51 55 57 111 200 68 68 161 117 53 46 46 43 45 46 44 43 42 43 46
42 44 43 43 48 44 43 46 48 54 52 51 49 55 51 49 53 45 45 44 43 43 44 43 44 47 46
43 48 43 44 46 45 48 63 70 148 81 61 57 54 57 72 105 55 49 45 45 44 44 44 44 44 45
43 46 44 44 46 42 48 58 75 118 56 50 50 51 51 78 158 54 48 44 45 44 44 44 42 44 49
42 43 44 41 44 48 46 47 54 51 47 46 46 44 45 48 68 46 40 43 49 43 44 43 42 43 44
41 43 44 44 45 43 47 77 100 79 48 45 47 46 46 50 83 73 44 44 50 44 43 43 42 43 44
42 44 44 45 44 47 58 140 122 130 50 48 49 50 51 62 118 139 56 42 45 50 45 45 44 42 43
43 43 44 44 48 50 46 102 98 67 47 46 45 46 47 50 91 122 66 45 44 44 42 43 44 44 44
44 44 44 44 44 44 46 61 66 49 46 49 45 43 45 46 76 72 48 49 44 44 44 42 42 44 45
45 45 46 46 51 54 114 282 255 106 59 54 54 59 60 77 172 244 104 55 48 47 46 42 44 44 44
44 46 45 46 52 56 164 251 223 131 65 58 57 60 65 134 290 363 231 52 51 50 43 45 51 45 44
43 44 44 44 45 47 65 91 92 52 48 48 47 46 48 59 129 156 83 46 44 44 46 44 44 44 42
43 42 46 44 46 51 112 101 112 55 50 48 46 48 50 53 110 130 70 45 46 44 44 44 44 46 44
47 44 45 44 47 51 115 104 106 60 52 50 52 50 55 62 134 142 107 51 46 44 45 46 44 44 45
46 44 42 43 44 44 53 58 54 48 46 45 45 43 45 48 57 60 58 45 44 45 44 46 44 42 44
42 40 44 44 44 47 46 46 46 44 44 44 44 44 44 48 44 46 47 42 44 46 44 44 43 42 44
42 40 44 46 45 56 56 69 61 48 46 46 42 46 52 47 55 57 48 45 44 44 44 43 46 44 44
43 45 45 47 46 52 61 112 78 59 48 50 52 49 52 54 88 86 55 44 45 46 44 45 41 44 50
42 46 44 45 46 46 56 69 66 50 46 46 51 46 47 52 70 76 49 46 43 44 43 43 46 41 44
44 45 46 46 52 66 119 113 141 71 57 50 51 58 60 85 101 106 70 48 46 48 43 43 45 44 45
44 47 50 47 57 96 168 145 173 119 72 62 57 66 108 121 133 134 132 50 49 50 46 43 45 49 46
44 49 44 46 50 72 117 110 125 90 65 55 54 61 111 130 127 119 127 51 48 48 45 44 44 42 47
41 45 44 44 46 55 91 89 72 56 50 47 49 50 57 71 72 68 62 46 45 45 44 44 41 43 48
47 50 50 53 78 260 356 330 292 239 145 90 82 146 238 253 299 288 221 87 59 62 50 46 46 44 46
46 49 50 53 94 258 309 298 248 208 164 101 99 206 229 216 223 234 184 127 63 63 50 45 45 46 46
44 46 46 50 56 113 157 179 147 143 90 74 74 138 141 172 140 138 119 74 52 77 52 44 45 44 45
43 45 45 49 59 93 99 109 102 106 91 81 96 108 101 119 102 121 101 74 57 55 52 44 44 44 45
46 46 59 63 57 77 105 136 130 126 101 101 119 141 123 129 114 99 93 75 52 55 61 42 44 45 45
44 52 75 64 56 63 87 126 125 120 97 104 114 123 118 113 104 95 86 83 51 56 54 43 46 45 44
46 74 49 50 54 54 76 113 138 141 131 113 128 136 145 101 85 67 52 49 56 54 47 44 43 43 45
62 126 83 59 68 84 163 262 257 298 268 299 274 296 270 200 179 140 76 59 62 76 74 46 46 46 46
48 54 50 60 70 88 173 216 241 295 270 277 291 298 236 161 149 127 84 59 70 143 104 50 46 46 48
47 46 46 49 53 56 82 108 127 140 128 92 127 148 121 91 89 69 54 49 52 85 56 44 44 46 49
52 49 46 46 48 50 96 105 96 100 74 70 84 83 86 73 80 72 51 46 48 52 48 48 44 42 44
46 46 47 46 51 49 79 106 90 86 78 87 81 91 81 76 70 67 50 46 49 62 54 48 46 42 43
44 42 45 45 46 49 53 73 67 68 58 59 62 63 72 62 58 51 46 45 47 53 44 43 48 44 42
43 42 44 48 46 44 46 49 52 56 53 53 71 73 58 52 47 45 48 42 45 48 44 44 46 43 44
44 49 48 50 51 53 54 62 87 106 103 75 141 118 95 77 58 52 48 49 51 59 47 49 44 45 45
41 44 51 58 48 46 47 50 61 73 70 57 64 73 78 58 51 48 46 49 54 56 45 44 42 43 47
43 45 52 114 69 49 54 51 58 81 75 63 61 71 67 58 47 47 51 46 62 72 46 44 44 43 46
46 50 72 163 138 63 57 63 77 100 106 87 75 89 85 78 65 54 50 53 104 193 69 44 44 44 45
47 47 56 246 252 70 57 64 70 100 99 88 72 100 87 78 60 55 50 52 121 278 83 46 45 45 47
44 46 46 112 129 54 49 50 54 68 72 62 52 66 73 56 49 48 46 42 78 261 54 43 43 44 44
47 50 54 284 229 116 76 89 117 172 224 203 155 217 198 135 91 69 59 64 228 452 72 45 45 46 47
46 49 51 78 163 84 83 96 125 171 241 234 163 211 162 136 96 69 60 65 211 266 80 46 44 45 45
43 44 44 47 61 48 52 53 60 64 77 66 58 60 64 63 53 46 46 44 60 62 46 42 43 43 43
44 46 50 64 132 70 69 103 114 101 112 123 99 111 99 95 91 64 56 66 98 85 53 45 46 48 45
47 52 46 92 219 120 129 164 159 142 132 142 150 130 126 124 114 113 74 84 151 115 57 45 45 46 43
47 47 49 57 113 82 144 195 194 145 137 132 116 126 123 121 125 132 84 74 111 67 47 45 45 44 45
43 46 46 51 80 66 101 160 210 168 134 100 79 88 97 99 109 76 58 55 60 56 51 45 44 44 43
53 57 57 73 188 251 330 448 485 470 387 350 247 255 255 275 291 214 137 143 119 90 58 52 48 47 49
50 57 54 64 104 228 273 346 360 383 347 259 178 227 285 312 262 185 135 147 86 80 55 51 46 46 48
44 46 43 46 51 61 78 83 90 91 86 66 60 73 100 97 78 63 54 46 48 55 45 44 44 42 44
45 43 45 46 52 50 54 60 63 70 71 66 69 82 89 96 71 56 52 45 47 54 45 43 44 43 44
48 43 50 58 60 62 73 85 100 126 126 125 116 142 168 164 115 79 64 54 50 57 52 45 44 44 45
56 52 47 49 53 54 63 72 85 97 100 112 106 110 108 106 94 68 63 48 51 53 44 45 49 45 48
48 48 45 44 46 46 50 54 54 56 63 62 67 61 58 63 60 56 48 50 45 46 46 44 44 48 48
47 56 52 48 48 52 65 69 73 68 81 90 89 69 74 91 79 72 63 52 49 50 46 42 44 50 47
83 86 81 70 64 69 102 135 142 127 159 172 132 114 127 144 130 108 79 59 61 66 50 47 47 47 51
72 60 65 60 63 66 81 102 104 104 119 128 96 87 84 83 72 63 55 55 58 59 49 50 50 50 58
