44 44 44 42 43 45 44 46 41 44 46 55 57 56 49 45 45 44 50 43 43 44 43 43 44 42 44
44 44 43 44 43 44 44 44 44 46 49 60 71 67 57 49 45 43 47 48 46 44 46 42 43 44 45
42 43 44 45 44 43 44 42 44 48 53 87 291 125 62 51 47 46 47 40 46 50 46 44 43 43 44
42 43 44 43 44 40 44 48 44 45 68 109 60 56 47 45 43 44 42 43 42 43 49 44 43 44 42
42 42 45 44 44 43 42 44 55 102 290 152 56 51 49 47 45 48 45 44 46 44 45 45 44 44 46
43 43 44 43 44 43 43 45 78 114 208 85 52 47 46 45 43 44 44 44 46 44 46 44 42 43 43
42 45 42 43 46 44 42 43 45 47 66 51 46 49 44 43 42 43 44 43 43 43 49 43 43 43 42
42 46 49 44 43 43 43 43 45 68 291 103 50 50 49 45 44 45 45 41 45 49 46 44 44 42 45
48 44 43 44 43 42 44 43 44 53 133 70 49 45 47 45 43 44 48 43 44 44 45 44 44 41 44
48 43 42 43 43 43 44 43 43 44 86 68 52 45 45 44 44 42 47 41 44 45 44 44 41 43 47
42 48 44 43 44 41 43 43 43 45 52 87 75 57 45 45 41 45 44 46 43 43 44 44 43 44 41
44 50 45 43 46 43 44 45 44 48 68 289 287 237 69 62 56 52 50 50 50 48 47 46 48 45 43
44 45 42 45 43 44 49 44 44 49 61 236 334 428 138 78 66 63 55 54 53 50 53 44 44 44 44
42 43 41 44 43 43 48 44 42 45 47 62 125 170 101 61 50 49 46 46 47 45 47 42 43 49 44
42 44 41 44 49 43 43 44 42 45 48 58 97 122 114 76 53 49 48 53 47 44 46 43 42 44 43
43 44 44 44 46 44 47 44 42 46 48 66 101 128 133 129 75 57 52 52 49 45 46 44 43 44 41
44 43 44 45 45 46 44 42 43 45 47 54 79 119 121 119 76 54 51 50 52 49 44 44 42 43 44
43 43 44 44 44 40 44 46 44 43 46 50 59 93 119 97 72 58 50 49 50 46 43 43 43 43 44
43 46 44 44 45 44 46 44 43 47 51 61 71 125 213 270 145 84 69 60 51 48 48 45 44 42 44
45 46 44 44 45 44 44 44 44 46 56 56 64 78 133 212 203 300 110 63 51 49 48 45 44 42 45
44 45 42 43 44 43 44 43 44 49 46 47 51 52 62 76 122 189 57 52 47 44 44 43 43 44 42
42 43 44 43 44 43 44 43 44 45 46 46 46 49 67 62 98 73 52 44 46 49 44 43 43 43 44
42 43 45 43 44 41 44 49 44 43 46 48 51 60 76 79 103 108 65 50 47 45 50 44 42 44 42
44 42 44 44 44 44 41 44 49 45 47 51 55 74 88 98 98 99 73 54 47 45 50 46 42 43 43
43 42 45 44 44 43 42 44 48 45 46 49 54 64 86 98 99 69 57 50 52 45 45 51 42 43 44
46 46 51 45 44 44 44 45 45 48 57 67 83 115 213 315 314 164 112 74 62 52 52 47 44 44 45
48 47 52 46 45 45 45 45 46 52 64 92 120 221 284 420 367 304 261 119 70 66 63 50 45 45 46
55 48 46 46 45 45 46 46 47 54 68 97 159 288 303 431 462 398 304 117 75 66 62 51 48 47 47
48 45 44 44 44 44 45 44 44 49 56 73 92 154 181 202 163 130 91 62 56 51 51 46 44 45 46
43 48 45 43 44 42 43 44 43 45 51 79 81 92 93 85 74 82 77 55 48 48 47 44 40 44 45
44 48 44 43 44 42 44 44 44 47 71 97 104 108 100 98 88 95 74 56 50 47 48 46 47 45 44
44 44 41 44 44 44 48 44 43 60 90 100 115 150 153 124 98 100 72 60 53 49 50 46 43 44 44
44 48 41 45 50 45 45 45 44 68 114 246 264 283 243 207 144 101 80 71 62 53 60 55 46 46 45
48 46 47 44 46 48 46 46 50 127 208 285 298 342 301 255 232 248 101 82 68 63 67 52 46 46 47
44 47 51 46 46 45 46 46 52 155 230 304 377 406 304 251 220 170 215 90 71 70 132 64 46 47 46
46 44 46 49 46 45 45 44 48 86 184 332 336 297 245 223 176 149 89 74 67 62 114 65 46 46 46
42 43 45 43 44 47 44 45 47 70 85 142 161 148 118 119 73 63 58 55 54 50 62 53 45 44 48
44 44 43 44 48 44 45 44 50 72 95 116 162 106 110 106 76 61 57 54 52 50 105 95 48 43 50
44 44 44 45 45 42 42 44 46 75 93 110 128 106 115 71 67 57 54 52 49 51 103 135 46 43 50
46 45 43 44 45 44 45 42 46 66 135 239 255 198 169 92 76 72 62 59 56 56 97 84 45 45 43
44 45 45 44 46 44 42 45 54 65 205 247 277 225 169 106 85 70 64 56 58 62 82 84 46 44 45
43 44 44 45 45 42 45 49 48 58 146 186 230 171 135 106 90 71 62 62 56 113 187 55 63 45 45
44 44 44 44 44 44 44 44 46 55 75 131 185 154 125 97 81 66 56 60 63 153 249 50 44 46 46
43 43 44 44 44 44 43 43 47 46 52 82 101 88 77 65 59 53 50 50 57 71 69 46 43 44 46
44 44 51 44 44 44 43 43 44 46 55 80 93 86 77 78 70 61 56 59 86 116 86 49 43 43 45
44 45 49 44 44 44 44 44 44 44 54 84 109 93 94 96 96 74 62 75 136 193 88 56 44 46 45
47 45 43 44 44 43 44 44 44 48 52 67 99 112 113 105 96 71 60 68 97 92 54 54 44 46 46
46 47 45 45 45 44 45 43 46 58 69 101 277 318 269 237 161 105 96 109 108 64 59 52 50 53 47
47 49 47 45 46 45 46 46 44 56 77 113 357 347 254 261 225 146 149 252 244 118 65 53 50 53 47
46 49 46 45 45 44 45 45 45 51 65 81 166 226 190 207 190 126 150 302 268 116 60 48 45 65 46
43 45 49 44 43 44 43 44 44 45 50 59 92 96 99 108 86 72 92 137 75 52 46 45 49 46 44
46 49 40 45 50 45 44 44 44 46 52 59 106 110 110 120 101 92 124 174 135 49 54 50 44 45 50
45 43 45 43 45 49 45 44 44 46 52 60 102 108 114 116 108 118 140 184 150 51 60 43 44 52 48
42 45 49 45 44 44 43 44 44 46 50 57 69 83 105 122 127 132 142 191 126 48 50 46 44 45 45
49 44 46 50 45 44 45 44 44 48 54 63 77 91 153 218 213 193 188 194 76 54 52 46 45 50 46
50 56 51 50 48 48 46 49 46 52 61 74 100 124 210 321 330 293 271 387 122 70 60 49 47 47 47
50 48 47 46 46 45 46 46 47 51 61 72 92 108 172 313 301 315 295 313 95 65 58 48 46 47 50
51 44 45 45 44 44 43 44 47 46 49 56 64 71 88 158 172 182 151 94 57 49 49 45 45 44 46
53 55 48 48 45 45 46 43 46 53 57 65 83 97 143 242 251 294 225 106 65 53 54 47 45 46 50
81 58 53 53 45 49 51 49 51 54 61 80 101 127 172 251 312 343 318 166 83 61 63 47 46 48 50
60 53 48 46 46 49 46 50 48 51 60 76 94 115 149 227 280 305 195 119 84 61 62 50 44 49 51
48 49 46 47 44 44 45 49 47 48 53 59 64 68 85 117 116 126 97 69 66 52 52 50 43 46 46
65 79 61 66 46 47 54 55 58 52 61 74 81 92 112 165 153 132 96 76 64 60 52 52 44 46 46
86 90 74 74 58 59 62 65 60 65 75 97 106 119 140 187 194 150 106 105 86 98 69 50 47 46 48
