47 43 45 50 45 43 46 46 44 46 44 45 51 49 49 47 46 47 45 54 46 47 52 48 52 49 46
44 45 39 44 48 43 46 45 43 45 51 46 45 46 52 55 44 46 46 51 56 46 53 54 50 52 50
43 45 47 44 46 46 47 49 50 61 140 106 51 56 142 169 69 48 45 46 46 46 47 48 47 53 58
44 49 51 46 47 51 56 62 63 67 284 447 76 84 451 429 71 56 52 48 49 49 46 45 45 46 54
43 41 45 49 46 46 47 49 49 57 103 166 53 53 133 111 53 47 45 44 45 44 44 44 43 45 49
43 42 44 48 45 44 46 51 57 99 103 74 59 55 63 80 92 50 49 45 45 45 44 43 43 44 49
44 45 47 45 47 48 50 77 97 232 129 76 67 61 68 115 216 72 52 50 47 48 45 44 45 45 46
43 43 45 44 45 45 46 50 67 84 53 53 49 48 50 66 136 60 46 46 44 44 44 43 44 45 46
42 43 44 43 42 44 49 46 60 52 46 45 46 42 45 53 66 49 46 45 45 43 48 44 43 46 44
43 44 44 44 45 46 52 70 128 98 50 46 48 45 48 57 99 73 47 42 44 44 44 41 44 49 44
47 46 46 44 46 48 55 127 190 160 54 57 51 52 54 62 183 191 63 46 46 43 46 48 44 43 45
42 43 44 45 45 44 47 62 76 53 45 45 45 46 43 47 88 94 48 47 45 43 44 42 43 44 42
43 49 45 43 44 44 48 75 80 51 49 46 46 46 44 47 73 82 54 45 44 44 44 43 43 42 43
43 46 46 44 47 53 103 251 229 110 62 56 53 57 59 84 184 223 107 48 47 47 44 44 44 44 45
43 44 44 44 47 50 76 152 145 82 53 52 51 53 57 88 199 222 142 44 47 44 45 45 46 45 45
43 43 44 44 44 46 46 70 73 48 46 46 45 45 46 48 84 98 56 41 45 42 43 49 44 42 44
43 45 43 44 46 51 78 145 111 62 51 48 49 49 52 55 110 153 68 45 46 46 42 44 49 46 44
42 44 46 44 45 49 66 95 79 52 50 53 48 47 51 55 101 159 73 47 45 47 42 43 49 44 43
43 44 44 42 44 44 46 50 44 44 49 44 43 43 44 43 45 51 46 44 42 43 49 43 43 45 43
42 43 44 42 45 44 44 48 46 43 44 44 44 44 45 44 44 48 46 43 42 43 50 44 42 43 42
42 44 40 44 50 46 45 50 46 44 45 44 45 45 46 46 44 48 46 43 44 42 44 48 44 43 44
40 47 44 44 45 46 46 51 49 46 43 45 49 45 45 46 47 50 44 43 44 44 45 42 43 48 45
42 44 47 44 43 47 49 56 55 45 45 49 45 44 46 47 50 50 48 42 44 43 43 44 42 43 47
45 44 46 50 47 62 118 140 141 72 56 52 53 60 59 88 107 102 66 46 46 46 44 44 44 44 49
46 52 48 49 55 81 233 238 260 154 79 73 72 74 128 198 228 209 136 56 50 54 47 45 50 45 46
45 46 46 45 48 60 95 97 98 79 58 54 54 56 89 125 140 142 86 48 46 47 44 44 48 44 46
45 48 47 46 51 149 221 193 160 122 71 62 61 70 108 155 147 121 89 52 47 50 46 44 44 48 45
49 58 53 52 82 308 337 339 283 258 173 109 95 192 260 317 312 306 307 131 57 62 51 46 47 46 47
46 54 46 47 63 172 234 220 200 172 123 84 86 166 210 228 204 201 167 102 54 56 50 44 44 45 46
44 48 46 43 59 139 163 167 112 119 89 67 71 110 110 134 116 118 89 54 51 56 46 46 44 43 44
45 54 50 47 84 159 206 221 181 186 145 108 149 179 159 206 175 192 148 92 59 61 51 45 45 46 43
48 60 90 74 76 135 212 286 244 239 183 186 211 257 221 259 205 192 147 118 57 64 65 45 46 46 46
52 62 68 55 60 73 139 220 194 220 176 172 213 232 201 175 157 141 114 88 55 60 57 46 46 45 46
49 420 141 55 61 83 179 269 249 249 215 266 245 260 249 231 187 170 90 58 58 66 56 46 45 46 47
64 147 90 51 63 101 170 251 247 255 236 257 254 304 232 202 174 175 124 76 68 97 103 49 46 45 46
46 58 50 51 60 88 148 188 214 242 205 166 225 237 189 152 130 114 74 58 79 259 140 46 45 51 46
43 48 45 45 50 53 73 115 127 141 105 68 122 142 106 95 77 59 53 47 52 86 50 44 48 45 44
46 52 48 46 53 63 106 182 175 193 110 111 133 164 143 130 122 85 58 50 49 59 53 47 45 44 45
44 46 46 48 51 53 66 136 123 115 91 87 80 112 101 97 95 67 52 47 47 53 54 47 43 44 44
44 45 39 43 50 44 44 48 49 48 47 46 48 53 49 48 44 44 44 43 44 42 45 51 44 42 44
44 46 44 46 46 44 46 50 57 59 50 54 71 78 59 59 49 47 43 44 46 49 46 42 44 49 44
47 46 45 45 43 44 45 46 49 49 50 54 54 54 56 47 45 44 45 42 44 50 45 44 44 44 49
42 43 44 48 50 47 43 44 45 47 46 42 45 51 47 44 44 43 46 42 46 51 44 45 41 44 49
43 46 44 52 47 43 44 44 45 47 43 44 50 45 46 44 43 42 44 43 47 53 43 48 48 44 44
43 42 42 49 51 44 43 43 44 44 45 42 44 45 45 44 43 42 43 43 45 48 41 44 48 44 42
45 44 44 325 355 49 52 49 49 53 52 51 51 55 54 52 48 47 45 46 55 102 49 42 44 50 44
44 44 43 72 88 46 46 47 49 52 52 50 49 52 56 48 45 46 49 45 52 300 65 45 51 46 44
44 48 47 164 134 67 54 59 67 88 104 95 70 108 86 74 57 53 50 56 126 242 66 43 44 45 44
46 50 51 73 176 81 68 77 103 139 165 165 116 156 121 119 84 64 57 66 256 384 121 44 46 46 44
43 44 44 43 57 51 47 49 54 57 64 58 58 57 63 54 47 47 45 45 63 71 50 43 42 43 44
44 51 48 54 100 63 74 93 125 135 135 160 144 153 140 126 93 69 58 54 93 84 50 45 43 45 49
50 59 54 63 174 96 152 224 265 230 213 281 300 242 220 210 171 136 83 72 152 125 63 47 47 45 47
46 50 47 48 66 60 95 140 202 156 132 154 118 126 138 146 124 108 62 53 82 60 48 44 43 44 45
44 48 46 46 57 58 82 123 187 162 126 97 76 91 101 97 99 68 56 47 53 54 46 47 44 44 44
52 68 57 58 138 209 306 419 460 451 354 359 250 270 260 316 294 216 127 120 96 82 59 47 48 50 48
49 61 53 53 76 172 218 287 314 350 299 231 148 208 281 329 252 172 116 119 73 72 57 47 49 46 46
44 44 45 43 47 54 70 76 82 71 79 62 55 65 84 88 72 58 52 48 47 47 45 47 44 42 44
48 53 46 44 51 51 61 73 78 95 94 86 88 106 115 134 93 70 53 50 54 51 46 44 42 43 45
50 53 55 49 58 65 77 98 112 149 145 148 130 181 205 214 140 96 70 52 55 57 49 45 45 44 44
54 49 47 46 50 52 60 67 75 89 93 103 102 109 108 113 94 69 60 50 51 50 47 42 44 48 46
57 46 45 44 45 46 50 53 57 54 60 70 70 61 62 69 59 58 50 45 47 46 46 45 44 44 46
59 68 52 47 52 59 74 86 91 84 101 124 110 91 101 133 104 88 80 51 53 55 48 44 44 45 51
97 101 87 65 67 68 108 134 142 132 153 181 146 127 139 168 136 115 92 65 61 71 51 45 52 47 53
68 56 62 53 56 51 67 85 82 84 91 98 83 76 70 78 65 56 53 52 52 56 46 46 55 52 58
