44 43 42 43 44 44 44 42 44 50 46 46 46 48 46 46 45 45 45 41 44 46 44 44 43 42 43
44 39 44 47 44 45 44 43 44 45 49 48 48 57 56 50 55 49 46 44 43 44 46 43 45 44 44
41 43 46 44 45 44 43 45 45 46 48 46 53 82 61 56 72 55 50 42 45 45 43 44 40 43 48
43 46 44 44 44 42 44 44 45 45 43 46 53 101 51 49 96 47 46 44 42 43 43 43 43 40 44
44 45 46 49 45 49 51 51 52 52 53 56 97 476 102 85 274 67 48 47 43 44 44 44 44 41 44
43 47 51 48 47 49 53 56 56 56 56 63 287 459 80 79 430 124 51 46 45 44 45 42 44 49 44
44 49 45 46 45 46 46 51 54 50 50 62 353 131 54 62 145 84 46 44 45 43 44 43 43 46 44
42 43 43 43 44 42 44 47 44 43 45 51 63 47 44 45 54 46 44 42 44 43 43 43 42 43 46
43 44 45 43 45 44 46 46 48 48 71 127 111 49 48 51 81 92 48 48 44 42 43 42 43 44 41
43 45 46 45 45 50 48 49 51 52 168 181 87 52 53 49 112 171 52 46 48 44 43 43 42 43 44
42 43 44 44 42 44 49 45 45 48 81 65 49 46 42 44 57 100 60 43 44 43 42 43 43 43 44
43 44 42 44 47 45 46 46 44 83 105 52 47 44 45 48 52 73 51 44 43 43 43 43 44 40 43
44 48 45 46 46 48 52 53 60 242 231 91 53 52 49 51 85 269 137 45 43 44 44 44 44 42 44
42 46 43 45 45 46 49 48 64 165 142 59 50 48 47 49 80 244 155 48 44 42 44 43 44 44 41
42 43 44 44 44 42 45 50 52 71 61 44 45 45 45 44 56 95 62 42 45 41 44 47 44 43 43
43 46 47 48 47 48 57 66 204 230 144 67 56 56 51 68 174 225 136 47 42 44 49 44 44 44 43
45 46 48 48 46 52 54 61 174 198 155 66 57 59 53 100 288 287 272 53 46 44 40 44 49 44 45
43 42 44 44 44 44 43 46 55 57 50 46 45 46 45 51 122 143 117 42 45 42 44 48 44 43 43
43 43 42 43 44 43 45 43 47 55 45 43 44 43 44 45 52 60 51 45 44 43 48 43 43 43 42
43 43 49 44 44 44 44 48 51 54 47 47 45 47 44 51 66 78 54 46 44 48 44 43 43 42 43
42 38 44 48 44 43 44 43 46 46 44 45 43 44 46 46 55 52 46 44 44 43 44 43 43 43 43
47 43 43 43 43 43 44 44 46 44 45 46 44 42 44 44 46 45 46 41 43 44 42 43 41 43 46
43 48 44 43 44 44 46 47 62 49 44 45 48 45 45 46 45 46 44 46 42 43 43 43 43 43 44
43 46 45 43 44 45 50 54 81 55 52 46 46 48 46 54 58 47 44 49 42 43 44 42 44 47 44
41 43 49 44 42 44 46 53 63 47 46 49 45 45 46 51 50 46 43 44 44 43 44 43 43 45 44
44 44 46 46 42 47 68 87 93 62 48 49 49 49 51 68 59 48 44 44 44 43 44 45 43 44 44
46 47 50 50 49 66 143 161 189 124 65 62 64 70 108 159 122 68 49 46 46 44 43 44 45 44 46
45 47 49 49 49 57 117 150 139 101 63 59 62 75 124 178 144 88 52 46 46 43 44 44 44 44 45
43 42 45 50 45 47 60 70 64 56 48 48 50 62 65 78 64 50 51 44 44 43 42 43 43 43 45
45 56 52 49 49 110 136 117 118 89 57 58 59 88 97 105 75 62 53 45 44 43 42 43 44 43 44
47 68 58 54 67 127 168 159 136 132 70 70 81 140 109 153 112 93 55 48 44 44 44 44 44 42 45
48 54 52 55 53 98 167 188 158 141 90 79 122 165 129 161 103 72 53 49 44 44 44 44 44 41 46
50 53 50 52 48 60 107 125 138 130 78 85 111 140 102 112 62 54 49 49 45 43 44 42 44 44 42
164 94 65 59 59 77 147 199 184 191 140 189 154 191 171 167 103 79 54 50 51 60 45 44 44 45 46
65 62 59 65 65 86 150 216 196 222 188 216 184 205 166 152 111 80 53 51 68 59 51 44 44 45 45
50 55 58 61 57 103 172 216 207 221 183 225 168 192 142 124 92 61 52 50 46 49 49 44 44 44 45
48 51 54 57 58 110 170 160 163 159 144 142 136 153 114 94 80 55 52 44 47 43 45 48 44 43 45
49 72 56 59 95 171 176 163 157 142 125 134 139 126 103 102 89 57 51 49 46 46 51 44 43 44 44
45 60 59 56 60 126 145 144 127 124 128 124 133 119 96 97 78 53 49 49 46 44 52 44 44 48 45
44 59 48 49 47 54 68 94 79 79 85 87 96 91 75 63 51 46 46 46 46 45 44 46 44 42 44
48 131 99 60 51 60 74 130 111 110 107 112 122 128 86 58 52 49 53 52 46 44 41 44 48 44 45
48 302 249 102 58 62 72 111 120 117 148 120 120 117 69 59 57 54 68 98 53 45 44 45 44 43 46
48 110 136 77 51 58 60 91 100 71 65 98 104 106 70 52 49 47 68 79 52 44 44 43 42 44 46
44 51 71 56 47 49 55 71 74 56 55 85 84 70 52 46 44 46 58 56 46 43 44 43 43 44 44
45 53 232 130 57 56 62 106 125 82 73 120 114 95 58 53 50 51 82 102 46 42 44 47 44 43 44
48 57 216 359 66 70 81 157 171 115 88 162 152 131 79 63 57 60 126 160 47 45 42 44 44 45 46
46 52 65 137 48 55 62 98 116 87 76 123 118 96 67 52 50 49 75 66 45 43 44 44 42 44 48
47 48 61 68 51 58 73 114 121 107 93 142 152 110 74 57 53 52 66 62 44 44 43 44 44 44 50
49 59 67 88 66 81 137 197 208 182 165 191 199 148 97 74 63 62 93 69 48 44 43 44 44 44 46
48 53 55 83 63 73 126 157 170 149 151 156 167 127 83 74 58 57 63 54 46 45 45 43 44 44 46
46 49 54 84 50 65 109 124 123 106 104 125 132 94 79 75 57 51 56 47 44 44 44 43 44 46 46
52 63 100 255 74 187 267 237 206 184 178 211 188 164 135 122 78 65 81 55 46 44 45 45 44 46 51
58 66 89 177 129 324 483 543 303 226 202 264 240 227 263 195 130 84 93 60 48 46 46 46 46 47 47
48 54 62 83 79 154 237 257 183 137 109 133 131 143 130 106 86 61 54 50 43 45 49 44 44 44 45
50 49 55 65 95 138 172 181 148 121 98 108 112 116 95 79 70 56 46 48 48 44 46 44 43 44 45
48 54 59 63 98 209 184 147 172 144 106 140 145 134 115 96 75 56 53 45 46 45 44 47 44 44 46
45 47 49 51 54 72 76 74 91 101 89 100 91 90 96 90 59 52 54 45 44 44 42 43 44 43 48
46 46 50 49 50 60 71 80 84 82 74 80 73 73 78 74 63 49 48 49 45 44 44 42 43 44 51
54 56 56 54 59 71 92 111 101 97 92 95 100 97 94 100 70 56 52 49 45 45 44 42 43 44 50
103 66 70 65 80 100 128 142 140 142 130 141 117 123 108 102 77 60 59 48 47 45 41 45 47 46 50
74 66 57 55 56 66 83 97 102 95 98 102 88 84 76 79 71 62 51 47 52 43 44 44 41 46 57
51 53 52 50 53 57 74 79 75 72 83 74 72 64 68 87 78 74 56 51 45 45 44 40 44 53 50
66 85 65 68 64 68 90 100 106 93 128 118 88 77 77 100 87 83 63 53 48 47 45 44 47 46 50
103 108 99 92 94 113 145 161 138 153 167 168 115 106 93 105 94 78 61 61 50 58 45 49 46 48 51
