43 44 44 45 42 45 50 44 43 44 44 46 48 44 44 46 41 43 51 44 46 44 43 43 44 44 45
44 43 44 44 44 44 44 45 45 42 44 49 46 43 45 43 44 41 45 48 48 44 45 44 44 49 46
45 44 45 44 43 44 43 43 44 42 45 49 45 43 44 42 42 43 44 42 45 43 44 44 42 44 49
42 44 44 46 45 43 44 42 43 44 43 44 49 46 43 44 40 43 44 44 43 43 44 43 43 44 44
43 46 45 46 44 43 44 43 43 44 42 44 49 44 43 43 39 44 43 44 43 43 44 43 44 42 44
42 45 44 46 47 46 42 43 43 43 45 42 44 49 44 43 46 44 42 43 43 43 45 43 44 46 44
42 51 45 43 43 44 44 43 45 44 44 44 43 43 44 43 44 43 42 43 44 43 44 43 44 48 44
42 49 43 43 44 44 44 45 44 44 44 42 44 44 44 44 42 46 44 42 44 43 43 44 43 46 47
43 44 44 43 43 44 49 44 42 44 43 43 45 43 45 46 42 43 44 49 45 42 44 42 43 45 43
42 44 44 41 44 49 44 43 44 43 44 44 44 44 46 43 42 44 39 43 49 45 44 43 42 44 44
42 44 44 43 44 44 43 45 44 43 44 42 44 44 43 43 42 43 38 43 49 44 43 43 42 43 44
43 44 44 44 42 44 48 44 43 44 43 43 45 43 44 46 40 43 49 44 44 44 42 43 44 44 44
44 44 45 44 44 43 44 45 44 44 42 44 49 44 42 43 40 43 48 44 44 44 43 43 43 43 44
43 44 47 44 43 43 43 44 44 42 45 49 45 42 43 43 42 42 44 47 44 44 44 42 43 44 43
44 44 44 43 44 43 44 43 46 48 49 46 44 43 43 43 43 42 44 38 44 48 44 44 44 43 43
41 43 44 43 46 42 44 51 55 77 93 64 46 46 45 46 43 44 45 45 43 44 48 44 44 44 42
44 42 44 43 44 44 45 61 344 298 81 50 49 47 47 46 45 46 44 45 43 44 48 44 44 44 42
43 42 44 43 44 44 44 81 615 116 49 46 45 45 46 45 48 44 46 43 45 43 44 46 44 45 44
46 44 43 44 44 45 47 344 605 73 52 46 46 44 46 46 44 42 45 45 46 44 46 44 45 44 42
43 44 47 44 44 44 44 325 202 56 50 43 46 50 46 45 44 45 46 44 45 47 44 45 44 46 44
44 40 44 46 44 45 48 62 56 48 49 45 42 44 50 45 44 46 44 44 44 42 43 45 43 44 44
47 45 44 43 43 44 97 89 82 130 67 60 54 57 72 65 53 58 54 52 48 45 44 46 41 46 49
44 48 51 45 45 44 60 57 65 129 124 110 99 111 136 129 137 145 139 111 92 60 52 51 44 45 45
43 44 45 44 44 42 46 49 46 50 57 62 68 78 101 116 114 120 138 139 110 68 57 48 46 53 44
43 43 44 44 44 44 42 45 49 47 49 53 58 59 68 91 127 136 136 145 123 92 61 52 44 57 50
44 46 42 45 46 45 48 46 44 49 57 62 75 72 78 103 122 170 211 288 285 315 252 200 50 54 47
45 46 45 45 45 43 46 49 45 47 51 56 67 71 64 77 80 84 125 165 319 420 429 287 65 51 54
46 45 46 45 47 45 44 44 44 47 51 57 67 71 70 77 103 132 177 255 296 354 285 153 49 50 47
44 44 44 42 44 47 44 43 44 45 48 53 55 59 69 81 93 102 106 112 106 122 115 57 43 45 45
44 44 44 43 44 41 44 48 44 45 50 55 64 68 78 91 89 95 91 88 83 89 82 50 43 44 45
43 44 44 44 42 44 48 44 43 49 61 88 88 101 99 113 102 114 99 90 80 78 60 46 46 44 44
44 44 44 44 44 42 44 45 45 53 71 95 96 139 152 152 136 122 97 89 69 58 48 46 46 44 45
46 46 44 44 44 44 45 46 48 66 91 145 217 254 248 228 202 164 145 105 76 56 54 46 44 46 45
47 46 47 46 46 45 46 47 61 150 230 296 315 344 302 253 227 192 169 124 88 58 55 53 46 47 47
44 47 51 46 45 45 46 48 77 206 275 318 381 389 303 242 206 223 146 111 88 59 54 49 45 47 45
45 44 45 48 45 45 45 46 54 124 215 294 280 290 213 156 108 126 79 84 69 53 54 46 45 46 45
43 42 44 44 44 44 42 44 59 74 95 113 131 141 104 83 80 72 57 56 54 45 45 49 44 44 47
44 44 43 43 44 43 45 45 65 82 92 104 134 104 95 84 62 54 50 56 58 47 44 44 42 44 45
43 43 49 44 43 43 43 44 59 76 93 99 109 99 110 71 57 53 52 51 52 50 45 44 43 46 44
44 40 44 49 45 44 44 44 53 112 210 218 237 184 112 71 63 59 59 63 61 53 46 45 44 43 44
49 44 44 45 44 44 45 45 61 150 268 228 243 219 131 78 66 62 64 67 63 50 46 46 42 45 49
44 49 44 44 45 43 44 45 58 126 246 230 276 209 130 91 69 62 63 70 66 47 46 46 44 45 43
45 49 44 43 45 43 44 45 49 76 169 196 198 175 113 84 63 59 58 68 57 47 47 44 44 42 45
41 44 48 44 44 44 43 44 45 60 90 118 122 111 85 63 55 52 52 56 53 46 44 44 45 44 46
42 44 40 44 48 43 45 44 43 55 84 90 89 91 90 78 63 54 54 59 61 46 46 45 44 46 45
43 44 44 44 44 44 44 46 45 52 70 99 107 110 101 96 83 65 63 76 83 51 47 45 44 48 44
42 45 48 45 46 44 43 44 46 53 71 120 152 163 144 115 103 72 80 189 134 56 51 47 44 49 44
46 46 46 46 46 46 46 45 49 67 97 264 388 333 270 215 126 110 129 442 219 70 62 53 46 52 48
47 46 46 50 46 46 46 45 50 70 104 277 429 375 250 234 150 120 204 293 303 119 63 54 46 49 48
46 47 46 46 46 45 48 46 48 63 83 157 312 292 212 200 141 118 192 401 439 119 68 57 46 50 48
44 45 44 44 47 44 46 45 44 51 61 84 173 145 129 126 90 79 127 209 120 58 54 48 44 43 47
46 45 44 45 44 44 45 43 46 55 58 101 125 118 119 116 88 98 137 179 141 59 57 49 44 46 56
44 45 47 46 43 48 44 44 46 48 60 90 124 112 125 118 102 134 152 170 154 67 63 49 45 48 46
43 45 45 44 45 42 45 47 45 49 56 63 88 96 120 124 123 138 140 162 133 56 57 49 46 46 44
46 46 45 46 45 44 45 42 46 56 57 66 80 96 171 193 175 164 150 158 89 57 56 48 44 46 49
48 54 48 46 48 49 45 46 52 57 65 84 103 131 223 301 308 249 264 312 141 74 61 58 46 48 48
48 48 46 46 46 46 46 46 46 56 68 83 99 106 173 318 296 292 292 308 139 75 62 54 45 48 55
46 45 49 45 44 44 43 44 45 48 52 56 64 69 80 143 164 196 163 98 65 58 51 48 46 44 47
52 46 49 51 45 46 45 46 46 51 56 64 72 76 111 206 212 228 182 93 69 61 54 48 46 46 51
83 56 52 51 44 47 48 47 49 51 61 78 85 99 133 213 260 256 228 127 83 63 63 50 43 60 59
61 55 47 47 45 46 46 46 48 54 61 73 84 96 128 205 256 247 160 108 83 66 60 51 47 58 55
48 54 46 45 44 44 45 46 46 48 53 57 63 63 78 110 109 126 95 71 61 52 51 49 45 52 49
58 75 60 57 45 46 47 50 53 51 59 67 71 78 96 157 141 120 81 74 64 58 53 53 47 48 46
81 84 63 67 51 53 59 63 58 64 73 89 95 115 141 218 224 144 98 108 92 98 70 52 49 49 48
