48 44 44 44 45 44 44 44 44 45 47 46 46 45 46 43 42 43 43 43 46 43 46 44 43 44 44
43 42 43 43 47 43 42 44 46 44 47 45 47 51 52 44 42 43 44 43 44 44 44 46 44 43 44
43 43 47 43 43 43 44 44 46 44 46 50 49 45 54 46 46 43 43 45 44 43 44 41 44 47 44
48 43 43 44 44 43 45 45 46 45 99 105 50 48 72 53 44 42 46 41 44 44 43 44 41 44 48
44 50 47 49 51 49 56 62 64 66 469 710 97 133 526 319 59 52 51 45 50 50 45 45 44 45 49
44 49 45 45 47 45 49 52 54 61 217 173 68 89 357 234 63 48 46 45 47 46 42 44 48 44 44
43 42 40 43 42 43 49 44 44 48 51 50 45 46 55 52 50 44 43 43 44 43 42 43 47 44 42
42 44 41 43 42 44 49 46 53 62 50 46 46 42 48 58 55 45 43 43 44 43 44 40 43 48 46
43 45 42 44 50 44 46 52 87 94 59 51 51 52 55 65 94 54 49 46 50 45 43 43 43 44 46
43 43 42 44 49 44 44 49 73 71 48 44 46 50 48 58 86 59 46 49 45 42 44 42 43 44 44
43 43 44 40 44 49 44 47 55 58 45 44 44 44 47 46 64 53 44 40 44 43 43 43 43 42 43
44 44 45 42 46 51 54 144 233 122 53 50 49 51 55 60 160 137 52 45 46 44 44 44 44 44 46
44 44 45 45 47 48 66 187 255 145 65 54 51 54 56 85 265 319 93 54 48 47 46 43 44 45 42
44 43 46 43 45 45 48 88 127 66 47 47 46 46 47 54 136 156 62 46 43 44 43 43 44 41 44
42 43 44 45 45 46 79 96 94 74 46 46 46 46 47 62 98 108 54 40 43 44 44 43 44 44 42
43 44 45 45 44 49 124 146 132 111 54 50 50 51 54 102 153 163 117 45 47 51 44 44 44 42 44
42 43 44 44 46 45 94 132 121 87 52 49 49 50 51 86 157 189 112 53 44 45 47 44 44 44 44
42 43 44 43 45 42 50 79 70 49 46 44 45 46 45 48 90 126 55 44 43 44 48 43 44 44 42
43 42 44 44 46 49 67 159 132 63 49 49 47 49 51 56 102 130 64 46 49 44 45 44 42 43 44
43 44 44 44 45 50 57 101 90 60 47 47 44 48 54 56 80 101 56 45 50 44 44 44 42 43 44
42 44 47 44 43 44 44 51 53 45 42 44 44 44 45 43 53 53 44 43 43 42 44 43 43 42 44
42 43 44 44 44 44 47 54 56 46 45 45 46 45 43 44 50 48 44 43 44 43 43 44 43 45 44
47 44 44 44 45 49 55 78 88 57 48 53 46 47 47 52 60 59 50 44 44 45 44 43 43 43 48
43 49 44 43 45 46 50 62 71 50 47 49 46 47 46 50 63 58 49 43 44 44 44 43 44 43 46
42 48 44 42 44 43 55 63 67 49 47 46 46 46 45 51 68 58 46 44 44 44 42 43 46 44 44
44 45 42 46 48 53 138 179 180 107 59 56 55 60 68 132 150 114 62 47 48 47 46 44 46 45 44
45 46 43 47 53 61 176 188 188 140 75 63 59 67 100 179 164 142 91 52 51 48 45 43 44 47 46
44 44 43 46 50 50 72 89 87 77 59 52 51 56 84 115 125 119 77 48 46 46 44 44 44 42 45
40 44 49 45 46 69 91 80 79 73 62 49 50 68 75 81 83 77 65 47 47 44 43 43 43 44 41
43 43 46 48 46 70 80 70 63 64 60 49 50 65 64 72 69 71 67 52 46 44 44 44 43 44 43
43 42 45 50 49 68 103 93 76 82 63 53 55 88 78 96 90 94 69 48 51 60 47 44 41 44 49
45 43 45 46 49 55 81 108 107 95 63 66 76 112 100 123 101 93 63 46 48 46 46 43 44 44 42
45 47 53 53 58 74 149 213 213 193 147 169 168 211 196 180 157 140 81 54 54 55 47 45 45 42 46
48 53 56 57 68 67 137 216 228 228 196 260 216 237 230 225 156 148 92 63 62 59 52 45 45 46 46
47 74 60 57 59 63 124 205 209 224 210 233 217 269 204 184 147 127 68 49 58 60 63 43 45 49 46
44 48 50 50 51 58 84 96 121 138 133 110 134 168 129 95 80 66 52 48 51 52 46 46 44 43 45
43 48 46 48 50 57 96 105 102 118 110 76 106 130 99 86 76 69 49 47 47 51 50 44 43 44 44
46 48 46 47 50 55 93 101 113 132 83 76 95 122 96 84 79 71 48 46 54 49 46 44 44 44 46
44 47 46 46 49 48 64 80 97 98 88 85 97 131 88 88 73 61 51 46 51 48 43 43 43 44 45
43 45 52 48 48 52 58 94 109 99 81 96 103 107 97 88 81 55 48 45 49 55 45 42 43 44 45
46 46 80 68 58 65 71 140 177 157 137 163 220 183 122 114 101 67 51 48 62 73 46 47 45 45 46
46 46 95 110 56 55 54 64 80 100 100 88 138 123 92 77 62 50 53 45 82 126 47 44 46 44 46
43 44 58 67 47 44 44 46 49 53 51 52 56 55 57 48 46 44 48 43 53 63 44 43 47 44 44
43 46 80 116 85 46 46 49 54 73 68 53 60 65 57 55 47 45 44 50 69 93 52 44 45 44 43
44 45 79 159 119 50 49 54 59 73 72 55 61 70 62 62 49 47 46 57 79 135 65 45 44 45 43
42 44 50 130 174 58 50 51 55 76 72 57 60 70 72 69 49 49 45 56 103 158 54 47 44 45 44
43 44 50 123 176 57 50 52 56 73 75 61 61 81 87 63 50 49 45 52 147 269 48 44 44 46 45
43 47 60 280 242 143 68 78 98 143 180 139 136 217 185 138 82 62 53 93 238 258 59 45 45 47 46
46 44 52 83 191 100 67 78 106 149 174 148 148 200 148 135 79 62 52 88 238 201 55 45 44 46 47
43 41 45 54 70 51 48 51 58 66 70 62 63 70 66 58 48 49 45 50 71 58 43 43 44 44 44
44 46 46 62 118 69 59 62 73 73 78 78 75 79 72 73 70 53 48 64 95 69 45 44 44 45 46
46 46 48 82 171 93 84 102 103 90 86 98 100 89 88 85 83 78 59 81 129 94 49 45 45 44 45
44 48 46 63 127 86 128 196 195 129 99 100 96 95 95 98 104 105 69 79 111 64 46 45 45 46 46
44 45 46 51 70 63 99 196 210 141 101 78 71 73 78 92 95 71 55 53 62 55 45 43 44 43 44
48 51 56 70 129 202 289 397 402 366 302 253 159 193 202 244 220 161 96 107 87 67 50 50 46 46 48
47 53 55 64 86 214 284 323 309 291 290 232 168 217 249 283 220 158 107 125 79 68 52 46 45 46 47
43 43 45 47 50 59 72 89 101 75 91 75 65 89 94 104 84 69 53 50 49 52 44 44 43 43 44
43 48 45 43 46 45 49 53 53 57 61 55 58 64 62 71 55 48 45 45 50 45 43 43 42 43 45
47 46 55 50 51 53 59 68 74 94 93 94 88 99 103 104 72 58 51 49 50 49 45 44 42 44 46
54 45 47 51 53 56 63 76 92 103 104 108 105 106 95 96 81 63 56 47 52 47 45 49 44 43 49
47 45 44 45 47 47 51 54 61 69 70 79 79 70 63 68 63 58 51 45 47 47 46 44 44 44 51
45 47 45 45 47 47 54 55 63 66 77 80 77 63 63 70 57 53 55 45 47 47 43 44 48 44 47
64 72 63 58 59 62 89 108 111 118 156 160 124 104 99 129 109 80 57 53 53 55 51 45 46 48 53
79 82 80 67 74 87 112 136 127 138 159 175 126 114 104 119 100 85 59 64 59 67 54 46 49 51 57
