43 42 44 44 44 43 43 42 43 45 42 44 50 46 45 47 44 59 47 48 42 46 49 44 43 44 43
43 44 39 44 48 43 44 44 42 44 45 43 48 46 49 55 51 66 58 53 50 46 49 48 45 46 44
41 43 47 43 44 43 44 43 43 44 44 45 50 44 47 51 48 54 58 49 46 45 46 44 45 50 44
42 43 47 43 42 43 43 43 43 43 44 46 44 43 44 43 47 48 57 45 44 45 44 44 43 44 46
43 42 44 48 44 42 44 43 44 44 45 45 46 44 45 46 53 80 298 66 47 56 56 46 42 44 48
45 44 45 47 44 43 44 43 45 46 45 46 50 46 49 49 57 129 448 83 74 269 129 48 45 44 45
44 42 43 43 44 44 42 43 46 44 43 44 45 46 46 45 49 60 74 54 98 258 86 46 46 43 44
42 42 44 44 43 43 44 44 45 43 42 43 44 44 45 42 53 49 51 45 47 87 55 44 43 45 44
43 44 43 44 44 44 46 44 43 44 44 44 46 43 47 50 113 55 55 62 59 197 126 56 46 44 43
43 44 43 44 45 44 46 44 42 44 44 44 45 43 47 63 141 49 52 49 57 170 116 49 45 44 44
42 43 44 43 44 42 43 46 44 42 43 43 44 44 44 55 50 45 46 44 45 85 68 48 44 42 43
42 43 44 43 44 44 44 46 43 42 44 43 44 45 56 66 46 46 44 46 46 98 81 43 43 44 41
43 47 44 42 44 43 44 44 43 45 49 45 46 55 115 95 47 45 46 46 58 187 165 46 45 44 44
44 43 44 42 44 44 44 44 42 44 48 44 44 53 89 68 42 44 51 45 57 179 155 51 45 44 44
43 42 43 43 44 44 41 43 48 44 43 44 43 54 64 46 45 43 44 40 50 94 76 46 44 44 44
44 44 44 44 44 44 42 45 50 47 46 46 61 177 195 101 49 46 47 44 99 203 133 53 45 43 44
44 45 43 44 45 44 45 43 46 51 48 47 63 158 169 84 48 47 54 102 205 328 261 56 44 44 44
42 44 42 43 44 43 44 41 44 48 44 43 45 58 57 46 45 43 46 59 110 187 122 47 48 44 43
43 43 44 42 44 43 44 44 41 44 49 44 45 52 50 44 43 44 45 62 105 165 89 45 42 43 43
43 44 43 44 44 48 44 43 44 44 44 45 49 55 59 46 43 46 48 70 118 191 112 48 43 44 43
42 45 40 44 48 43 43 43 42 43 44 43 46 49 46 45 41 43 46 50 70 100 64 51 43 43 43
43 43 44 43 44 42 43 42 43 44 42 44 52 45 43 44 42 45 42 45 52 56 47 42 43 48 44
44 44 46 44 42 43 43 43 44 42 45 53 62 46 45 42 44 42 46 46 53 52 45 44 42 43 48
43 43 44 43 44 43 44 44 43 44 47 54 68 55 45 43 44 44 49 48 52 53 45 45 41 43 48
43 45 44 46 44 42 43 43 44 44 46 61 65 47 44 44 43 43 46 47 47 46 42 44 46 44 44
46 46 44 45 45 45 46 46 47 50 80 100 114 62 46 46 45 46 56 61 52 46 42 44 47 43 44
47 47 45 46 45 47 51 49 51 70 112 124 128 88 49 47 52 62 96 128 103 51 47 44 44 47 46
47 51 46 47 50 47 48 49 50 66 123 116 124 71 47 49 54 83 122 155 92 48 45 44 44 43 44
45 49 46 45 50 45 44 46 48 64 83 81 78 63 46 46 50 64 65 74 53 44 44 42 43 44 43
53 109 57 47 51 55 50 52 78 112 114 118 97 65 50 59 68 102 103 92 59 46 46 43 43 44 44
59 102 53 50 54 57 54 62 109 155 149 143 141 83 60 85 109 136 108 117 66 49 47 46 44 44 46
54 58 49 50 51 51 51 57 95 147 136 160 118 65 56 87 92 131 90 84 50 46 46 44 43 44 44
55 54 50 50 51 51 52 76 112 121 151 147 111 92 88 112 93 94 74 72 49 46 45 45 44 43 45
72 59 51 52 52 53 56 97 113 133 132 165 140 126 140 142 111 122 102 90 66 49 50 48 42 44 45
60 59 53 55 55 56 59 106 130 150 170 174 158 139 152 146 117 118 125 104 58 53 63 92 44 43 44
58 60 52 54 56 55 58 94 130 162 167 200 159 142 142 124 113 92 83 66 50 49 50 48 44 47 44
76 65 53 55 57 56 62 99 141 158 156 150 158 181 136 123 119 96 88 63 51 50 49 48 47 44 44
129 122 60 60 61 61 69 129 159 159 148 143 150 183 144 125 133 114 101 69 52 51 57 78 45 44 45
76 80 55 55 56 55 57 95 121 160 142 162 176 167 129 128 114 110 86 57 58 53 124 106 43 44 45
66 66 51 48 49 48 47 53 66 76 75 72 96 96 79 81 77 62 50 44 46 53 63 48 44 44 44
121 177 59 56 58 59 59 69 96 104 103 94 102 108 78 70 82 64 51 51 48 51 50 43 44 48 45
112 148 57 56 55 61 57 98 119 89 85 81 87 86 78 72 76 58 52 48 57 56 46 46 42 44 50
63 55 45 47 48 47 46 60 72 71 58 46 52 56 50 47 46 44 46 44 48 45 44 44 40 43 50
60 59 46 46 46 44 46 54 60 54 44 46 52 46 44 44 43 42 45 46 45 44 41 43 48 43 44
311 156 68 71 75 72 88 182 207 163 72 69 97 71 54 51 53 54 82 104 50 46 46 44 44 45 47
241 124 72 77 81 90 132 289 286 159 75 100 125 74 54 55 57 78 136 123 53 48 48 46 43 44 52
75 61 53 53 58 64 83 161 128 60 54 59 59 49 51 46 47 54 66 50 43 44 44 43 44 42 45
116 74 64 92 98 122 123 175 123 65 69 78 65 55 48 47 52 59 52 52 46 43 44 43 43 44 43
204 138 133 148 173 190 156 173 157 120 131 137 110 55 54 62 101 97 54 56 47 45 46 45 44 46 43
112 136 160 158 172 188 157 143 127 118 123 117 91 56 56 54 99 91 52 50 51 46 45 45 44 44 47
107 146 138 142 182 189 169 121 98 96 89 83 65 50 47 51 56 53 48 46 45 44 45 45 42 46 65
451 619 505 560 515 428 419 305 264 217 187 186 98 68 62 65 71 69 65 61 51 51 49 49 47 47 57
249 362 300 385 405 405 446 324 293 241 245 236 113 67 62 64 69 67 64 60 50 49 48 49 46 45 54
124 148 129 182 199 174 191 175 159 171 241 165 75 57 54 53 54 55 55 47 48 49 46 47 44 45 46
103 152 117 180 204 182 173 161 161 159 146 116 70 53 51 52 53 52 50 50 47 42 46 46 44 46 46
137 172 171 216 220 283 268 242 273 250 162 163 105 63 56 57 58 58 56 55 46 47 50 47 46 45 46
100 115 89 99 115 132 158 159 149 112 90 84 70 54 49 48 49 50 49 48 46 47 45 44 44 42 45
91 101 70 61 73 65 68 65 62 62 59 53 50 46 44 44 44 46 42 45 49 44 43 43 42 43 49
237 212 159 124 100 97 90 91 84 81 68 65 56 53 49 47 49 49 48 47 46 46 45 44 46 44 46
490 369 254 204 154 150 146 133 129 107 91 84 70 61 59 59 63 55 55 54 47 48 47 44 45 48 50
259 219 180 124 87 84 81 78 81 66 64 66 58 51 52 55 57 50 51 46 45 47 46 44 44 45 51
116 110 99 79 64 62 60 58 57 53 53 56 50 46 46 50 49 46 48 43 45 46 45 44 42 44 50
229 231 147 112 83 70 73 71 68 63 59 60 57 51 50 56 55 51 48 49 49 53 44 44 49 46 48
292 248 176 117 93 77 78 81 72 65 65 63 57 54 56 64 69 59 53 62 54 67 48 45 52 49 51
