44 43 48 45 45 44 44 44 45 44 46 45 43 43 45 44 42 43 43 43 45 44 43 43 43 43 44
44 44 45 45 45 44 47 44 44 43 44 44 46 44 46 44 45 44 42 43 44 44 44 42 43 48 45
43 44 46 45 49 44 45 44 42 43 44 44 45 41 44 50 43 43 44 44 44 45 44 42 43 44 45
42 45 50 44 49 44 44 43 42 43 44 43 45 42 44 47 42 43 43 46 44 44 43 42 42 44 44
42 43 47 44 45 47 45 45 43 43 44 44 44 44 42 44 42 42 43 44 45 44 46 44 42 43 44
43 44 44 44 45 46 45 44 43 45 44 42 44 44 44 44 43 47 44 44 44 42 43 42 43 44 41
42 46 46 42 44 43 43 43 41 43 49 44 43 43 43 43 42 43 46 43 46 43 42 43 43 44 44
43 44 46 44 44 40 44 49 43 42 43 43 44 44 42 44 43 42 43 44 44 43 42 43 47 44 42
43 42 45 47 44 42 44 42 43 44 43 44 47 44 44 44 44 43 49 43 43 43 42 42 44 43 44
42 44 42 43 44 44 44 43 41 44 47 44 43 43 44 46 44 44 44 40 44 43 43 47 44 42 43
41 43 43 43 44 43 44 41 44 47 44 42 44 43 44 47 45 43 45 43 44 43 41 43 47 44 42
43 43 44 42 44 43 44 44 45 46 44 50 45 43 51 66 49 48 45 43 44 46 44 42 43 43 43
43 41 44 47 45 44 45 48 55 56 47 47 51 47 59 99 106 91 50 45 42 43 50 44 43 44 43
42 44 40 44 49 44 44 51 59 57 50 48 48 46 53 112 122 162 50 44 42 44 51 44 44 44 43
43 48 44 43 44 43 44 79 78 71 54 47 50 46 46 73 88 100 58 44 42 44 44 43 44 41 44
43 48 53 48 47 48 52 411 381 218 110 68 66 64 70 180 312 431 102 46 46 47 50 48 51 52 46
45 47 51 47 46 48 51 302 343 168 85 71 65 63 70 142 396 530 131 48 46 46 49 50 50 48 48
44 42 45 49 45 43 46 83 131 76 55 52 54 52 51 75 202 233 53 44 45 44 44 44 45 45 43
44 45 46 49 46 44 51 82 143 134 69 58 60 55 55 118 332 205 58 45 44 45 46 46 49 46 46
46 52 51 49 48 50 60 100 302 384 133 80 75 71 72 217 637 523 67 48 46 46 51 53 53 50 49
45 45 48 48 46 49 59 85 312 535 151 71 67 64 65 85 276 159 57 48 45 46 49 49 51 50 45
44 46 50 48 48 51 60 66 227 572 90 65 62 57 59 74 83 74 50 44 45 45 47 48 44 46 46
43 43 48 46 46 49 54 72 90 176 95 62 50 50 55 66 72 61 51 47 45 43 46 46 45 46 44
47 44 44 45 43 45 49 51 60 118 62 52 48 46 48 53 54 50 51 42 45 44 45 44 44 44 43
42 43 44 43 44 45 45 47 46 53 48 45 45 44 43 46 45 47 44 45 44 42 43 42 43 44 41
42 47 44 42 43 43 46 45 45 50 53 45 45 44 45 46 44 44 44 43 47 44 43 43 42 43 44
42 43 47 43 44 46 48 44 46 50 50 46 44 46 52 48 44 44 46 44 43 43 45 44 45 44 42
43 46 45 46 44 42 44 44 44 47 44 45 50 44 44 46 43 43 48 43 42 42 42 43 44 43 44
42 45 44 42 43 44 44 44 44 45 47 45 44 44 44 45 43 42 44 39 44 46 44 45 43 42 43
41 44 43 43 44 43 44 44 46 50 48 46 46 46 46 47 44 44 44 43 44 43 44 43 46 44 43
43 44 44 43 44 43 45 46 52 50 55 60 56 52 51 59 47 50 45 41 44 47 44 43 43 43 44
42 39 44 48 44 42 44 43 46 49 49 50 51 48 53 64 45 47 44 44 41 43 49 44 43 43 42
43 45 40 44 44 44 46 48 55 70 71 79 62 72 98 88 74 59 45 44 46 44 46 45 44 44 44
43 46 48 46 47 45 47 54 78 101 101 113 106 129 128 103 85 71 49 44 45 45 46 50 48 44 44
44 47 51 47 45 46 49 64 102 127 128 136 130 152 142 119 103 90 61 46 45 45 48 47 50 50 45
49 48 50 49 46 47 52 61 95 141 153 203 161 162 156 134 103 87 56 43 45 46 48 51 50 48 49
45 55 53 51 48 47 55 79 158 215 208 205 212 259 179 166 144 108 62 44 46 47 51 55 55 51 49
46 56 54 52 49 50 58 131 221 237 232 208 235 216 176 196 192 161 101 52 46 49 50 57 62 51 46
46 52 51 52 45 50 61 78 193 245 206 219 206 217 170 176 177 152 131 52 46 48 51 56 60 51 45
44 46 44 47 44 47 55 67 92 118 110 108 101 160 106 107 98 79 54 45 45 44 47 46 49 51 45
43 46 44 46 50 46 49 82 136 111 101 104 106 125 99 82 84 78 58 44 44 45 47 48 47 46 45
43 45 44 46 49 47 48 65 104 89 83 72 95 92 64 68 71 70 58 52 46 44 46 45 46 46 44
43 46 46 43 45 51 47 62 88 95 111 88 71 62 68 72 70 69 58 46 46 43 46 46 50 43 44
45 56 49 45 46 51 49 55 81 123 133 159 121 67 81 85 73 66 50 44 45 44 47 50 49 47 46
46 52 55 52 50 51 56 69 89 139 227 248 220 126 149 187 125 78 57 47 46 50 52 57 57 53 44
62 63 72 64 55 55 58 74 97 138 244 320 240 138 184 262 164 91 57 49 46 61 56 67 63 53 52
46 89 91 52 46 48 56 60 73 104 193 230 162 87 133 163 109 67 51 41 46 51 51 55 71 58 50
52 181 285 67 45 47 54 53 65 92 123 121 108 63 79 87 79 60 47 40 45 50 48 51 61 58 51
46 163 157 105 54 46 53 62 89 119 135 128 125 72 95 109 102 78 49 46 46 48 56 70 216 130 47
52 110 155 150 53 48 55 68 103 127 140 153 167 104 120 119 122 97 53 47 45 52 68 124 516 296 55
48 66 102 85 51 48 53 75 97 104 130 167 171 113 129 137 108 83 52 46 49 48 76 179 216 129 56
59 88 116 207 100 55 92 132 185 199 255 281 271 220 196 190 143 115 65 49 52 72 176 302 154 73 62
50 66 76 120 99 69 211 284 489 340 302 338 337 250 237 237 246 209 101 53 55 108 218 222 149 75 64
49 51 56 56 58 56 96 153 212 205 171 186 151 130 126 146 198 161 74 50 50 64 112 79 63 69 50
49 47 47 49 58 68 93 104 124 132 134 121 83 74 78 96 104 80 57 47 48 59 58 51 50 48 48
46 61 56 57 72 205 217 233 232 218 224 193 134 127 146 200 175 136 87 81 63 54 58 59 61 52 49
46 55 53 51 51 86 113 160 181 156 174 150 110 119 153 204 180 154 99 81 59 52 52 57 59 50 46
43 44 45 46 44 47 56 58 66 70 71 68 59 65 79 93 69 59 50 48 45 44 46 46 48 45 42
43 45 44 46 46 46 52 57 63 72 69 70 66 70 90 106 76 69 49 45 46 44 46 45 46 48 44
46 47 51 50 52 53 67 84 103 113 103 104 104 107 115 137 120 100 70 49 46 46 49 51 51 45 46
46 49 56 48 46 52 61 80 95 99 96 105 108 109 113 138 136 110 69 51 48 44 48 51 51 48 46
45 46 47 51 45 50 54 61 67 68 73 79 75 71 74 101 84 78 55 49 46 44 46 46 49 47 44
49 62 52 51 48 54 63 73 78 77 92 101 81 82 82 104 87 80 54 46 48 48 46 48 50 47 51
78 78 78 67 69 88 111 128 114 124 151 163 121 114 109 127 107 88 61 68 61 59 51 53 58 53 50
