61 56 60 58 47 45 50 46 42 44 43 43 44 42 44 48 41 43 47 44 43 43 44 43 44 43 46
71 63 66 63 54 45 47 44 44 44 44 43 43 44 43 43 42 43 44 44 41 43 49 44 43 45 44
49 56 54 53 48 43 44 43 43 44 41 43 47 44 42 43 39 44 44 45 42 42 44 43 44 41 46
46 55 85 63 50 47 46 43 43 44 44 44 44 43 46 43 43 43 43 47 42 43 44 42 43 47 44
48 56 218 548 121 158 113 48 46 47 47 49 45 45 45 43 45 45 45 44 44 43 44 44 44 45 47
48 47 196 981 202 202 110 52 47 53 49 47 46 45 45 45 43 44 44 44 46 42 45 46 45 46 46
47 44 66 328 92 53 53 50 44 44 45 44 44 44 42 44 43 42 43 42 44 43 44 44 44 44 45
56 60 85 397 93 63 57 59 48 46 44 44 44 44 45 44 43 48 44 42 44 42 43 44 43 44 45
61 46 81 414 102 79 66 144 50 47 48 46 42 45 50 45 44 44 44 44 46 44 43 43 43 44 44
44 46 68 184 62 49 49 58 48 45 44 44 45 41 44 49 43 43 44 43 40 43 43 43 42 43 43
44 45 56 88 55 45 46 45 45 44 44 43 44 40 44 48 41 42 43 43 44 45 44 42 43 43 43
47 44 120 162 95 48 46 52 69 67 46 44 45 44 41 44 43 44 44 43 44 43 44 43 42 43 44
44 49 151 177 95 52 46 45 67 93 55 44 46 44 44 45 43 49 44 43 44 42 43 43 43 45 43
44 43 74 69 51 48 44 42 48 60 51 44 42 44 49 44 42 42 43 44 44 43 44 43 43 43 44
42 45 114 121 90 47 45 49 47 67 71 48 44 45 42 44 43 43 40 44 42 43 48 43 43 45 43
45 48 328 342 342 139 47 51 78 223 174 130 51 50 51 49 50 47 47 44 47 43 46 49 46 48 46
44 44 119 167 268 103 45 46 53 95 96 78 46 46 46 45 48 44 44 43 45 42 44 47 44 45 44
45 44 50 73 94 64 46 43 44 51 53 46 44 42 44 44 43 43 47 42 44 43 42 43 46 44 44
43 50 64 120 120 101 47 44 44 46 49 52 46 43 44 43 43 43 44 42 44 48 44 42 43 42 44
43 39 50 71 77 80 48 43 43 46 44 46 47 44 44 44 43 43 44 44 41 43 48 43 43 44 42
42 43 43 46 49 59 51 46 43 43 43 44 45 44 42 44 42 42 44 44 42 43 47 44 43 43 42
42 46 44 46 50 54 53 43 43 45 42 44 50 45 43 44 43 43 46 43 42 43 43 43 43 40 44
42 44 46 45 51 76 66 47 45 48 46 44 55 55 49 46 43 44 43 46 42 43 44 43 44 45 44
40 43 49 44 46 62 55 46 45 47 45 45 51 58 50 44 45 44 44 44 44 42 43 44 43 44 44
43 41 44 48 46 49 58 50 48 46 45 43 51 65 60 47 43 44 44 43 45 41 44 48 44 44 45
43 43 45 43 49 56 97 82 65 51 48 49 73 95 123 92 55 48 48 46 47 47 44 45 49 48 46
44 44 44 45 46 57 115 98 89 56 51 50 75 111 109 116 74 50 50 49 49 49 45 46 52 51 46
44 43 45 49 45 48 73 95 77 60 48 51 63 97 106 108 82 50 53 48 50 49 45 45 54 66 46
43 46 44 46 48 49 94 147 115 74 53 53 63 109 122 107 90 55 55 50 49 48 46 45 48 57 46
44 48 44 48 53 63 156 190 130 144 67 61 68 123 127 147 127 108 58 56 53 53 51 46 49 58 56
44 49 48 47 50 54 110 166 154 168 110 68 69 127 135 177 143 127 76 58 55 56 51 48 52 72 71
44 50 44 46 47 47 58 75 111 128 107 90 70 127 166 196 142 116 74 57 56 55 53 49 52 95 67
45 48 50 46 47 48 80 110 133 159 116 132 88 117 134 119 104 91 72 54 53 55 51 46 51 67 52
46 51 50 46 48 50 81 123 129 146 124 145 112 135 152 129 113 93 90 59 56 55 52 48 61 114 50
46 49 47 48 48 49 82 138 131 141 124 154 123 160 164 143 113 97 94 63 58 57 54 49 60 87 49
47 51 48 49 49 49 58 106 127 153 143 177 144 169 154 134 112 87 73 57 57 57 54 52 54 81 54
106 66 49 50 49 49 98 134 152 173 160 164 145 169 136 124 110 93 74 59 57 56 54 49 53 66 55
70 431 88 53 51 51 92 157 182 208 148 164 157 158 141 145 141 103 98 74 60 63 57 50 61 83 59
48 71 62 58 51 50 58 63 108 174 159 164 149 164 134 123 131 101 96 67 59 60 59 53 87 141 95
44 47 47 59 50 45 51 64 89 103 86 86 76 110 70 70 77 64 54 51 50 49 51 46 60 80 68
44 50 51 81 57 46 49 55 114 98 91 92 76 83 71 70 65 55 50 52 47 48 48 45 69 81 56
44 50 46 62 84 47 48 49 77 77 86 87 90 81 65 68 70 64 59 56 52 50 50 45 122 122 69
43 48 48 47 61 58 47 48 54 57 74 82 89 63 61 77 66 68 56 51 50 48 48 46 72 71 70
43 45 44 44 48 66 48 45 45 47 53 61 61 55 48 54 55 52 46 46 46 42 46 47 54 52 48
43 47 46 47 54 208 133 61 51 54 55 85 118 72 59 98 114 90 67 54 53 57 50 49 74 81 56
46 51 48 50 50 174 205 80 61 66 60 127 194 154 93 162 217 170 157 94 78 88 64 70 159 255 90
45 44 45 50 46 55 65 55 52 54 52 73 127 118 74 92 168 136 140 87 64 63 61 56 149 142 69
43 45 42 44 50 46 50 56 49 50 49 58 88 86 71 60 94 96 94 76 59 54 55 49 70 82 51
44 47 46 46 49 48 54 108 63 58 57 84 124 112 92 87 109 103 119 140 144 94 74 66 103 192 51
46 48 45 46 46 50 55 78 61 62 57 84 130 120 100 110 115 110 127 178 201 164 137 89 115 317 66
44 46 46 42 46 52 51 53 54 52 53 69 84 87 85 89 98 111 127 163 151 191 148 77 89 313 109
46 50 49 45 47 51 55 58 56 59 62 99 136 146 144 139 130 164 223 274 283 462 256 136 106 165 77
50 55 52 49 51 57 63 70 73 74 69 197 264 231 211 214 220 251 314 384 391 475 414 239 210 190 65
47 52 47 47 48 54 60 63 64 65 62 144 241 300 167 146 148 164 172 256 281 223 204 126 136 191 55
44 45 45 45 44 46 52 50 51 51 49 87 107 107 95 88 85 75 90 135 120 92 93 74 62 75 47
44 48 45 46 47 49 54 56 58 59 60 138 140 131 140 155 126 98 113 192 133 104 109 70 59 70 50
43 47 47 45 47 47 48 51 52 52 54 95 95 98 103 124 110 90 91 127 110 85 78 60 54 63 48
44 47 42 44 45 44 46 48 46 46 47 53 55 56 73 72 73 66 67 76 62 59 53 49 51 47 45
45 51 45 43 45 44 46 47 47 47 48 53 59 61 74 79 77 74 82 85 73 64 55 54 49 50 46
46 49 46 44 46 49 49 52 50 53 57 57 66 69 82 101 101 106 116 117 96 96 76 67 52 58 47
49 48 46 44 46 47 49 53 52 54 55 61 69 73 85 102 127 160 141 137 114 151 126 84 57 73 50
51 47 45 45 44 46 48 48 49 46 49 58 59 58 66 89 91 124 123 89 89 110 101 74 56 62 52
50 58 52 46 46 47 47 48 49 48 50 53 58 61 65 87 88 99 85 87 94 137 99 72 54 58 48
78 70 63 54 50 63 59 56 54 52 55 63 61 66 74 85 103 103 92 119 148 199 150 88 59 65 53
