44 43 44 44 47 44 42 43 44 43 46 45 45 50 44 43 47 46 44 43 44 43 44 42 43 46 44
43 46 42 43 44 43 44 44 44 45 47 50 46 45 45 45 46 50 47 42 45 43 43 43 43 43 44
43 43 41 43 49 44 42 43 43 43 45 48 47 46 44 44 44 45 45 49 45 42 43 42 42 44 43
42 43 44 40 44 48 44 43 43 42 43 48 49 45 44 44 44 45 39 43 50 43 43 43 42 43 44
42 44 46 44 46 42 46 50 46 44 45 99 186 71 46 46 65 56 42 43 50 44 43 43 42 43 44
46 47 47 54 49 52 58 54 54 51 50 80 545 386 63 63 400 312 66 47 45 44 43 44 44 44 45
44 44 44 47 46 44 49 46 46 46 45 52 89 77 50 53 285 292 59 47 44 44 43 43 44 44 44
43 44 44 44 44 44 45 44 45 45 70 72 64 49 46 52 60 50 49 55 44 43 44 41 42 44 43
43 44 45 45 46 45 47 47 49 56 157 79 56 51 52 60 63 58 59 48 47 48 45 44 44 42 43
42 43 43 43 45 43 45 46 46 54 99 49 46 46 45 46 48 47 51 45 45 45 45 44 45 43 42
42 42 43 42 44 44 44 44 46 54 57 45 45 43 44 44 43 43 44 44 43 44 47 44 44 43 42
45 44 44 46 49 48 49 54 124 158 69 46 45 46 47 46 44 45 45 44 47 44 45 44 42 43 44
45 46 44 48 53 51 52 70 171 174 63 49 48 53 60 52 49 49 48 45 50 48 44 44 43 44 44
44 44 46 45 47 46 46 61 87 68 52 43 47 59 64 59 56 55 49 46 45 49 44 45 47 47 43
46 46 47 47 47 49 63 114 109 53 54 46 47 49 59 63 61 54 46 44 45 44 42 43 43 44 44
51 53 49 57 65 69 160 231 198 85 70 59 69 124 144 152 164 141 95 66 50 47 46 43 44 45 46
46 48 47 51 55 57 104 152 121 64 58 51 58 92 108 109 151 141 97 71 49 47 47 47 42 50 56
43 47 44 45 45 44 51 58 47 55 42 44 50 46 47 49 42 46 44 44 42 43 43 43 44 42 47
43 44 45 45 49 49 61 60 53 50 46 43 47 58 63 64 54 54 49 43 44 44 43 44 41 44 48
44 44 41 45 46 48 58 52 50 49 46 46 52 59 98 111 89 89 63 49 48 45 45 44 45 51 47
42 46 43 43 45 42 44 49 45 43 44 43 44 46 46 51 46 48 46 43 45 43 44 43 44 43 44
42 44 43 44 48 47 44 44 44 44 45 42 45 50 46 46 45 44 44 49 45 42 43 42 42 44 42
44 45 50 43 48 56 57 49 56 52 56 48 50 63 72 70 56 59 51 47 46 46 44 44 43 43 49
44 44 46 44 49 60 53 53 51 54 50 46 48 55 63 60 54 61 56 45 52 48 44 46 43 45 51
43 45 45 46 49 63 58 53 50 49 45 44 46 45 47 51 43 46 50 44 44 44 42 43 44 49 47
54 56 53 65 157 210 162 100 76 74 57 56 59 61 59 58 50 51 52 46 44 45 44 47 45 45 46
59 61 56 74 172 223 189 126 99 94 64 70 79 101 94 88 69 58 60 67 61 58 46 43 45 49 53
50 48 47 55 79 113 93 65 84 65 49 49 49 50 51 51 46 46 47 41 48 53 51 43 47 49 63
52 57 54 106 161 149 132 94 89 86 55 53 53 52 50 49 47 46 44 45 43 44 49 44 44 45 46
57 64 90 203 160 148 149 146 92 135 81 77 72 81 66 63 53 50 44 46 43 44 49 44 44 46 44
59 63 71 207 143 121 147 159 133 148 105 104 97 113 90 89 63 58 46 47 51 44 46 45 43 45 46
52 55 54 81 92 91 128 130 158 127 75 62 62 58 56 52 48 48 43 45 50 46 46 44 42 46 47
61 64 68 119 102 99 125 163 286 146 104 97 75 69 59 54 51 48 47 44 46 49 45 44 45 44 45
61 61 64 110 98 94 134 193 205 151 156 158 113 127 110 86 65 53 49 44 46 51 45 45 44 44 45
70 67 60 104 130 111 175 187 166 256 183 183 138 146 108 91 70 58 54 46 46 46 45 46 42 46 51
68 76 63 110 188 175 204 230 200 217 163 181 114 106 85 66 57 52 53 46 46 46 44 45 48 47 47
64 71 66 145 159 150 168 167 168 154 147 134 113 117 87 76 63 55 48 50 44 45 46 44 45 48 46
67 79 95 234 215 176 179 179 184 162 140 122 110 118 101 92 89 70 59 50 48 46 46 46 49 48 46
63 67 58 141 176 152 154 168 158 194 125 105 100 89 72 71 61 52 49 47 46 45 46 42 45 52 54
66 71 62 89 153 180 201 204 190 157 89 78 71 67 59 57 58 50 48 47 44 44 44 44 45 43 46
68 78 85 98 181 215 191 182 253 138 112 109 112 97 75 69 61 55 50 56 48 46 45 44 44 47 46
64 81 68 84 157 221 160 149 160 110 104 101 110 103 79 74 69 58 55 49 48 47 44 43 45 48 46
58 59 55 67 95 159 135 121 129 83 69 62 58 59 58 52 48 47 47 46 48 45 43 44 44 45 45
58 62 54 64 79 139 177 122 95 74 62 61 57 52 53 56 49 47 46 46 45 44 44 43 43 45 43
94 82 65 80 110 191 160 184 173 117 105 116 110 97 81 79 82 66 59 55 46 47 49 45 45 46 46
81 73 56 69 86 143 155 150 127 94 78 98 89 74 67 69 65 63 54 50 47 47 46 45 44 46 46
51 52 49 55 63 98 100 79 71 63 55 52 52 48 48 52 45 45 45 39 44 48 44 43 44 43 44
118 67 59 72 100 170 167 159 127 96 89 82 76 64 56 55 53 49 45 47 43 44 49 46 54 47 46
306 115 70 95 175 242 230 223 203 146 137 140 141 104 84 86 74 63 52 53 46 46 51 48 47 47 46
216 85 58 72 106 154 147 140 137 106 96 88 81 68 59 55 56 51 49 46 49 43 44 49 44 46 46
164 108 62 81 122 156 142 123 125 102 95 80 72 60 56 55 51 50 46 47 50 45 44 44 43 45 46
411 372 125 289 338 312 330 271 258 194 186 205 179 145 126 130 97 92 68 63 50 49 50 47 49 57 50
218 235 105 286 330 318 348 303 262 191 169 206 190 153 140 147 123 112 81 72 52 48 49 53 48 84 51
92 124 66 134 159 148 159 128 115 93 82 91 85 75 67 65 55 53 49 49 46 46 46 43 44 76 48
182 384 225 421 501 464 415 281 248 169 143 156 126 113 97 97 85 71 62 58 51 48 45 47 51 57 51
216 482 416 499 586 746 564 404 289 212 173 184 157 141 127 129 118 104 93 127 65 60 55 47 51 63 56
70 139 167 183 207 168 154 144 97 74 66 69 67 60 56 56 51 50 48 48 43 45 49 44 44 46 45
50 60 65 78 67 54 55 53 50 48 46 46 46 43 45 48 42 44 43 43 44 40 44 47 43 44 45
66 90 92 102 109 112 102 90 74 65 57 56 54 51 50 48 45 45 46 45 45 41 44 48 44 46 46
158 155 125 129 156 158 166 154 153 124 93 84 71 71 61 57 53 51 48 49 46 43 45 44 44 47 51
95 85 76 72 74 89 92 95 107 83 72 68 59 57 54 51 50 46 46 44 45 43 44 44 43 49 68
50 52 51 57 56 55 58 62 63 55 53 50 51 46 46 47 43 44 44 43 44 43 42 43 44 44 53
68 84 65 77 84 79 93 110 110 98 100 80 64 60 57 60 56 54 46 44 45 43 44 44 44 49 54
103 114 102 119 125 142 165 198 179 172 158 145 97 89 85 93 84 64 53 56 46 45 46 45 49 52 58
