44 44 44 44 44 44 44 45 44 45 45 54 54 62 54 46 47 49 46 45 48 45 44 43 43 44 44
44 44 44 44 45 44 45 45 45 46 45 73 98 161 78 52 50 48 49 46 45 46 49 43 43 44 45
43 48 44 42 44 42 43 44 44 44 42 45 55 59 53 44 40 44 44 46 42 42 44 43 43 46 44
42 43 42 43 44 43 44 41 43 49 44 42 49 71 47 45 44 43 46 42 44 43 40 43 48 44 43
43 44 44 43 45 45 46 46 44 45 51 46 61 231 110 63 48 46 47 48 44 43 44 44 43 44 44
44 44 44 46 46 46 46 46 44 46 51 47 67 144 304 171 56 70 63 49 42 44 49 44 43 44 43
43 44 39 44 50 44 44 44 43 44 45 45 54 54 129 140 47 50 64 45 44 41 44 47 43 43 44
44 44 44 45 41 45 51 46 45 46 44 68 293 66 56 62 45 45 82 62 46 41 44 48 44 43 44
42 44 50 45 46 46 45 47 47 47 53 129 252 84 52 52 50 46 56 69 52 43 44 44 43 44 42
43 44 44 44 50 45 44 46 44 47 57 117 85 51 45 45 45 44 54 44 46 46 43 44 43 44 48
43 43 44 47 45 43 46 43 44 53 67 70 53 44 44 44 40 43 45 44 43 43 43 42 44 44 45
44 46 46 47 48 48 50 50 56 152 187 121 54 49 51 45 46 44 46 44 45 48 43 44 47 44 46
47 47 46 47 51 49 53 53 76 179 178 120 65 60 54 49 54 62 65 54 54 54 57 46 47 49 45
43 48 43 45 47 47 48 50 63 85 79 72 75 81 85 80 68 75 74 63 53 53 65 47 50 54 48
45 46 45 47 51 49 53 76 134 105 60 65 68 62 74 71 59 56 53 46 46 46 45 43 44 44 45
52 54 54 59 64 70 99 205 273 207 137 128 120 177 177 165 220 185 139 110 59 51 61 51 50 48 48
47 48 48 48 53 64 65 101 148 111 83 70 69 93 95 103 140 155 108 91 62 48 57 63 51 61 58
43 44 44 46 45 50 54 70 78 59 49 46 46 47 48 51 47 47 41 44 50 43 45 44 42 48 64
46 49 48 50 53 63 79 123 106 70 49 63 58 65 74 74 63 65 64 47 46 45 45 45 45 46 47
45 46 47 47 49 59 64 78 65 49 48 62 59 74 96 99 89 99 74 59 60 54 49 63 47 47 48
42 45 45 45 46 63 56 49 46 44 45 49 46 44 48 49 47 47 48 49 46 44 45 44 44 47 45
43 46 46 46 49 62 81 47 47 51 46 45 46 45 48 47 45 46 46 44 43 43 44 38 43 49 46
46 51 51 52 57 99 114 65 55 57 51 63 56 65 83 62 54 63 58 53 49 46 42 45 50 45 67
46 47 49 49 53 84 97 60 53 50 54 52 48 52 58 49 53 58 53 50 46 47 46 47 42 45 139
50 53 53 57 64 123 163 88 56 54 54 51 48 48 48 46 44 46 46 44 43 44 48 44 43 45 55
59 66 58 94 126 199 205 174 104 69 59 67 64 63 65 56 48 53 50 46 47 47 45 48 44 46 49
61 68 71 111 142 209 204 187 114 81 61 63 63 74 70 64 58 55 57 59 60 57 47 47 47 48 58
56 58 57 66 73 131 165 126 73 77 56 57 50 47 48 46 47 46 47 44 46 47 44 46 50 48 79
75 81 92 163 186 276 281 250 187 115 69 71 61 56 54 51 50 48 48 45 46 47 46 46 43 47 57
72 88 131 281 225 235 214 221 178 133 84 95 84 75 60 56 47 50 47 49 45 45 45 45 46 45 51
67 77 108 252 184 180 188 205 196 177 93 92 77 70 63 53 51 49 47 46 46 46 43 46 50 46 61
60 64 63 95 104 108 168 233 197 138 74 63 58 54 51 49 49 47 45 45 45 45 45 43 45 51 59
57 65 85 107 84 89 132 172 162 155 135 125 93 78 60 51 48 47 45 46 49 46 44 45 44 44 48
58 66 160 118 89 89 125 153 155 170 109 142 111 100 77 66 53 51 48 43 46 53 46 44 44 44 47
65 65 87 119 102 102 135 170 159 173 157 157 111 113 76 69 53 50 50 51 46 47 46 44 45 46 47
70 80 82 190 180 183 212 214 187 180 168 135 81 84 66 55 51 50 44 47 50 46 45 45 44 46 50
72 85 136 236 194 190 202 188 166 177 168 144 115 118 96 86 69 60 53 50 51 48 45 45 45 48 51
78 92 99 215 254 217 222 224 184 186 156 151 117 124 100 95 85 72 70 54 51 54 51 47 51 70 63
62 69 67 93 130 130 190 149 139 138 115 89 74 66 57 54 53 50 51 46 45 45 46 45 46 74 104
66 73 71 84 175 154 185 164 152 154 106 89 73 68 56 53 51 46 47 50 46 45 45 44 44 47 51
67 75 72 85 146 152 173 193 182 148 126 110 103 100 74 71 65 59 58 46 50 53 49 51 46 47 49
63 69 68 83 133 156 133 178 149 127 126 100 100 89 67 63 60 54 50 51 46 51 50 63 48 52 50
52 54 54 59 73 102 94 94 80 82 67 58 53 51 48 47 45 48 46 43 46 44 44 45 44 45 48
64 66 64 72 92 136 142 228 107 117 99 90 81 66 57 53 50 48 46 46 46 47 48 46 44 46 47
78 83 74 92 135 175 158 257 157 190 157 147 145 120 93 87 81 60 53 49 50 56 52 48 52 50 48
69 71 72 77 100 137 131 204 101 118 88 83 75 65 56 53 51 50 47 44 47 51 45 46 51 46 50
62 57 55 63 68 92 96 94 71 59 56 59 51 47 48 46 45 44 47 44 44 45 44 44 45 43 45
162 89 71 89 130 169 154 188 108 114 99 94 83 69 61 57 53 50 52 44 49 50 45 46 50 51 52
317 151 96 115 207 222 181 200 135 143 130 116 121 85 68 67 56 56 51 51 47 54 54 55 47 47 47
290 130 93 95 172 182 156 161 100 100 78 68 64 57 52 50 47 47 46 47 46 47 48 48 46 44 48
277 200 107 125 228 238 212 208 117 120 97 81 70 64 56 51 52 49 47 46 48 52 46 43 46 47 50
644 635 239 270 451 411 397 358 236 210 181 188 163 125 97 78 70 59 66 54 55 75 51 47 54 55 58
369 506 308 344 467 449 459 380 224 202 163 173 140 102 82 68 64 63 63 52 59 54 48 52 46 56 62
147 327 271 301 356 353 230 221 120 125 104 90 78 65 62 63 57 54 50 52 48 47 46 46 46 50 50
214 535 468 570 644 579 417 284 187 182 149 133 101 93 79 68 64 56 54 51 53 52 48 49 48 53 59
245 630 586 661 754 897 598 289 185 182 155 148 125 110 96 84 73 63 61 54 54 55 49 51 50 55 65
159 298 448 580 716 697 390 216 147 137 112 106 91 79 72 71 63 56 56 50 49 55 48 49 49 49 60
72 71 78 138 142 123 90 69 59 58 58 52 50 48 46 46 48 45 46 44 43 44 44 44 44 42 50
60 66 78 90 101 90 78 72 61 61 52 50 48 46 46 46 46 45 44 47 45 42 44 42 43 46 48
113 86 98 99 113 113 116 94 87 72 61 56 51 52 51 49 49 47 46 40 46 50 44 43 44 45 56
75 69 65 63 73 76 81 88 85 65 60 54 52 50 50 53 50 49 42 45 43 44 49 44 43 48 66
52 54 52 56 58 63 65 72 74 59 59 54 51 49 51 52 46 49 41 45 44 44 49 44 43 45 58
58 69 61 67 67 72 85 102 104 82 78 69 56 55 58 61 60 58 44 49 52 50 44 44 46 48 56
90 100 102 103 107 125 148 183 152 136 119 110 79 76 71 81 74 63 53 61 60 58 46 45 52 50 61
