50 43 43 44 44 43 44 43 44 41 44 48 44 43 44 43 41 43 44 43 46 42 44 48 44 44 46
44 43 40 45 45 44 47 44 42 44 44 44 45 42 45 49 42 43 43 43 48 45 44 42 44 47 47
43 43 42 44 48 44 43 43 43 44 44 43 44 48 44 44 42 43 43 49 46 42 44 42 44 44 46
43 43 43 44 47 44 45 44 42 44 44 44 44 41 44 48 43 44 43 44 46 42 43 43 43 44 42
43 42 44 48 45 44 44 42 43 44 44 44 41 44 48 44 43 43 43 44 47 44 42 43 43 44 45
44 43 44 46 46 42 45 46 44 42 44 44 44 44 42 44 43 43 44 42 44 44 43 44 41 44 50
44 42 47 43 44 43 42 43 48 44 42 43 43 43 44 43 46 43 44 44 43 43 43 43 44 41 44
42 44 43 43 45 43 45 43 43 44 49 44 43 43 43 43 47 43 44 43 42 43 44 43 44 41 44
42 43 44 44 42 43 49 44 43 44 43 44 44 43 44 46 42 42 43 38 44 49 44 43 44 43 44
41 43 44 43 45 41 44 43 43 43 44 44 43 43 44 41 42 42 44 43 44 46 44 42 43 43 44
42 43 44 43 44 42 44 47 43 42 43 43 44 44 41 44 42 43 40 43 44 43 47 44 42 43 43
42 43 43 43 43 44 41 43 48 44 44 44 44 44 44 44 43 45 44 46 44 42 43 42 42 44 42
42 48 44 42 44 42 43 44 42 44 47 44 43 43 42 43 43 44 43 43 47 44 43 44 42 45 44
43 43 49 44 42 43 42 43 44 43 44 46 44 43 44 44 42 44 45 44 46 43 42 43 43 44 44
43 42 44 42 44 44 42 43 46 44 44 43 43 43 44 44 47 44 44 44 44 42 44 45 44 45 44
46 44 43 43 43 44 44 43 44 46 44 44 44 43 43 46 46 44 48 44 43 43 45 43 43 46 44
45 43 42 43 43 43 44 42 44 47 44 43 44 43 44 46 47 44 49 43 44 44 43 43 46 43 44
42 47 44 42 44 42 44 44 43 44 46 44 45 44 43 60 51 45 44 43 44 45 43 43 39 43 46
43 46 44 43 45 44 45 46 44 46 50 46 47 46 46 68 473 80 46 44 45 44 46 44 45 44 42
44 44 42 45 47 46 49 46 45 46 47 48 48 44 47 57 429 711 47 44 45 44 44 44 47 44 44
43 43 40 44 49 44 44 44 42 44 45 44 45 46 45 50 72 228 45 43 45 40 43 48 44 42 44
40 43 51 44 44 44 45 44 45 45 45 43 45 48 48 51 79 167 49 46 44 42 43 44 44 44 44
40 44 50 46 48 47 59 47 49 50 49 52 48 51 54 65 92 129 55 44 44 42 43 45 43 43 43
43 41 44 50 46 48 52 47 48 51 50 56 49 55 56 69 69 102 64 44 45 44 42 43 43 44 43
44 46 49 54 68 97 93 105 93 105 123 139 103 114 133 254 60 87 66 43 44 45 44 44 42 44 47
53 57 62 114 240 328 294 314 280 269 284 251 191 185 207 121 70 67 64 45 45 45 45 45 46 43 46
53 58 71 145 262 331 298 216 170 122 105 85 83 82 77 68 57 51 51 44 44 46 45 44 44 44 45
58 46 47 51 55 65 65 51 48 48 46 46 50 45 47 51 42 44 44 39 44 49 44 42 43 42 43
45 46 77 86 70 69 65 59 57 54 51 50 55 59 48 44 43 45 43 46 44 44 44 42 43 43 43
45 59 113 131 95 95 91 107 78 68 60 61 65 61 50 52 46 45 41 44 46 44 46 44 42 43 44
47 46 58 93 87 85 104 118 92 107 80 72 74 65 56 54 46 51 44 44 44 42 43 43 43 44 41
46 48 48 56 66 73 101 134 108 115 93 105 108 83 68 55 47 45 46 43 46 44 43 43 43 43 44
51 52 58 80 118 127 182 278 252 263 246 249 203 228 163 108 56 48 50 45 46 45 43 44 44 45 46
50 52 57 80 112 122 178 253 262 296 268 344 256 264 261 244 136 55 47 47 46 46 45 44 44 44 46
52 52 54 81 110 112 157 283 269 291 281 339 310 324 260 242 186 63 47 42 46 44 45 48 46 45 46
46 47 48 63 81 78 91 140 139 169 196 246 244 271 181 127 78 49 47 44 45 44 42 44 48 45 44
45 46 47 56 68 69 77 95 140 130 152 141 154 159 99 79 71 57 46 47 45 42 44 43 43 44 44
45 46 47 53 64 66 63 88 90 141 125 137 143 138 107 95 78 56 45 43 44 42 44 44 43 44 45
45 44 49 51 63 61 61 66 77 146 155 129 143 122 96 76 76 49 44 43 44 44 41 43 48 44 43
46 46 45 59 78 71 68 77 85 160 223 239 213 204 157 149 73 48 45 44 45 42 44 48 44 44 44
44 48 52 60 75 72 70 80 89 156 254 206 231 227 185 183 103 50 45 44 45 44 43 44 44 44 45
45 47 51 60 76 73 71 78 91 147 249 233 257 226 153 97 58 46 46 43 44 43 44 44 43 44 47
45 43 47 59 67 63 63 67 76 112 165 172 212 192 126 64 47 46 44 44 44 44 44 44 44 47 45
43 44 46 52 63 62 59 67 68 96 108 121 131 104 70 54 46 41 44 48 44 43 44 42 43 44 44
44 49 48 56 88 96 68 69 83 96 95 104 97 83 68 51 45 44 42 44 47 44 45 44 44 44 44
47 52 49 67 174 150 90 85 122 112 108 107 114 91 72 57 48 45 43 44 44 44 45 41 44 49 44
46 50 47 66 125 133 80 90 128 150 169 175 202 119 72 61 49 44 45 48 45 44 44 42 44 44 45
58 60 69 154 406 220 159 180 278 347 379 416 494 237 99 84 61 50 46 50 46 46 45 44 46 46 46
62 67 74 179 479 316 246 282 394 455 475 445 472 234 110 92 66 51 44 47 50 47 47 46 44 51 47
53 56 59 107 224 180 136 194 274 307 339 351 303 121 85 74 57 48 41 45 50 45 45 44 43 46 46
48 50 53 96 157 130 110 140 163 175 191 173 146 82 64 59 47 46 49 44 46 44 43 43 44 44 46
53 55 62 196 228 192 175 200 184 168 178 181 142 79 63 60 50 46 45 44 45 45 46 44 46 45 45
54 58 65 229 221 204 233 248 210 175 153 166 116 76 65 64 50 46 44 44 46 45 46 43 45 48 46
55 59 63 185 203 226 270 257 224 192 136 124 92 74 63 59 51 46 45 42 46 48 45 46 45 44 45
71 79 103 402 479 547 525 406 382 322 257 167 143 106 83 74 58 52 48 46 47 47 46 46 48 47 47
88 118 171 584 691 944 804 555 479 383 306 203 183 129 99 86 63 56 53 48 49 49 46 47 50 48 50
82 98 107 365 604 852 683 441 333 237 190 156 143 105 81 74 58 52 48 47 45 48 50 46 46 46 47
56 51 50 75 123 197 187 121 79 71 66 63 60 54 51 49 45 45 44 44 47 44 46 44 42 43 44
69 60 60 66 88 105 123 97 81 62 58 52 54 56 48 46 43 44 45 43 44 44 43 47 44 42 44
186 142 140 124 143 165 189 160 137 95 78 76 68 60 55 55 42 46 45 46 44 44 44 44 44 42 47
109 120 110 105 102 115 110 104 93 70 63 65 58 52 51 50 47 48 46 42 45 46 44 44 42 44 63
57 67 73 86 86 79 76 70 65 56 52 53 57 49 48 50 48 47 44 45 44 43 49 42 43 45 44
132 177 161 140 128 102 101 95 77 67 62 62 64 54 52 58 55 54 46 44 48 48 44 44 48 47 49
227 317 298 230 189 197 167 144 104 91 82 77 74 65 63 68 70 59 52 60 56 57 46 45 45 50 58
