52 44 43 43 44 43 43 43 44 41 44 44 44 44 44 44 42 43 46 45 46 47 46 45 47 48 46
44 44 40 43 46 44 46 44 43 43 44 43 44 41 44 49 41 44 45 44 48 46 46 44 47 56 52
43 43 44 44 48 43 42 43 43 43 44 42 44 48 44 44 42 44 45 44 51 46 43 44 46 51 54
42 43 45 44 46 43 42 43 43 43 44 41 44 48 44 42 43 42 44 47 46 42 43 43 47 49 51
43 43 45 43 44 47 44 42 43 43 44 44 42 43 49 44 43 44 46 41 46 47 48 48 61 91 137
44 43 44 46 44 45 44 43 43 43 44 44 42 44 49 44 45 49 50 48 50 50 53 74 259 196 101
42 42 47 42 43 44 43 43 46 43 44 43 43 43 44 43 43 44 45 45 46 46 52 60 117 66 50
43 43 46 43 44 44 40 43 48 44 42 43 44 43 44 42 48 44 45 44 44 49 63 56 57 48 49
42 44 43 43 42 43 49 44 42 43 44 43 44 43 44 47 42 44 46 41 46 51 89 88 70 50 50
43 43 43 44 42 44 48 44 42 43 43 43 44 42 44 49 45 46 49 45 51 58 63 294 121 59 55
42 42 44 43 44 41 44 48 43 42 43 42 44 44 43 44 44 43 42 45 43 46 52 89 66 54 47
42 43 44 43 44 41 44 48 44 42 44 43 44 44 43 44 45 46 49 54 50 50 55 166 172 87 56
44 50 45 43 45 43 44 44 44 45 44 44 46 44 43 46 50 59 60 65 68 66 71 310 525 339 93
44 42 44 44 44 44 44 43 44 44 44 44 44 44 46 46 48 55 56 61 65 61 63 142 394 460 142
43 42 43 42 44 43 43 44 42 44 47 44 42 43 44 44 47 45 46 48 46 46 48 57 100 147 74
43 44 44 44 44 42 43 44 42 44 48 43 44 44 42 44 47 47 49 46 49 47 50 76 137 162 117
45 44 42 43 44 43 44 42 44 48 44 43 44 42 44 44 45 46 55 48 50 51 51 78 139 168 183
43 46 44 44 44 43 44 43 44 42 44 48 44 43 44 43 46 46 53 47 49 50 47 68 118 155 170
43 45 44 42 44 43 44 44 42 44 48 43 44 44 43 44 44 46 49 50 50 50 55 70 114 186 190
44 44 41 44 47 44 44 44 44 44 44 43 44 44 42 45 48 53 57 59 56 59 64 129 211 260 384
44 44 40 43 48 43 45 44 42 44 44 43 44 42 44 47 44 48 50 51 52 51 52 70 124 197 274
42 44 46 43 45 43 42 43 43 43 44 43 44 44 47 44 45 46 44 45 45 46 46 49 55 91 140
40 43 48 44 43 44 43 43 44 43 44 44 44 45 44 42 44 45 46 46 48 46 47 52 59 91 193
42 41 44 48 44 43 44 43 43 44 44 43 44 45 44 44 44 46 46 45 46 46 46 52 54 94 148
43 41 43 48 44 42 43 42 43 44 43 43 46 44 44 44 43 43 45 43 45 46 45 53 51 52 95
42 43 44 43 44 44 41 44 47 44 42 43 44 43 44 44 44 50 47 47 48 47 53 83 75 81 97
50 51 50 49 48 47 49 48 48 49 46 48 51 48 50 68 103 150 181 207 202 260 328 3744 376 325 259
46 47 46 44 45 44 45 45 42 45 49 44 44 44 46 51 62 79 92 100 99 244 329 364 280 294 265
43 45 44 42 44 43 44 44 41 43 49 44 43 44 44 46 50 53 56 62 63 94 128 122 85 85 74
46 44 45 44 43 43 43 44 44 41 44 49 44 43 44 44 47 51 61 66 69 86 89 82 65 66 62
43 44 44 44 44 43 44 47 44 42 44 43 44 44 42 48 50 65 77 97 94 109 99 90 76 87 72
44 49 45 43 44 43 44 44 43 44 47 44 45 44 43 49 60 99 102 114 133 151 121 109 100 108 91
45 46 46 44 44 44 44 45 41 45 49 44 44 44 45 53 72 132 169 179 191 245 206 140 106 89 75
48 47 50 46 44 44 45 45 45 42 45 50 46 44 46 93 143 186 228 224 245 307 279 235 195 119 102
48 46 47 46 46 46 43 46 50 46 45 46 45 46 47 114 172 232 283 305 291 373 363 306 256 152 93
46 46 45 46 45 45 46 43 45 49 45 44 45 44 48 71 145 198 233 275 227 293 276 217 193 102 78
44 45 49 44 43 44 44 44 44 42 44 49 44 43 46 58 79 116 138 146 117 131 143 115 111 67 60
44 45 45 43 44 44 44 44 42 44 49 44 44 44 44 67 87 104 111 111 98 130 165 121 84 69 71
43 44 43 44 45 44 44 43 44 41 44 48 45 43 45 67 86 113 139 111 121 179 160 85 76 72 70
45 44 46 43 44 44 44 44 41 44 48 44 43 44 44 62 116 128 134 154 199 126 93 73 70 62 59
45 44 44 44 45 44 44 44 44 44 44 44 44 44 48 70 149 140 155 196 165 121 106 75 74 65 63
43 46 50 45 45 45 44 44 44 44 45 44 45 47 46 60 136 160 191 203 198 200 145 135 93 82 73
44 42 45 49 44 44 44 44 44 44 44 44 45 49 45 53 96 124 169 139 120 144 103 87 78 87 209
44 44 44 47 44 43 43 43 43 44 43 44 48 44 44 47 66 77 100 99 92 121 83 67 68 67 222
44 44 44 44 46 44 44 44 46 44 44 44 44 44 44 48 72 81 82 89 96 101 99 65 68 74 104
45 44 44 44 45 44 46 44 45 45 43 43 45 45 45 47 76 102 105 109 119 109 90 80 106 155 210
44 45 45 44 46 44 46 44 43 44 44 44 45 45 45 49 76 113 136 138 140 120 84 85 183 225 186
45 46 45 46 47 44 46 44 43 44 45 44 45 42 46 56 84 163 225 261 207 133 104 94 174 205 82
48 49 49 47 48 46 47 48 46 45 46 46 46 46 45 62 140 264 325 369 375 235 179 255 700 386 119
47 47 47 44 46 47 46 46 45 44 45 45 46 46 45 58 107 200 247 310 281 184 216 283 366 268 103
44 44 44 45 45 44 44 44 46 44 43 44 45 44 45 47 65 103 130 158 122 127 193 138 190 166 73
47 47 46 45 45 44 45 46 43 45 47 44 44 44 46 53 79 129 160 175 138 237 243 187 169 91 71
46 45 46 46 44 44 46 45 45 43 45 48 45 44 45 53 85 134 153 163 146 234 280 193 149 84 70
46 46 45 46 45 44 43 44 47 45 43 44 44 44 46 50 68 116 136 141 174 221 265 158 91 72 64
48 46 45 46 46 45 46 42 45 49 45 43 45 44 46 57 75 132 206 243 249 298 306 151 102 85 72
49 50 47 48 46 47 48 44 46 48 46 45 46 46 48 64 95 207 326 435 343 365 405 217 137 110 87
50 48 47 46 45 46 46 46 42 45 49 46 45 46 47 61 87 145 291 392 331 318 344 153 119 99 81
46 45 45 49 45 43 44 44 44 44 43 44 48 44 45 53 64 92 150 200 191 170 141 83 75 68 59
56 51 49 49 50 47 46 46 44 45 46 45 46 49 49 69 104 192 302 363 299 334 216 128 113 94 78
98 67 60 59 47 48 52 49 48 49 45 49 52 51 57 98 160 263 394 386 345 440 276 152 142 114 91
71 58 49 47 45 46 46 46 46 43 46 52 46 47 57 89 158 231 266 300 269 322 216 148 126 97 85
47 48 46 46 46 45 44 44 44 44 47 44 46 51 52 73 92 141 164 135 133 137 121 93 78 71 66
58 71 53 60 49 46 51 49 49 47 46 50 54 53 60 127 138 159 145 138 136 151 120 100 91 71 63
71 77 66 64 58 59 58 59 51 59 53 52 50 57 72 108 135 128 113 135 147 178 139 121 89 72 65
