43 42 44 47 44 44 45 44 50 49 106 164 56 48 50 45 44 44 44 43 44 46 45 44 40 43 44
45 44 44 41 44 42 44 48 46 47 100 106 77 57 46 45 43 42 44 45 47 51 47 44 48 44 43
43 41 48 48 45 43 44 43 44 46 83 90 79 50 48 44 42 43 48 44 44 44 42 43 43 43 44
43 44 44 41 44 48 44 43 44 44 56 76 108 48 49 45 43 44 48 44 42 43 43 43 44 42 44
42 43 42 44 48 43 43 44 44 45 58 106 87 56 46 44 43 44 43 49 44 42 43 42 43 44 43
44 44 44 43 44 44 48 44 43 46 69 90 78 45 46 49 46 44 43 43 43 43 44 42 43 46 44
44 46 42 43 45 44 45 46 46 52 128 144 56 47 46 45 43 47 44 42 43 42 43 44 43 43 46
44 42 47 42 44 44 46 46 48 72 153 154 61 49 44 46 44 44 44 44 44 44 42 43 42 43 45
46 44 48 44 41 45 46 48 56 125 159 72 51 46 46 44 45 43 44 40 44 41 44 48 44 42 44
42 44 43 43 44 44 49 50 82 117 157 63 48 47 46 45 42 43 38 43 49 43 43 43 42 43 44
43 44 44 44 43 46 62 68 117 139 131 62 49 47 46 46 43 42 42 39 44 48 44 43 43 42 43
42 44 44 44 47 45 66 102 136 146 97 52 48 47 46 45 42 44 49 44 43 43 42 43 44 44 44
43 44 44 44 44 47 58 140 140 158 86 54 49 46 45 45 44 41 44 48 44 43 43 42 43 44 44
43 49 44 44 45 48 73 171 177 121 74 51 53 47 46 46 43 43 44 41 44 47 44 44 43 42 44
42 45 44 44 46 53 96 171 164 101 68 48 48 46 46 46 44 43 46 43 44 43 41 44 48 44 42
43 44 45 43 47 50 159 225 146 88 64 52 47 47 46 46 45 45 45 48 43 44 41 44 42 44 48
44 43 46 44 48 57 191 321 103 74 58 50 47 48 47 46 47 45 45 49 44 43 44 42 44 49 45
48 44 44 44 53 75 248 130 83 56 50 52 47 45 45 45 46 44 46 45 44 43 43 45 44 42 44
48 44 44 44 45 78 258 125 86 61 50 52 47 45 45 45 43 44 46 44 44 41 44 49 44 44 43
43 42 45 43 47 78 199 140 87 78 53 49 47 47 48 46 44 43 44 43 44 43 44 44 43 49 44
44 41 45 47 50 95 170 169 130 95 76 54 47 49 51 46 45 44 44 44 44 44 45 44 45 45 44
45 47 46 49 50 68 246 224 195 145 91 64 59 53 49 49 46 46 48 44 44 44 44 44 44 45 44
44 49 46 47 49 76 236 197 249 184 132 111 67 61 54 52 44 47 45 47 43 44 44 45 47 42 45
45 47 48 46 54 68 158 205 317 246 180 146 80 77 60 56 53 50 44 49 45 43 45 45 44 45 45
46 48 49 47 50 62 150 198 290 289 206 167 114 88 63 63 55 51 46 45 45 45 45 42 45 50 46
46 53 46 50 50 53 121 163 215 240 287 202 149 145 71 66 60 54 46 44 45 44 44 45 43 44 49
46 48 48 46 50 54 97 111 142 163 221 204 200 149 89 67 63 50 48 47 44 44 45 45 42 44 49
47 51 50 49 51 66 102 91 136 164 247 342 265 311 170 114 108 60 45 45 49 46 46 44 43 44 45
46 49 48 53 53 52 66 98 115 138 163 253 267 404 191 127 88 54 44 45 49 45 44 44 43 44 45
45 48 46 47 46 56 64 68 74 94 117 162 198 310 177 124 69 62 45 39 44 49 44 43 44 43 44
45 49 47 47 49 52 56 62 70 90 113 195 252 455 238 180 84 63 49 44 44 44 44 44 45 44 45
46 48 47 47 49 50 57 61 67 88 126 171 265 382 287 240 97 75 49 49 45 44 44 43 44 46 45
46 53 47 46 48 47 52 55 62 65 99 138 203 227 309 206 101 72 49 48 44 43 44 43 44 44 43
44 46 46 46 47 46 50 52 56 63 85 132 165 192 195 150 102 67 44 44 49 44 44 44 42 43 45
45 46 46 45 47 47 51 54 54 63 81 112 159 304 191 135 115 71 43 45 42 44 49 44 44 44 43
44 44 44 45 46 46 46 50 55 55 68 83 108 168 170 113 88 54 44 42 44 42 44 47 44 44 45
45 44 43 44 44 45 46 46 48 54 56 61 68 128 94 92 65 49 44 46 42 42 44 43 43 43 44
47 44 43 44 44 45 46 46 48 54 59 61 65 89 92 90 74 54 44 43 44 42 44 47 44 42 44
43 41 44 42 45 49 46 45 49 48 63 68 71 90 86 84 71 54 44 43 44 41 44 46 44 44 44
43 40 44 49 45 45 46 46 49 49 59 60 69 86 91 78 75 54 44 44 42 43 48 44 44 44 42
43 48 44 44 45 44 47 50 51 50 51 62 80 92 90 85 77 52 44 44 44 44 43 48 44 43 44
42 44 44 44 45 42 48 59 57 49 55 58 76 92 89 90 70 52 42 44 42 43 49 44 43 43 44
45 44 44 44 47 50 57 101 136 66 56 60 79 95 86 100 78 57 44 42 45 44 44 44 44 44 44
43 47 52 47 54 80 142 256 198 126 66 63 79 91 78 96 85 59 43 44 45 44 45 42 44 49 44
46 50 46 52 94 187 162 207 121 111 78 65 73 76 79 106 107 69 45 43 45 44 46 45 45 44 44
46 51 50 90 194 179 145 110 99 110 98 98 80 74 94 112 117 75 45 43 45 44 45 45 41 44 49
46 53 84 167 164 109 66 59 94 116 118 135 93 84 113 118 103 63 40 44 50 44 44 44 43 44 45
71 139 170 95 65 86 59 63 93 113 144 204 185 109 124 121 104 59 44 45 47 45 44 44 44 44 45
153 233 62 51 51 54 61 61 90 127 195 174 174 95 98 109 82 50 46 40 45 48 47 44 44 43 45
66 69 51 48 51 51 54 60 76 106 167 186 242 133 104 108 77 48 44 43 45 47 45 43 44 43 44
47 51 49 48 50 49 56 64 69 119 178 240 257 180 140 121 74 49 45 48 46 43 44 44 44 44 44
47 57 49 49 51 52 58 63 69 140 214 275 269 204 154 114 62 52 46 46 45 43 46 44 45 45 42
49 54 50 49 51 53 59 64 72 133 248 372 300 210 151 95 63 51 45 45 48 46 44 44 43 44 45
49 54 50 49 51 52 60 64 71 95 278 445 215 148 94 76 60 50 42 45 43 45 49 44 43 44 43
46 46 46 47 49 49 51 56 63 64 110 196 91 74 61 56 53 47 45 41 44 42 44 49 44 43 44
46 51 46 51 56 55 62 60 59 58 64 79 63 56 52 51 52 47 46 42 44 42 44 48 44 42 44
58 53 52 58 71 76 79 78 71 72 64 67 61 54 54 52 49 49 47 44 47 49 45 44 46 42 43
62 55 57 74 75 90 85 92 77 78 66 64 58 54 53 51 50 47 48 44 46 50 46 44 44 43 44
68 62 77 75 84 77 95 92 81 82 65 58 56 54 53 50 49 50 48 50 46 46 58 46 44 44 43
74 72 90 77 83 91 113 105 85 80 63 56 57 54 51 50 53 56 50 49 52 54 51 58 48 44 43
50 88 90 79 83 101 100 97 77 71 60 56 56 51 51 50 53 63 51 52 46 51 58 61 47 43 45
48 113 66 77 90 87 101 84 67 62 59 55 55 54 56 52 59 70 63 50 55 55 55 52 46 44 48
55 80 60 64 84 68 81 71 59 59 60 55 53 52 53 52 51 60 53 50 50 57 55 44 46 47 45
68 56 49 55 71 63 76 67 53 56 56 52 49 49 47 50 46 49 51 50 51 56 50 44 45 47 44
