43 44 46 44 45 70 93 130 74 62 60 59 50 53 70 136 107 355 63 47 43 44 50 44 44 44 43
43 43 40 44 51 246 108 49 45 45 46 45 46 44 47 48 49 120 58 43 44 44 44 44 44 44 46
43 46 44 45 51 71 90 46 45 45 42 44 49 44 44 45 53 70 51 45 42 43 43 43 43 42 43
42 43 44 44 49 69 73 45 44 45 45 42 44 49 46 44 59 78 50 44 46 43 43 46 42 43 44
42 43 46 44 46 94 95 46 45 45 45 42 45 50 46 44 66 85 51 48 45 42 43 43 43 44 41
43 45 44 43 46 153 132 48 45 44 44 44 43 45 51 46 48 67 56 46 44 43 44 44 44 41 44
42 48 44 44 46 86 88 50 45 44 44 43 44 44 46 45 47 65 57 43 44 43 43 45 42 43 48
43 46 47 42 44 101 97 47 46 44 45 44 45 46 45 51 49 75 71 45 44 42 44 45 43 44 42
41 44 44 43 44 90 102 57 51 46 44 45 42 45 44 46 52 67 78 50 44 42 43 46 43 44 42
43 44 44 44 45 91 93 59 45 45 45 45 43 45 50 46 55 72 102 51 48 43 42 44 43 43 46
43 46 45 47 49 121 123 86 46 47 46 46 46 44 47 52 61 89 125 73 45 48 45 43 43 43 46
42 43 45 45 59 136 114 94 49 46 46 45 46 46 45 49 62 83 108 91 45 43 45 43 43 44 44
43 44 46 45 52 109 93 74 47 46 46 45 46 47 46 46 54 78 100 65 45 44 44 42 43 44 45
44 49 45 43 45 68 87 62 45 45 45 45 47 44 44 45 47 65 74 48 52 44 43 44 42 43 44
43 43 44 44 45 51 67 46 45 48 46 43 44 43 44 45 44 51 52 46 43 43 49 45 43 43 43
42 42 44 44 49 46 51 46 48 45 44 44 43 44 46 45 49 48 48 44 45 41 44 47 44 44 45
46 44 43 44 45 51 51 46 44 45 49 44 44 44 44 44 52 50 50 43 44 41 45 48 43 43 53
45 44 44 43 44 47 57 49 50 50 45 44 45 44 45 46 62 58 65 43 44 44 43 43 47 44 51
42 48 46 44 46 51 102 90 61 48 47 46 46 45 47 47 66 81 79 47 45 48 44 44 44 43 45
43 40 48 50 46 53 121 125 81 55 50 50 46 49 53 62 91 125 85 53 45 44 48 46 44 44 43
43 45 45 46 49 76 136 146 105 77 56 54 52 52 52 92 121 151 118 67 44 45 51 46 44 45 43
46 51 52 49 50 107 189 190 163 129 68 63 61 60 76 145 154 190 162 88 48 45 49 47 46 42 47
43 48 58 51 57 129 194 184 217 160 95 71 63 68 117 162 197 209 200 125 62 46 49 50 46 43 45
42 50 65 54 59 142 186 200 255 187 134 84 71 82 149 174 187 194 170 127 76 46 63 65 53 46 43
46 105 182 110 69 140 204 233 277 202 161 119 86 100 184 174 199 197 182 164 70 50 65 66 83 59 46
46 74 83 67 69 148 183 248 238 228 163 112 98 124 198 220 208 205 197 161 74 55 60 56 50 71 49
54 55 64 82 70 134 206 226 215 182 139 135 122 168 182 236 208 197 216 167 123 56 52 55 51 47 47
51 66 78 77 81 150 273 316 229 254 232 217 172 226 274 383 312 330 293 250 98 101 107 60 90 49 50
66 94 108 153 95 132 209 243 221 217 200 186 133 216 247 287 210 223 211 178 57 72 134 108 75 50 51
46 71 250 166 63 81 174 193 176 208 182 154 123 169 211 201 190 173 168 119 51 52 104 216 91 52 46
51 59 437 301 61 72 133 189 177 229 193 192 142 197 192 228 194 179 160 114 54 47 59 141 67 48 51
53 63 207 77 54 68 131 209 186 221 197 186 163 206 178 226 154 175 140 93 51 46 52 63 54 70 51
50 66 66 52 51 58 92 167 178 177 180 177 176 212 160 180 135 136 123 83 52 47 48 51 47 54 46
46 52 55 50 50 54 81 140 135 142 145 172 146 174 140 148 114 117 89 65 53 47 49 48 45 46 45
46 61 62 50 53 53 81 106 123 154 146 152 125 162 132 133 111 92 98 76 48 48 50 48 46 48 45
44 47 54 50 48 51 75 120 145 127 118 137 101 114 101 95 95 87 76 55 48 43 56 53 46 49 46
47 48 67 68 51 57 62 85 97 104 92 75 88 91 76 83 78 78 70 50 46 46 44 46 52 51 45
55 52 55 50 50 51 52 67 83 84 76 75 83 81 66 75 76 69 56 45 45 50 46 45 50 46 47
45 40 48 51 50 46 55 58 74 77 76 63 85 71 61 69 66 61 50 46 42 46 50 45 44 44 43
42 45 43 46 57 50 58 66 101 98 101 74 83 70 62 75 67 64 51 48 42 46 50 45 43 44 43
44 55 49 47 48 46 53 57 97 118 109 98 98 78 73 76 71 64 57 50 44 44 46 44 44 42 44
41 45 52 48 46 47 48 59 103 78 108 75 93 76 63 68 66 62 58 51 44 44 46 43 44 49 44
45 47 52 48 47 48 52 67 87 99 100 108 109 124 118 99 92 69 68 54 46 44 55 52 43 44 48
44 44 48 51 54 46 52 56 70 124 120 119 84 71 71 81 74 63 56 49 46 46 48 49 44 44 44
44 43 48 46 61 50 51 55 62 89 118 114 95 78 74 80 79 61 51 47 46 52 61 45 46 44 45
45 44 53 49 159 53 52 56 62 97 101 139 112 93 99 97 94 66 54 48 45 63 86 46 44 44 46
44 50 50 51 120 58 51 54 59 92 110 130 114 97 113 98 92 67 49 50 50 47 53 45 44 44 45
45 46 49 48 59 53 57 55 62 84 115 124 143 108 102 104 91 75 54 50 46 49 51 46 46 44 44
43 46 48 48 57 54 53 55 70 92 122 113 140 106 89 97 84 73 60 51 46 45 46 43 46 48 45
48 45 49 47 47 48 52 56 76 86 112 120 145 112 89 100 89 74 69 50 46 43 46 47 45 43 44
43 46 51 46 49 54 56 63 84 97 110 135 141 110 98 115 107 97 77 53 48 44 46 46 44 44 42
44 49 51 46 48 49 55 63 80 109 130 147 137 109 99 110 106 97 82 57 48 46 46 46 45 44 44
45 46 55 47 49 50 59 67 91 130 147 153 140 110 105 114 129 111 86 69 48 46 46 47 45 44 45
45 45 50 49 48 50 53 63 83 114 125 125 109 93 85 100 143 106 74 66 48 43 46 46 45 44 46
44 44 46 46 47 47 50 55 69 83 88 94 75 63 64 69 98 72 62 52 46 43 46 49 45 42 45
42 48 46 47 49 48 56 56 63 76 75 78 66 57 58 69 88 71 69 56 46 44 48 45 49 44 44
47 50 50 51 55 55 63 77 86 83 88 96 76 69 74 92 104 99 91 70 50 50 48 44 44 44 46
45 61 55 59 56 51 68 83 88 98 91 87 80 78 86 97 100 110 89 76 50 51 52 46 44 44 44
49 63 61 54 58 49 61 67 78 88 83 86 74 80 89 101 96 102 86 71 53 57 52 46 43 44 44
68 58 62 56 54 49 56 63 72 77 75 75 72 75 78 90 97 95 75 64 58 52 49 46 44 45 44
46 54 62 61 54 51 54 56 63 66 61 67 73 67 76 85 103 114 72 65 56 53 53 44 44 49 45
50 54 55 63 57 51 60 57 60 58 63 76 70 65 80 89 99 120 86 61 56 57 60 50 42 44 50
46 50 51 61 56 53 59 58 58 61 66 71 73 77 84 89 90 102 78 59 58 60 59 56 44 44 45
48 43 51 49 55 61 58 54 56 58 62 72 70 76 84 75 76 76 60 59 61 70 59 49 49 46 44
