46 46 46 51 47 46 47 48 53 60 56 56 58 63 96 700 1076 140 97 59 54 50 46 46 45 44 45
43 40 42 45 45 44 45 43 45 49 46 46 46 46 59 140 231 128 78 60 46 44 44 44 44 44 44
46 43 42 43 44 43 46 44 44 46 45 45 45 44 57 68 92 105 62 46 45 44 43 43 45 44 44
43 48 44 42 44 42 44 44 44 44 46 44 46 46 46 56 88 91 52 48 42 42 44 43 43 43 43
42 48 44 43 44 42 43 44 43 44 42 44 48 45 44 50 80 85 56 46 42 42 44 43 43 41 43
40 43 50 44 45 43 42 43 44 44 45 42 45 49 46 47 104 115 63 44 44 43 44 40 43 49 44
43 44 44 44 40 43 44 42 43 44 44 44 42 44 50 48 88 84 58 46 47 44 45 43 42 43 44
42 43 44 44 46 44 49 44 42 44 49 45 42 44 45 48 95 100 72 51 43 43 44 44 48 43 48
42 44 44 44 44 44 43 44 47 45 49 44 42 44 44 51 98 99 99 47 44 44 43 44 44 43 45
43 48 44 42 44 42 44 44 44 44 44 44 47 45 44 56 82 89 113 61 42 42 44 44 43 42 44
40 43 44 44 44 43 44 47 45 44 44 45 45 45 46 64 85 94 142 70 44 43 44 42 43 43 44
42 44 42 44 49 44 44 44 44 45 46 46 46 44 55 70 109 110 170 126 44 43 47 44 43 41 44
43 46 42 43 44 44 44 44 46 46 51 46 44 45 48 58 105 138 164 80 44 43 48 43 43 42 44
42 45 42 44 44 44 44 42 45 50 46 44 46 45 54 57 101 149 157 78 45 42 44 44 43 45 42
42 43 44 44 45 42 44 49 46 46 46 46 47 46 55 57 112 161 156 66 45 46 44 42 43 44 44
43 44 44 44 45 44 45 47 45 44 46 46 46 48 46 61 121 149 133 56 47 47 47 44 42 43 43
43 43 44 45 45 44 43 45 49 46 45 46 47 47 49 62 129 165 108 67 45 47 48 44 42 45 43
45 44 44 44 44 44 42 45 51 47 46 46 46 47 50 71 120 177 105 50 46 43 44 49 44 43 44
42 46 43 44 44 44 44 42 45 51 46 45 46 46 49 85 94 118 68 48 45 44 46 44 42 43 43
44 42 46 45 43 44 44 44 45 44 46 51 46 47 52 86 81 122 62 47 46 46 44 42 43 43 44
42 42 44 47 45 43 44 44 45 46 45 47 51 48 55 85 98 141 71 46 45 44 44 47 44 42 45
45 44 43 44 45 44 45 43 46 52 48 49 49 47 64 99 100 116 82 46 46 44 42 43 49 44 44
44 47 46 44 44 44 45 46 46 49 64 58 55 51 78 107 112 125 107 54 47 44 44 45 42 44 48
44 46 53 45 45 44 45 47 48 53 77 70 67 60 87 114 107 108 100 64 46 44 44 43 44 47 44
45 45 50 50 45 44 45 49 53 70 82 106 76 61 111 118 124 118 100 67 51 45 44 48 44 44 44
43 45 44 49 52 45 45 49 53 79 92 96 63 61 96 124 135 108 100 76 53 42 45 50 44 43 44
44 43 97 47 47 49 46 48 60 85 96 80 55 58 75 112 103 94 92 87 60 46 42 44 43 44 45
46 63 59 51 46 46 46 71 106 106 124 107 78 73 72 134 150 145 121 90 62 46 45 45 45 45 46
56 63 48 55 48 44 47 79 99 117 116 116 79 72 94 125 126 123 94 84 49 45 43 44 44 44 44
44 45 46 48 50 50 51 68 89 106 98 104 93 98 103 114 102 95 81 68 47 44 43 44 44 44 44
44 46 44 52 53 46 51 82 98 110 117 119 127 143 116 138 123 103 83 70 51 44 45 44 44 43 45
44 49 46 55 49 47 51 88 113 128 129 138 126 187 140 173 131 108 90 72 48 45 46 44 44 45 45
45 49 45 54 50 46 54 84 111 122 136 128 120 187 152 170 114 106 87 65 46 44 45 45 44 45 44
44 44 47 51 47 46 49 80 88 105 90 126 94 149 136 118 98 92 77 56 46 44 44 44 44 44 46
43 44 46 51 47 45 49 80 88 103 90 105 90 135 128 116 93 89 76 55 45 44 49 45 42 44 44
43 42 46 50 46 45 48 67 82 84 78 76 72 110 92 84 74 69 56 47 50 44 45 44 42 43 44
42 43 53 55 44 45 49 52 64 64 65 63 59 74 64 65 63 62 58 41 44 47 44 44 43 42 43
42 43 67 81 49 44 46 50 66 66 61 63 58 75 58 69 62 59 56 45 44 44 42 43 43 43 44
43 44 75 97 52 45 46 50 63 72 76 79 67 66 65 64 67 56 55 49 45 45 44 42 43 43 45
43 46 84 109 63 47 46 50 69 93 89 95 72 70 66 68 68 55 51 51 45 44 44 42 43 44 44
43 44 82 135 78 49 47 46 71 114 102 108 87 74 68 66 63 54 51 45 45 44 42 44 49 44 43
44 45 68 270 100 50 47 52 75 127 149 123 99 84 78 70 62 57 50 46 48 43 44 44 41 44 49
44 46 60 764 108 52 49 57 91 135 182 149 115 99 89 85 75 59 53 51 46 45 46 42 44 49 44
46 46 57 108 73 51 50 63 108 134 179 177 140 102 89 84 74 60 52 49 46 45 44 45 47 44 44
43 46 53 79 75 53 55 74 116 132 171 145 145 123 104 93 80 63 54 50 46 45 46 47 44 43 44
43 42 50 77 84 54 53 98 134 159 137 162 182 123 126 117 93 68 57 51 47 46 45 42 44 47 45
45 46 50 66 81 51 57 116 137 178 158 167 158 127 141 134 87 67 57 49 46 45 45 45 42 44 48
44 44 48 68 88 60 76 141 159 176 163 147 170 140 156 136 78 69 62 51 46 46 46 45 45 44 44
44 46 48 62 78 74 98 147 205 180 162 132 150 143 116 123 79 70 55 52 47 46 45 44 44 42 44
44 46 47 57 70 102 100 129 168 139 136 115 156 135 110 127 92 81 55 56 47 45 45 43 44 44 44
43 46 47 55 62 80 106 110 130 119 118 117 126 111 127 116 105 87 55 49 46 45 46 43 44 47 45
43 47 45 52 50 68 107 101 91 98 97 106 109 102 131 128 142 96 57 50 46 44 45 45 44 44 47
44 44 49 53 49 50 65 83 92 78 80 88 82 85 120 140 167 100 61 51 47 45 47 45 43 44 48
43 43 45 47 47 46 50 58 60 57 64 65 62 65 76 96 100 84 61 54 52 45 52 45 42 43 43
43 44 45 46 46 44 47 56 53 53 61 65 60 62 63 78 97 83 81 81 57 47 47 45 42 43 44
43 45 48 47 46 46 54 53 54 57 62 66 66 62 70 87 102 97 98 101 62 60 48 46 45 42 43
42 53 46 49 53 49 50 56 62 66 66 69 66 65 76 96 96 111 110 110 70 60 53 49 45 44 44
44 60 45 53 54 52 53 57 65 72 69 76 66 68 76 96 101 101 106 107 70 61 56 48 45 45 44
47 53 48 56 56 52 54 58 67 75 70 71 71 82 79 86 96 106 108 97 70 60 64 51 49 44 44
59 47 48 62 60 53 61 63 75 90 76 79 79 79 82 84 94 111 106 76 69 68 60 61 54 44 44
47 50 51 64 60 60 62 68 76 84 82 92 93 87 96 96 110 134 92 73 65 71 75 66 45 44 44
51 48 48 67 66 60 76 74 80 88 99 109 106 98 118 141 136 164 121 69 63 66 65 64 45 45 49
53 49 46 60 65 62 72 65 73 80 94 104 94 93 102 126 103 112 85 65 60 71 64 54 43 43 46
57 49 43 52 64 66 73 63 61 73 81 86 78 80 77 86 75 71 61 60 62 71 55 51 44 42 44
