43 48 46 45 46 50 95 257 95 49 50 48 47 52 65 147 390 143 59 43 46 50 47 44 45 43 44
43 39 44 50 46 46 93 192 86 50 46 46 47 46 50 111 159 85 50 44 42 44 51 44 44 44 43
43 49 44 44 47 60 128 83 63 46 44 45 48 44 48 67 86 129 67 44 47 42 44 44 43 44 42
43 48 44 43 45 54 96 59 50 45 44 44 46 44 44 53 63 87 55 47 42 42 44 42 43 42 44
40 43 49 44 46 51 113 54 46 46 45 43 45 47 45 45 62 81 54 44 47 44 43 46 43 44 44
41 43 49 44 44 51 115 61 45 45 45 44 45 46 46 44 64 85 49 44 45 43 44 41 43 47 44
43 43 43 44 45 52 138 81 46 44 44 44 44 44 43 47 77 98 54 46 44 44 44 43 43 47 44
42 42 44 46 45 51 113 75 44 44 44 44 44 44 46 45 68 86 58 48 44 44 42 43 42 43 43
44 43 49 44 44 51 109 81 45 45 45 45 46 44 45 44 71 85 68 42 44 48 44 43 43 44 44
43 42 44 48 45 58 97 86 46 45 46 44 42 45 49 46 77 94 98 48 45 44 42 43 43 44 44
42 44 44 44 51 86 137 120 56 46 46 46 46 42 46 56 90 119 141 54 46 46 44 42 43 44 44
42 44 43 44 55 98 135 121 65 46 46 46 47 44 46 55 106 130 158 60 44 44 44 44 44 41 44
43 44 44 43 49 102 125 112 75 53 47 46 47 46 46 57 104 160 177 81 47 43 44 44 43 44 41
43 44 47 45 44 92 135 126 84 46 47 52 47 46 46 56 108 150 143 81 46 43 44 44 44 44 41
42 43 44 44 49 68 140 112 84 48 47 46 46 46 47 57 123 153 140 63 44 44 49 45 44 44 43
43 44 44 44 46 70 157 118 93 54 48 46 46 46 47 54 121 145 131 51 46 45 48 44 42 44 44
42 44 44 44 46 59 130 111 95 51 46 46 46 46 47 58 104 136 114 46 46 43 45 50 44 43 44
42 44 43 43 45 49 90 96 64 48 51 46 45 45 46 53 120 129 85 43 45 44 45 48 44 43 43
41 43 43 44 45 46 81 101 77 53 47 45 46 45 47 53 104 102 74 45 46 49 45 43 43 44 43
42 39 44 49 45 43 52 92 83 51 46 46 46 50 46 51 93 94 52 45 45 47 45 42 43 43 43
44 40 44 48 46 43 49 84 86 60 48 46 50 46 46 63 94 89 51 45 43 44 49 44 42 44 43
43 48 45 43 45 45 52 91 110 84 52 47 48 48 52 78 92 92 58 44 46 45 43 44 46 44 44
43 47 48 43 46 47 59 100 113 95 68 49 49 49 60 87 99 89 58 49 44 45 46 44 46 45 44
40 44 50 45 45 46 60 96 129 104 83 53 50 49 77 88 90 84 64 48 44 45 46 44 44 47 44
42 45 50 46 45 46 69 94 137 113 95 59 51 51 95 95 95 85 74 47 49 46 47 44 44 48 44
44 44 48 47 47 46 73 97 109 104 85 61 51 51 93 100 97 85 85 55 47 46 48 46 48 46 44
43 44 45 47 46 48 73 81 93 89 71 57 50 51 69 93 81 77 88 61 50 46 46 45 46 44 46
44 55 59 48 51 54 93 97 107 89 80 59 50 61 95 103 112 101 97 75 49 50 46 61 50 46 44
43 64 60 55 51 59 89 92 91 87 78 59 52 58 81 102 97 91 87 65 46 46 45 54 49 44 44
44 65 46 46 53 61 66 78 74 78 72 55 53 56 68 83 74 71 72 59 49 46 46 45 41 52 46
44 52 47 47 52 50 76 88 80 98 84 76 68 83 79 98 89 86 76 61 54 47 51 45 44 44 44
44 57 44 47 53 50 73 98 92 111 100 95 84 136 97 126 98 93 80 60 51 48 48 44 51 44 46
42 56 44 47 49 48 66 98 96 108 109 113 114 171 103 116 87 89 77 60 48 49 49 45 48 44 48
44 46 49 46 49 48 64 86 91 104 109 134 109 182 117 105 84 85 76 61 47 50 48 46 46 45 44
43 45 45 47 50 49 67 95 100 112 130 123 107 186 123 122 89 85 71 62 51 51 52 46 44 43 44
43 44 45 47 49 51 67 85 97 100 96 119 111 135 106 81 76 71 63 52 47 50 51 48 45 43 44
43 45 44 46 46 46 60 77 78 80 82 74 85 88 73 76 64 67 62 45 46 50 60 49 44 42 43
42 44 44 67 50 46 56 73 70 73 67 62 79 89 65 72 73 66 58 47 46 52 118 50 43 43 44
43 43 48 98 56 46 48 62 73 72 72 62 82 78 59 69 68 63 50 45 46 57 193 61 44 48 44
42 47 53 125 72 46 49 62 76 78 70 72 80 84 63 64 60 59 48 44 46 71 201 70 41 44 48
43 45 54 116 85 54 49 63 83 80 76 85 83 71 63 64 63 56 51 46 48 91 156 60 47 45 42
43 44 49 127 99 59 50 61 76 91 99 85 82 74 67 68 64 54 47 49 51 111 160 56 44 48 44
48 45 50 129 138 66 53 58 72 95 114 92 106 86 75 69 64 56 48 48 59 157 176 45 44 47 45
49 49 50 153 253 79 59 64 78 110 134 132 116 98 80 81 72 62 53 49 80 502 201 50 45 44 45
44 55 58 130 296 76 58 64 81 103 121 128 120 103 84 94 84 65 53 50 64 240 89 49 44 43 44
43 46 58 82 92 69 61 69 90 107 114 138 122 118 111 106 101 72 55 53 63 125 72 48 49 44 43
44 46 54 70 83 70 64 81 93 115 112 130 126 121 124 110 104 73 58 54 70 107 70 47 44 44 47
44 43 48 57 71 72 76 94 96 105 114 133 151 122 122 119 106 81 70 64 73 93 56 45 44 45 45
44 45 44 51 79 79 71 103 100 130 144 129 152 118 102 118 94 87 74 66 103 100 54 45 43 44 45
44 46 46 51 76 73 76 100 127 146 147 128 167 128 102 128 135 115 90 94 103 90 53 44 44 45 44
44 46 47 48 60 78 85 115 142 161 131 134 147 117 115 149 177 123 112 112 94 83 52 45 46 43 45
44 49 45 49 52 71 99 109 120 138 130 138 115 103 109 128 136 104 106 92 85 66 51 46 42 46 50
44 45 48 47 50 67 98 116 109 105 101 133 104 97 100 101 108 102 95 97 79 56 50 45 45 45 42
43 44 46 47 48 60 68 85 77 77 81 100 81 82 82 81 82 82 65 71 71 50 48 44 43 44 44
43 44 45 48 47 52 63 64 68 69 74 87 76 72 70 77 85 72 68 61 51 51 48 44 44 44 44
43 48 48 47 49 50 68 65 69 77 80 84 76 71 76 85 88 78 75 63 53 53 51 45 45 42 44
43 51 51 49 56 57 60 69 72 84 77 77 76 76 82 95 83 81 74 63 61 50 49 44 45 44 44
43 57 51 50 53 55 53 58 63 71 68 70 70 79 86 95 83 74 69 64 53 53 49 44 44 44 44
46 54 60 50 51 49 54 56 59 68 60 70 75 79 85 90 78 78 66 60 55 56 52 46 42 43 44
53 47 58 52 53 51 57 57 60 65 63 74 77 79 82 84 85 85 67 65 56 58 54 49 46 44 43
50 46 53 54 57 60 54 59 59 64 67 78 85 82 94 106 110 114 72 63 62 73 59 44 44 47 45
51 50 53 56 60 58 62 62 63 65 75 88 98 84 112 152 145 168 114 64 62 69 58 45 44 47 46
55 51 49 53 60 53 61 61 61 65 77 91 88 89 109 149 110 126 86 63 64 69 54 48 44 45 44
60 46 48 47 56 56 63 58 54 62 67 80 74 84 92 107 84 84 59 61 59 63 51 47 44 44 44
