43 45 43 47 51 55 105 364 137 52 50 51 50 54 66 181 470 152 70 48 45 46 48 45 46 45 44
43 46 46 44 46 49 84 202 106 52 47 43 46 51 53 123 135 89 50 42 45 47 46 45 44 42 43
46 44 45 45 48 60 140 72 59 44 45 50 46 43 49 57 65 133 64 42 44 44 44 44 41 43 49
43 43 42 43 46 51 93 56 48 46 44 43 44 44 44 49 56 82 49 44 48 44 44 43 42 43 44
42 43 43 44 46 50 121 56 46 46 44 43 45 44 45 45 58 78 51 40 44 46 44 45 43 42 44
44 43 44 46 48 53 134 69 47 46 45 44 44 44 45 46 61 89 57 45 45 44 42 43 43 43 44
44 43 45 45 51 56 153 85 45 46 45 42 45 50 45 45 66 92 62 45 45 44 44 47 44 42 43
44 40 44 46 45 52 114 77 44 44 44 44 45 44 45 46 68 79 65 48 44 44 44 45 43 42 44
43 48 44 46 45 52 123 86 46 45 46 45 45 45 44 46 70 89 85 47 50 44 44 43 42 43 44
42 43 44 44 43 63 112 92 48 46 45 50 46 43 45 46 78 94 109 47 45 44 44 44 46 44 42
43 43 44 47 49 102 152 123 56 47 49 46 45 46 46 50 91 114 145 55 47 45 45 42 43 47 44
48 44 43 45 51 100 148 123 66 47 47 46 46 46 46 50 99 118 162 65 46 45 47 44 42 43 44
44 44 43 44 52 99 131 110 70 47 47 45 46 51 47 52 91 134 171 89 46 43 45 48 44 43 44
43 41 44 42 46 88 134 113 80 47 46 46 47 46 47 53 95 135 149 86 46 45 44 47 44 43 44
43 44 47 46 47 73 133 107 79 48 47 50 47 46 47 51 106 139 139 66 44 44 44 46 43 44 48
43 42 44 48 46 64 149 118 81 49 47 47 50 46 47 51 105 126 132 52 46 44 45 43 43 45 44
43 45 45 47 46 54 124 97 71 48 46 46 51 46 46 56 83 117 108 49 44 44 44 44 44 43 44
43 44 42 44 49 48 92 89 60 46 47 45 46 49 47 52 103 110 83 46 46 45 44 47 42 44 44
43 43 43 44 48 46 71 100 68 47 47 44 46 50 47 49 100 97 69 47 44 44 45 43 44 48 44
42 46 43 44 45 45 54 92 79 52 47 44 46 46 46 51 91 98 53 46 46 44 44 44 44 42 43
42 46 44 45 46 42 50 94 78 63 48 45 46 46 46 62 92 93 56 43 45 44 44 44 41 44 49
43 44 45 42 46 51 54 90 104 85 53 48 48 49 54 81 94 97 56 46 51 45 45 44 44 44 44
43 44 44 42 46 52 61 89 107 96 66 49 49 50 70 87 96 97 62 47 53 46 45 44 42 43 44
44 44 44 45 44 46 70 91 116 113 80 51 50 49 79 97 90 86 68 41 48 52 47 44 44 44 44
43 45 46 47 45 47 88 101 140 124 96 57 52 51 98 108 101 96 88 54 50 47 48 46 44 46 44
43 44 48 47 46 47 83 97 120 110 85 64 53 51 102 108 105 90 89 65 51 47 47 44 44 44 44
43 46 44 49 47 50 78 81 94 93 75 59 51 56 79 101 90 79 94 76 51 46 50 43 45 44 44
43 57 76 62 51 55 102 101 115 104 85 63 60 73 105 120 130 114 111 85 48 51 52 66 53 45 43
45 71 62 52 53 64 92 97 100 97 86 64 55 69 98 106 109 97 83 72 47 50 57 59 51 48 43
52 66 57 46 54 63 71 83 81 88 81 63 57 63 80 89 86 81 74 65 51 49 50 50 49 55 44
48 63 48 49 51 51 82 101 90 110 96 87 75 91 89 107 99 95 81 60 54 51 50 47 50 44 44
46 54 51 48 52 52 75 111 106 126 111 106 91 142 104 136 106 103 85 61 51 58 50 48 57 43 45
44 49 47 49 50 52 69 109 118 120 120 126 117 172 110 129 94 95 82 57 50 58 51 49 47 43 45
44 42 47 51 50 50 65 96 104 117 119 146 108 186 131 110 92 88 75 58 48 54 51 47 47 44 43
44 47 46 51 50 48 67 97 104 119 139 132 112 188 130 123 95 83 74 60 49 54 50 46 44 44 46
43 50 50 47 49 49 76 109 114 109 106 124 110 126 109 92 84 83 72 60 46 51 52 46 46 42 44
40 46 51 49 48 48 64 90 83 85 85 73 94 95 77 80 68 72 63 54 44 48 68 45 44 44 44
40 53 52 62 50 46 53 78 81 79 71 67 89 93 68 74 75 71 59 46 46 51 109 46 44 48 45
42 50 51 99 56 44 52 71 78 73 73 67 91 87 63 72 68 66 54 46 45 62 170 49 44 42 44
42 47 59 133 74 46 50 70 88 86 76 78 91 93 66 69 64 65 50 45 47 79 184 50 42 44 48
43 46 59 127 95 56 51 66 96 85 86 90 92 78 73 69 65 62 49 47 49 105 158 47 44 43 44
43 46 56 151 111 62 52 67 93 98 104 90 90 81 77 71 66 60 45 47 60 129 181 47 43 44 44
43 46 53 150 152 67 60 61 82 102 120 100 108 89 80 79 66 61 51 46 61 184 208 46 45 44 43
45 52 53 208 287 75 64 66 80 119 143 140 124 103 88 92 80 66 57 51 76 498 209 48 45 44 46
42 55 60 140 175 73 61 66 90 112 134 140 125 109 89 100 93 67 55 56 64 238 93 59 45 44 44
44 52 61 93 105 71 67 73 102 130 129 153 133 127 120 118 112 84 59 55 70 171 90 48 49 45 42
43 47 54 73 101 75 71 105 106 129 126 145 136 133 139 123 116 84 61 58 80 144 81 49 45 44 45
51 46 46 57 83 81 86 109 109 122 129 146 163 131 138 128 117 95 67 67 86 108 62 46 45 44 43
44 45 47 54 85 87 75 121 125 149 162 143 168 127 113 127 110 97 82 69 116 116 55 50 46 45 44
45 46 49 53 82 79 83 114 146 170 174 142 179 133 108 139 152 124 95 92 113 99 55 50 45 45 45
46 47 47 53 65 82 93 132 162 190 150 147 159 123 119 160 188 128 119 116 98 99 55 47 45 43 45
43 45 47 51 54 81 108 116 137 161 153 151 123 108 117 138 147 110 108 99 86 70 53 46 45 46 45
43 49 45 51 52 69 109 129 120 126 118 147 114 104 108 109 117 115 99 100 76 63 50 46 44 44 44
42 44 46 50 50 56 76 97 89 90 95 115 88 91 88 88 91 92 80 73 63 54 48 45 46 44 45
43 49 46 46 48 51 62 68 72 75 82 91 78 76 71 81 89 76 68 70 49 48 47 45 45 44 44
41 48 51 47 52 50 65 70 74 81 85 87 77 74 77 87 92 79 73 72 50 49 48 44 44 46 44
43 52 53 49 54 58 62 71 76 87 81 80 77 78 83 93 82 83 74 61 59 50 48 44 44 46 44
44 58 50 51 51 56 57 66 68 74 71 75 71 75 86 95 82 78 67 60 51 50 48 46 44 44 44
46 56 60 51 51 54 56 62 64 69 65 73 74 81 86 90 80 80 68 59 50 52 51 45 44 44 46
56 49 60 54 56 57 58 58 63 69 65 77 79 84 85 88 88 88 67 62 54 53 54 48 44 44 42
52 49 61 59 61 66 58 60 64 70 70 87 94 88 103 110 113 122 78 62 61 65 60 47 44 44 45
46 53 59 62 64 63 71 67 67 72 84 104 108 89 124 166 156 177 120 67 64 66 64 47 43 44 46
51 52 54 57 68 58 69 67 65 71 89 106 100 97 124 168 123 134 92 66 63 69 57 45 44 42 45
61 50 47 53 63 64 71 64 59 74 79 98 86 96 99 114 93 87 62 65 65 68 52 44 44 45 46
