45 132 353 132 52 46 48 54 53 158 132 99 50 47 48 44 43 43 44 43 44 44 44 44 44 44 46
67 126 131 91 56 46 46 46 52 77 73 195 53 46 45 41 47 44 43 43 43 43 44 43 44 43 44
59 140 64 63 44 44 50 45 43 51 50 90 55 43 44 48 43 43 44 44 44 42 49 44 42 43 43
54 102 52 48 44 44 47 44 42 45 46 69 46 42 44 48 42 43 44 40 44 46 44 42 43 42 44
47 151 75 47 47 43 46 50 45 44 56 99 49 45 42 43 42 43 41 43 44 40 42 42 44 41 43
49 150 81 46 50 44 47 46 45 43 60 109 55 43 44 42 42 43 44 43 44 40 43 48 44 43 43
47 206 104 48 50 51 46 46 46 47 58 136 77 46 45 44 43 42 44 43 44 43 44 43 43 42 43
46 128 89 46 45 45 45 47 45 51 59 104 88 45 55 42 44 42 44 44 44 44 44 42 43 42 44
56 157 79 51 49 51 46 42 46 44 56 78 86 46 45 44 43 43 44 43 47 44 42 42 44 44 45
48 122 95 55 46 46 43 46 51 46 66 82 87 46 45 42 44 44 44 40 44 41 43 48 43 42 43
62 162 138 85 47 47 47 45 46 51 73 91 107 60 45 44 44 44 48 42 44 44 41 44 48 44 44
58 180 132 98 46 48 47 48 47 45 78 98 100 78 45 44 43 44 44 41 44 48 44 43 43 43 43
59 192 159 116 52 48 48 47 46 48 75 91 95 78 48 44 43 44 44 44 41 43 48 43 43 44 42
52 161 172 101 52 50 48 48 46 46 62 85 90 78 48 44 43 44 44 43 41 43 48 43 43 43 43
44 89 122 87 48 46 46 46 45 46 54 76 82 64 45 44 44 43 44 44 43 43 44 43 43 42 43
45 93 142 93 49 47 46 44 45 46 50 77 78 54 46 44 42 46 42 43 43 42 44 43 43 48 44
44 63 146 76 46 46 47 45 45 46 51 75 64 53 45 44 42 43 44 42 43 42 43 43 43 44 47
46 50 104 93 48 46 46 45 45 45 47 70 59 53 44 43 43 42 44 42 44 42 43 44 43 44 48
43 45 71 82 50 44 46 44 44 45 49 68 60 46 44 44 43 42 43 42 44 44 44 43 46 44 44
44 46 62 103 65 49 46 45 44 45 49 67 54 47 45 44 43 42 44 43 44 44 42 43 48 44 44
44 48 47 85 87 56 49 46 47 46 54 71 63 48 46 42 46 44 42 44 43 43 46 43 44 46 44
44 56 52 96 107 84 52 49 46 50 69 82 68 51 47 44 44 43 50 44 43 44 42 43 44 43 45
44 56 68 110 126 105 54 50 48 53 93 96 79 65 48 46 44 44 44 49 45 43 43 42 43 44 44
45 56 74 101 106 112 63 51 52 57 108 97 88 87 55 44 44 44 44 40 44 45 44 46 44 42 45
45 74 91 101 108 107 73 56 53 60 104 110 101 88 63 45 44 48 44 45 44 42 43 44 44 44 41
44 64 124 108 102 104 68 56 51 58 95 101 97 87 76 47 44 45 44 46 44 43 44 43 43 44 44
45 57 105 88 84 99 70 59 50 58 95 84 93 88 75 46 41 45 49 44 44 44 43 44 44 44 44
47 67 122 124 98 108 104 62 65 64 86 123 108 120 119 47 59 49 45 42 45 44 41 44 48 44 43
53 90 126 140 104 140 98 76 71 74 108 120 111 129 91 52 54 52 46 40 45 42 44 47 44 43 44
46 73 107 112 87 139 103 87 80 100 96 103 88 96 76 51 44 52 49 43 45 43 44 43 44 49 44
48 65 110 117 87 100 113 117 104 127 113 109 107 104 74 55 45 50 47 43 45 47 44 43 43 43 44
52 67 105 105 78 88 112 158 145 161 123 123 124 123 78 50 45 47 50 44 42 44 49 44 44 45 46
58 59 74 78 68 71 118 167 163 149 114 149 116 115 78 50 45 48 46 43 44 43 44 44 42 44 49
52 59 85 84 65 66 105 147 183 136 112 125 100 105 77 49 45 47 46 44 42 44 49 44 44 44 43
49 54 62 78 70 71 110 147 128 118 107 120 99 114 74 47 45 51 56 44 45 44 45 41 44 49 44
50 55 56 77 80 85 110 109 102 106 84 101 81 82 61 46 46 52 53 42 44 43 44 44 42 44 49
49 51 48 59 88 86 85 79 67 66 71 64 66 70 52 44 44 55 54 42 43 43 44 44 40 43 49
69 59 50 61 96 86 76 81 72 74 68 64 71 65 48 44 46 58 53 43 44 44 42 43 48 44 44
77 68 51 51 72 81 79 86 62 64 67 63 69 59 46 45 47 57 55 43 44 44 41 43 49 44 45
89 92 51 53 78 91 96 100 69 64 66 70 70 56 47 45 51 61 50 44 44 43 44 42 43 48 44
132 133 57 53 78 101 106 119 94 76 77 81 73 54 52 45 55 65 55 45 43 43 43 43 44 43 44
174 143 66 56 72 109 114 132 108 95 95 84 77 60 49 46 63 131 47 49 45 42 46 43 43 44 43
200 435 86 62 80 136 132 167 122 99 123 101 94 64 52 53 58 92 47 49 46 43 44 43 44 45 44
90 169 66 65 82 152 149 213 147 114 122 108 90 68 56 49 49 59 47 43 44 43 44 44 44 44 46
82 105 63 63 104 125 136 175 136 115 118 109 96 71 53 48 49 58 46 43 44 43 44 44 44 44 47
73 108 66 68 106 130 149 165 149 121 108 124 107 86 59 48 53 56 49 44 44 44 43 43 44 43 44
91 96 69 92 117 150 168 158 148 121 122 131 121 98 70 50 58 56 46 45 42 44 47 44 46 44 43
64 103 82 106 134 180 175 170 132 117 128 142 156 121 78 51 60 58 46 41 45 45 45 46 44 42 44
64 106 83 116 167 292 211 185 160 142 151 161 248 141 87 62 59 57 47 45 46 44 45 43 45 46 44
57 89 98 117 157 238 188 161 138 123 129 151 263 144 87 70 64 53 47 45 45 44 45 44 46 45 44
54 84 93 112 124 165 154 145 118 103 108 138 179 105 81 78 71 51 46 45 45 44 44 47 44 42 44
53 70 70 149 114 109 108 124 99 85 88 107 107 84 72 66 50 47 42 44 49 44 44 44 42 43 44
48 52 64 70 72 78 75 96 77 67 70 80 73 71 53 45 44 45 45 42 44 43 45 44 43 44 42
49 47 51 55 59 58 64 71 64 59 65 62 56 54 46 44 46 44 44 46 43 43 44 40 43 48 44
51 54 59 69 62 61 72 74 70 59 66 70 56 50 46 44 44 44 46 42 43 43 44 44 44 43 44
52 73 70 77 75 77 82 83 77 70 74 72 58 50 50 46 45 45 47 42 44 43 44 43 41 43 47
46 91 68 73 84 76 80 84 81 79 72 65 61 53 50 49 47 45 45 45 44 43 41 43 48 44 43
48 86 59 67 72 61 74 80 80 79 75 61 56 55 51 50 49 48 46 47 44 43 42 43 48 43 42
57 69 62 73 66 64 79 80 81 84 72 66 58 55 55 55 50 55 47 46 46 44 45 41 43 49 44
72 59 68 81 80 78 96 102 100 93 81 69 61 60 61 51 57 64 54 49 46 44 44 43 43 41 44
56 57 76 79 82 79 96 108 106 92 85 74 72 67 59 54 65 77 58 53 48 44 45 43 44 44 42
53 66 59 82 82 81 112 109 104 93 101 77 76 60 65 70 75 93 70 52 49 46 44 43 43 46 42
50 59 53 68 75 76 95 94 95 88 98 73 65 62 64 68 60 72 58 47 48 47 44 44 42 46 48
64 54 51 58 66 75 99 87 73 84 88 76 61 56 55 62 54 59 51 50 47 44 44 44 46 46 46
