43 44 42 44 49 44 43 44 43 45 88 95 134 83 47 45 47 44 43 44 43 46 64 68 52 44 44
43 44 41 44 45 44 47 44 42 45 87 76 68 49 44 49 42 43 43 44 45 46 133 173 62 46 44
43 44 44 44 48 44 43 43 44 45 68 65 53 50 44 43 42 43 44 48 44 46 95 93 64 44 44
43 43 44 44 43 43 48 44 43 44 67 65 48 44 44 44 43 43 43 49 44 47 61 75 105 45 44
42 43 44 42 44 48 44 44 44 43 82 69 45 44 44 44 42 43 44 43 48 45 48 71 63 43 44
43 44 44 44 44 42 44 48 44 46 91 73 45 44 42 44 43 46 44 43 44 43 51 93 53 45 48
42 43 47 42 44 44 44 44 46 50 93 65 46 43 44 43 42 44 47 44 43 44 61 123 53 43 44
44 44 44 44 44 44 44 44 44 55 100 69 45 43 45 43 47 43 48 44 44 45 70 120 45 44 44
43 44 44 42 44 43 44 43 44 65 101 78 46 49 45 42 38 44 43 44 44 47 96 128 46 42 44
43 44 44 44 47 44 45 44 45 74 103 74 45 44 45 44 42 43 44 39 46 58 86 100 44 43 44
42 44 44 44 45 42 46 50 47 87 94 80 47 45 44 44 44 43 42 45 43 83 115 108 45 44 43
43 44 44 44 44 45 43 46 49 103 99 81 49 44 46 45 44 42 44 50 46 109 118 115 45 46 45
44 50 46 43 45 43 45 45 51 87 89 75 51 45 44 44 43 44 42 45 64 129 129 121 48 46 44
44 45 50 44 44 45 44 44 53 95 78 71 47 45 45 44 43 44 42 44 80 128 131 117 45 44 44
43 43 44 43 44 44 45 45 48 84 87 58 45 44 45 44 46 44 44 48 82 144 114 78 44 49 44
49 45 44 44 43 44 45 45 52 75 84 54 46 43 44 44 41 43 46 48 80 136 121 69 45 42 44
48 44 43 44 43 44 46 44 47 68 71 50 45 43 44 44 44 44 47 47 76 136 100 60 44 44 47
45 49 44 43 44 43 45 44 47 74 73 49 49 44 43 43 44 45 45 53 86 123 72 54 44 42 44
42 44 46 43 45 45 45 47 46 78 69 51 46 44 43 44 43 47 45 53 74 95 57 44 43 46 42
42 48 45 43 44 44 44 46 52 73 80 58 45 45 44 44 43 44 49 59 69 56 47 46 46 45 45
43 45 42 44 49 45 46 47 51 81 98 67 49 43 45 48 44 45 63 71 60 49 46 47 45 45 45
45 46 51 45 47 46 45 49 60 99 101 76 55 51 46 44 50 55 72 90 61 47 46 45 46 44 44
43 47 51 46 48 47 46 55 78 111 118 88 62 52 47 46 50 76 96 103 65 46 48 45 46 44 41
46 48 53 48 48 51 51 74 109 117 128 95 63 49 53 49 56 85 87 90 72 49 47 49 44 44 44
54 51 108 54 50 51 57 72 167 123 116 108 65 51 57 58 79 93 96 104 81 46 46 49 41 44 49
52 62 58 49 48 49 54 82 105 132 106 93 63 51 58 62 93 108 95 88 69 46 46 46 44 42 44
45 51 47 45 50 47 63 81 92 104 111 72 59 51 57 73 92 83 90 99 92 45 46 45 44 41 46
48 53 48 48 52 53 82 106 115 104 148 92 63 56 77 92 135 112 119 107 89 51 47 47 46 48 44
45 55 48 47 50 54 76 100 115 108 101 84 60 64 85 108 112 99 86 79 59 49 46 45 44 44 45
43 48 47 46 48 51 72 89 83 100 83 93 71 93 93 105 101 90 70 67 48 46 50 46 44 47 44
45 50 48 48 50 57 71 90 92 115 102 100 112 133 100 138 97 97 84 69 50 44 46 44 44 47 48
47 58 50 47 51 56 72 105 117 133 110 119 136 159 106 175 89 90 81 63 54 46 48 46 43 45 51
47 57 56 48 50 56 67 104 116 122 116 124 152 166 130 133 87 85 72 56 52 46 47 46 43 45 49
46 53 55 49 49 54 68 93 97 102 108 114 131 147 165 111 85 81 62 48 47 50 47 48 44 45 44
50 58 50 50 50 55 73 98 105 108 94 129 128 156 128 107 95 85 59 47 47 44 47 54 46 48 44
46 69 56 47 50 54 66 76 87 87 91 92 89 118 104 89 77 64 53 46 46 45 44 45 54 45 44
50 81 66 45 47 50 58 69 66 72 72 75 63 83 70 73 63 58 51 46 45 45 46 45 49 44 44
64 114 89 49 48 51 63 80 66 74 68 68 63 77 65 74 69 48 47 47 44 45 71 48 44 44 42
63 127 86 53 54 50 65 88 74 84 69 67 61 73 62 60 57 46 46 46 46 50 132 57 49 44 44
72 226 101 56 58 54 66 100 107 79 70 69 71 69 63 56 49 47 47 48 49 66 116 51 44 44 44
60 1242 205 74 70 77 93 148 142 109 79 88 87 80 67 57 53 52 52 59 62 83 81 50 44 45 46
49 182 103 59 58 69 78 124 123 107 83 76 78 74 55 49 48 47 49 56 68 81 51 46 44 44 42
69 116 71 68 62 84 97 130 117 102 90 89 89 75 58 50 48 49 52 69 73 62 48 41 43 47 44
55 115 59 62 69 99 124 150 119 107 107 104 102 76 56 51 50 50 67 111 90 52 48 44 44 43 44
56 111 64 70 100 113 114 143 118 108 124 118 109 80 59 53 52 56 114 454 70 51 49 47 45 44 42
104 93 69 107 116 132 142 150 130 119 105 127 109 86 62 53 57 56 68 88 58 59 49 47 44 46 45
74 77 95 108 146 194 184 149 143 130 122 130 120 86 68 60 54 58 68 62 60 54 49 46 44 45 44
56 87 120 125 155 288 241 179 129 119 134 148 156 99 69 61 59 62 62 60 53 50 49 46 45 44 45
54 95 104 111 174 289 194 180 139 122 140 147 188 110 59 56 58 61 51 58 52 48 52 47 44 44 44
53 74 103 101 131 191 150 136 118 105 125 152 200 127 67 55 62 60 48 54 52 48 50 46 43 44 44
50 60 68 91 101 139 146 117 104 99 117 188 186 100 73 53 64 53 51 53 52 47 46 46 44 44 45
49 58 57 69 88 109 100 78 82 91 108 149 114 84 65 55 50 48 50 50 49 46 45 45 43 44 44
46 53 52 54 54 65 72 63 68 76 93 116 93 76 61 56 46 46 46 47 46 49 46 43 43 43 44
50 46 45 50 51 51 58 56 56 59 70 75 64 60 47 46 46 43 45 42 45 43 44 48 44 42 43
50 48 49 57 59 61 71 62 61 63 61 64 59 51 46 46 44 44 48 44 45 44 42 44 49 44 44
47 58 61 72 82 82 88 75 70 63 63 69 58 50 48 46 46 46 50 46 46 44 42 44 47 44 43
55 78 77 75 106 106 94 81 73 67 67 60 54 51 51 48 46 48 46 49 44 45 50 44 42 43 43
59 112 76 84 112 100 96 80 69 64 59 56 54 51 48 49 47 49 47 47 46 46 50 45 43 43 43
128 86 93 106 112 98 100 85 70 64 57 55 54 55 51 49 46 50 50 47 47 42 48 49 44 43 44
163 99 110 145 141 140 145 117 78 70 61 59 59 53 51 51 52 56 50 51 49 46 48 44 44 46 44
67 109 120 151 154 149 134 111 80 65 60 60 59 55 52 50 54 63 55 52 51 48 48 46 44 44 44
101 136 96 153 151 147 148 114 77 64 63 62 61 55 58 56 59 72 67 53 53 50 49 47 44 45 44
73 96 94 116 130 115 114 97 72 60 63 57 57 54 53 56 54 59 58 55 52 53 47 43 43 45 45
65 73 77 87 99 105 110 81 60 60 57 59 59 51 49 53 48 51 52 50 50 49 45 45 41 45 48
