43 44 44 44 45 44 46 44 42 43 44 43 45 42 44 48 44 44 45 43 42 43 44 43 43 41 44
43 44 44 45 44 43 44 49 44 43 44 42 44 45 43 44 42 42 43 43 44 44 42 44 48 43 43
43 41 46 49 44 42 43 43 43 44 43 44 44 44 46 44 42 42 49 44 44 43 43 43 43 43 44
42 43 43 44 44 44 44 44 44 42 43 44 43 44 48 44 43 43 48 44 43 43 43 43 43 41 44
44 43 43 44 48 44 42 44 43 44 44 42 45 49 44 43 42 44 44 48 44 42 43 42 43 44 43
44 43 44 41 44 48 44 44 44 44 44 43 45 42 44 49 44 43 42 43 43 43 44 42 43 48 44
43 46 42 43 44 43 44 45 46 45 44 42 44 44 44 44 42 46 44 42 43 42 43 44 42 43 47
44 43 46 39 44 43 44 45 46 47 44 43 44 44 44 43 43 43 49 44 41 43 42 44 43 44 44
44 43 44 42 44 42 44 50 50 57 44 46 44 41 44 42 42 43 43 44 44 43 44 43 43 47 44
42 43 47 44 43 43 44 53 90 78 47 49 46 44 44 44 42 44 39 44 48 43 44 44 42 43 44
42 43 43 44 43 45 46 61 230 104 50 50 48 46 45 42 44 43 45 40 44 46 44 46 45 44 43
41 43 43 43 44 44 44 63 202 62 49 46 46 45 45 45 43 44 43 44 50 44 44 44 43 44 44
43 43 43 43 43 43 44 60 106 62 46 49 46 43 44 43 42 40 44 49 44 43 44 42 44 44 43
44 48 44 43 44 42 45 85 230 72 47 51 53 46 44 44 44 44 45 44 46 46 44 43 45 43 43
41 43 43 43 44 43 45 72 71 63 51 46 45 44 46 44 43 43 48 44 45 44 41 43 49 44 42
44 43 44 42 43 43 51 76 72 86 65 54 48 47 46 46 47 44 44 51 46 45 44 44 43 42 45
43 42 44 47 44 44 49 49 57 149 72 67 71 63 60 59 47 48 47 46 50 46 43 46 47 47 48
43 45 44 44 44 43 47 46 49 58 58 66 79 106 92 102 68 64 51 45 48 50 45 48 46 46 45
48 44 44 44 43 44 44 45 48 49 49 55 62 77 117 135 135 88 74 62 53 55 47 57 47 45 44
43 40 45 42 45 48 46 45 46 47 48 51 50 56 91 134 160 147 120 99 76 78 53 62 55 47 44
44 43 45 42 45 42 46 50 47 46 48 48 49 51 57 90 101 138 162 133 99 130 62 76 59 50 43
44 42 44 48 45 43 45 46 48 49 49 50 54 53 67 61 72 130 148 138 138 194 138 128 56 50 45
43 46 45 42 45 46 45 48 49 51 52 55 54 58 68 62 64 93 127 167 172 202 291 239 111 57 45
42 44 49 44 46 46 44 46 51 54 53 54 56 64 64 65 68 84 93 136 129 144 326 193 93 52 42
45 45 44 46 45 47 51 51 53 60 56 63 70 70 102 103 101 105 132 161 150 273 181 232 76 56 45
43 49 43 44 45 45 49 49 62 63 71 74 84 107 119 154 136 123 164 154 146 223 118 75 53 51 46
45 45 46 43 45 46 48 52 63 71 90 94 108 142 120 162 158 140 151 167 289 114 72 61 50 52 50
46 46 46 43 46 50 60 72 122 140 201 255 239 210 219 210 227 230 195 193 149 87 66 62 61 60 46
45 45 46 46 44 46 70 121 128 206 289 279 228 206 169 171 136 165 106 93 67 59 56 53 62 60 46
44 45 45 45 43 45 64 106 133 295 290 271 162 138 103 129 95 77 64 52 55 57 52 50 59 56 46
50 52 50 49 51 50 88 213 313 447 470 3739 459 249 167 170 132 119 103 94 94 95 93 85 148 126 56
44 46 45 45 45 46 74 151 257 247 223 202 130 148 99 69 65 54 53 56 52 51 50 47 57 56 44
43 49 44 43 45 43 61 130 172 209 190 159 100 91 63 59 54 51 51 46 50 52 48 46 52 51 45
44 49 45 42 44 43 59 140 148 165 134 131 104 73 55 52 50 50 46 47 52 47 46 46 49 50 45
43 43 44 43 44 44 65 162 134 164 117 115 76 67 54 51 48 48 48 47 47 46 43 45 50 49 46
43 42 44 43 44 44 55 124 118 148 101 79 62 56 50 48 49 46 45 47 46 45 45 44 47 49 45
47 44 42 43 43 43 53 90 100 108 78 68 69 61 51 47 45 45 48 45 46 45 49 44 45 46 43
43 45 44 44 44 44 58 89 96 99 73 67 75 54 51 52 46 45 48 46 44 44 44 44 46 45 44
42 44 42 43 44 43 51 83 88 93 98 72 71 54 48 46 46 44 46 48 46 45 45 44 46 49 44
42 39 44 49 44 43 47 73 89 105 104 95 93 59 51 48 46 46 46 46 44 46 51 45 48 48 43
43 50 44 43 44 43 45 75 108 114 106 109 89 58 48 49 49 48 48 46 45 46 46 45 49 48 44
43 49 44 43 44 42 46 75 118 142 121 113 85 57 50 50 46 48 47 50 45 46 47 46 50 47 44
41 45 48 44 44 44 46 76 144 140 142 119 83 62 52 50 53 69 55 50 48 46 46 46 50 50 45
44 44 42 44 48 44 46 80 130 153 140 137 96 58 55 58 68 73 77 53 49 48 48 44 52 55 45
44 48 44 44 44 41 46 83 122 137 128 121 90 62 59 72 80 70 85 68 50 54 48 48 48 51 49
44 44 44 44 44 44 48 71 125 142 121 109 84 92 90 87 80 66 86 95 56 56 50 47 54 51 45
46 45 43 44 44 44 48 72 130 140 114 97 113 144 128 97 82 58 74 104 85 56 63 54 71 59 47
45 48 44 45 45 44 50 84 119 140 129 127 222 172 153 107 78 56 58 95 121 62 62 75 110 76 47
46 47 45 45 46 45 51 84 148 164 193 209 244 202 117 111 80 59 59 65 129 108 68 110 323 238 54
45 46 46 46 47 46 50 79 155 171 201 220 287 212 135 96 68 63 61 62 140 194 69 71 263 664 61
44 46 45 45 46 46 49 79 158 166 190 248 307 212 119 76 63 62 59 59 70 108 114 63 253 184 75
45 50 45 44 46 44 52 74 121 194 225 386 435 199 119 73 66 67 62 62 63 93 164 115 171 93 54
46 45 47 44 46 45 54 80 112 167 246 483 754 198 97 81 71 69 64 64 68 68 79 99 174 92 50
44 45 44 44 44 45 50 64 80 97 156 267 329 95 66 63 58 58 51 53 53 54 64 55 69 63 45
45 43 44 44 44 46 44 54 60 56 59 66 65 51 50 49 54 53 50 46 46 43 46 50 46 46 44
45 50 44 43 46 47 48 52 55 59 55 55 56 49 53 56 61 58 56 57 52 46 46 46 44 44 44
55 51 42 45 53 46 52 57 53 57 56 57 55 57 66 72 73 70 62 58 52 49 52 46 46 44 44
63 53 46 47 50 50 49 48 53 62 55 58 57 60 74 86 83 82 72 63 62 52 54 53 47 45 44
54 63 47 59 55 46 49 48 52 56 53 58 61 67 82 94 94 98 87 68 55 63 69 51 48 46 43
64 59 48 72 50 47 54 51 55 55 54 58 61 67 78 98 118 121 95 69 61 68 63 68 50 45 44
50 56 53 66 50 58 50 52 53 53 55 62 63 66 87 107 147 180 103 73 70 65 71 70 48 48 44
47 56 63 56 53 51 53 56 53 55 57 63 65 67 93 131 175 216 157 71 70 69 66 60 53 49 46
55 58 57 52 56 51 47 52 51 52 57 60 58 63 76 108 112 141 101 68 66 73 63 50 51 51 44
58 53 49 49 51 47 49 55 48 50 52 53 53 56 58 76 71 77 66 62 61 66 56 47 48 49 44
