41 42 45 46 45 43 44 45 44 44 44 42 44 44 43 46 43 44 42 44 51 43 42 43 42 43 44
43 43 43 44 45 43 44 43 43 44 44 44 44 42 43 45 43 42 45 49 53 42 43 42 43 44 43
41 42 43 44 46 44 44 42 43 47 44 42 44 43 44 45 45 44 46 43 46 43 42 43 43 43 44
40 43 48 44 44 44 43 43 44 44 44 41 44 47 44 43 44 46 46 46 46 42 43 43 43 43 41
42 42 44 47 45 46 45 43 43 43 44 43 41 44 48 45 44 49 53 44 46 45 44 43 40 43 46
43 42 44 43 45 51 56 48 45 45 46 44 43 44 44 45 56 76 103 48 46 44 47 43 42 43 43
42 44 41 44 46 89 142 84 44 45 45 45 46 42 45 51 52 79 166 58 45 43 44 44 43 44 44
43 43 49 44 52 186 279 82 50 46 50 45 47 45 42 50 50 86 131 48 44 44 46 43 48 44 47
40 43 43 44 51 119 205 97 50 46 46 44 46 44 46 59 68 91 153 64 44 44 45 41 44 47 44
44 44 48 44 48 57 117 112 77 59 57 45 50 54 56 67 176 170 128 63 47 46 45 44 41 44 48
44 49 46 46 50 56 80 190 293 281 79 70 68 65 74 133 487 549 142 71 48 51 52 46 45 42 45
45 46 46 46 55 56 65 216 684 626 124 80 76 77 81 99 629 555 85 63 52 56 55 47 50 46 45
44 42 42 45 46 47 56 67 366 337 70 59 54 57 61 66 94 93 64 53 46 46 48 42 44 49 44
42 46 43 44 44 44 48 56 69 69 55 50 45 47 50 50 54 63 55 46 44 44 44 40 43 49 44
42 43 41 43 50 44 46 54 52 54 51 46 46 46 46 50 53 54 53 51 44 42 44 42 43 44 43
42 43 44 41 44 46 50 51 51 57 47 51 45 42 45 52 53 53 46 49 45 42 43 42 43 44 41
43 43 44 44 44 47 46 46 49 50 47 48 43 44 50 45 48 51 45 46 49 44 42 43 42 43 44
43 44 44 44 42 43 49 46 46 47 46 45 45 44 42 45 44 47 44 43 47 44 42 43 42 43 44
42 43 45 44 44 44 47 45 43 45 45 44 44 42 45 50 44 45 46 44 42 43 43 43 44 41 43
42 43 43 43 44 43 44 44 44 46 45 44 44 44 44 44 46 45 46 44 42 43 43 43 43 41 44
43 43 43 43 44 43 44 44 44 48 45 44 44 43 44 44 43 45 44 47 44 42 43 42 43 44 43
41 43 44 43 44 43 44 46 44 46 44 44 44 44 46 44 47 44 43 42 44 42 44 45 44 45 44
41 42 45 43 44 42 44 47 44 45 44 44 44 45 46 45 42 44 44 44 43 44 46 44 45 43 42
43 42 46 43 44 43 43 45 46 46 47 46 44 46 47 45 44 45 44 44 44 44 40 44 46 44 44
44 42 44 44 44 43 42 45 48 46 47 47 46 47 49 47 44 48 43 44 47 44 45 45 42 42 44
43 43 44 44 46 44 42 44 44 47 48 44 48 56 51 47 47 47 45 46 45 43 46 44 42 43 42
42 43 49 44 43 43 43 45 46 47 48 47 49 52 50 49 46 46 44 41 44 48 44 42 43 42 44
48 44 43 44 43 44 44 46 47 48 51 55 52 53 52 56 49 48 49 44 44 44 44 44 44 40 43
47 44 43 44 43 44 44 49 47 51 54 53 52 56 59 63 51 48 49 44 44 44 44 44 42 43 46
42 48 44 43 46 43 44 47 50 60 59 67 61 69 72 78 59 49 44 47 43 45 46 44 43 44 44
43 48 44 44 48 45 46 53 67 81 99 107 110 118 102 124 86 66 50 49 47 50 49 44 47 44 42
44 45 41 45 50 47 52 63 79 103 136 145 128 179 132 176 108 83 62 49 48 52 56 42 44 49 46
44 46 44 45 50 48 46 76 101 119 167 157 134 202 152 189 106 95 74 54 49 54 58 44 44 47 44
42 46 44 45 52 45 49 77 84 107 101 144 113 200 153 121 97 88 76 53 47 52 54 45 42 44 48
44 44 45 46 50 47 51 73 86 110 107 142 124 200 160 134 98 96 86 59 48 51 55 45 44 45 42
44 44 45 48 50 47 49 71 86 95 94 114 98 205 132 101 85 78 71 51 50 51 51 45 43 44 44
42 44 44 44 47 46 47 63 68 71 84 78 78 127 80 84 76 73 69 49 48 48 47 43 44 44 44
42 44 44 44 49 45 47 51 73 68 64 73 67 97 68 95 80 69 61 47 44 46 47 44 44 41 44
42 45 43 44 48 45 45 51 71 82 76 73 68 81 77 76 78 70 65 46 44 46 50 44 44 41 44
43 46 43 45 50 46 46 50 73 95 79 79 67 74 72 77 73 68 57 48 46 46 52 45 44 44 41
42 43 46 48 56 47 46 52 68 100 95 91 79 82 76 70 69 60 53 46 47 55 63 58 45 43 44
42 43 47 60 65 50 46 52 60 98 124 100 81 86 84 75 67 58 47 48 48 58 101 71 46 43 43
44 45 47 81 309 65 47 54 73 107 163 138 111 109 104 100 86 67 54 53 54 106 922 63 45 45 44
44 45 49 84 427 126 50 55 83 117 162 169 140 109 104 102 93 71 57 53 59 296 323 65 46 45 46
46 44 54 81 211 91 54 56 89 115 156 152 147 129 117 128 111 78 58 53 50 175 253 67 44 44 44
45 46 52 77 138 82 53 64 102 142 136 174 176 142 152 150 139 90 66 54 59 173 192 56 46 44 44
48 46 46 62 116 83 53 76 102 156 165 177 169 156 189 173 134 88 73 57 64 159 187 48 45 46 45
47 45 45 50 95 79 54 97 106 156 190 177 195 171 181 181 127 104 88 58 63 136 114 48 47 45 46
44 49 46 47 88 77 63 113 136 179 198 156 179 165 127 160 134 110 93 86 73 154 93 46 48 45 42
45 50 46 47 65 82 76 108 145 180 180 152 191 160 122 157 165 144 110 129 78 121 71 46 46 42 45
42 45 50 49 59 71 89 114 141 167 165 155 155 130 123 154 195 142 126 158 85 87 63 46 46 45 46
44 45 49 46 63 58 102 116 113 142 134 150 134 114 109 130 139 120 113 140 86 84 60 50 44 44 44
44 45 46 44 53 53 72 89 104 103 107 139 117 97 103 111 107 101 93 104 74 60 53 45 44 44 44
40 44 49 45 48 46 49 57 67 70 82 96 84 81 79 81 81 74 64 64 57 47 49 44 43 44 43
43 42 44 49 47 45 48 53 56 61 71 75 73 66 64 65 67 65 53 57 48 46 46 43 43 44 44
43 45 46 43 48 50 48 59 59 64 71 74 74 66 68 67 65 63 56 52 47 47 47 43 44 43 44
43 49 44 47 57 50 50 62 62 70 71 75 74 69 76 77 72 65 57 50 46 47 49 46 44 43 44
45 62 46 48 54 47 49 53 57 69 71 73 69 73 74 75 74 64 57 52 46 49 50 45 44 44 44
46 52 49 51 56 48 49 50 61 72 66 74 76 79 79 76 70 76 61 54 50 48 53 45 43 44 42
54 50 51 56 58 53 54 57 67 71 68 78 86 85 85 77 81 91 67 57 52 54 53 48 43 45 44
46 48 51 54 58 61 54 59 62 67 70 87 97 91 90 97 103 109 74 57 57 59 55 49 42 46 44
51 49 47 56 62 57 66 60 65 72 82 97 105 98 113 136 128 140 101 62 63 59 57 46 42 46 46
51 48 45 51 63 58 66 57 64 67 79 94 92 92 103 124 100 103 79 63 59 60 54 44 43 44 46
63 49 50 48 56 63 68 57 57 66 72 80 70 77 78 87 71 68 62 63 58 61 49 44 43 43 44
