44 44 43 44 46 45 44 42 44 48 44 43 44 42 44 44 43 43 44 42 47 49 45 44 43 42 43
43 40 45 49 46 47 45 42 43 43 44 44 42 44 44 44 42 43 47 44 48 47 45 43 43 43 44
43 42 46 44 45 46 43 44 48 44 43 44 43 44 44 43 46 44 42 42 45 43 44 46 43 43 44
45 43 43 44 45 45 45 43 44 46 44 43 44 42 43 43 43 43 46 44 44 42 44 43 43 47 44
44 43 43 44 46 46 45 42 44 48 44 43 45 42 43 43 44 42 48 48 44 43 43 42 43 44 44
42 43 44 41 47 53 47 43 43 42 43 44 46 44 45 43 43 43 44 44 44 42 44 48 43 42 43
43 39 44 48 47 52 46 43 43 44 44 44 47 44 44 43 42 43 43 44 41 43 48 44 42 43 43
42 43 39 45 51 68 45 45 44 44 44 43 45 42 44 42 48 43 41 44 43 44 44 43 47 44 43
42 42 44 46 66 67 46 46 44 40 44 42 45 43 44 44 42 42 49 44 42 43 43 43 44 42 44
43 44 44 54 87 63 48 45 44 44 44 44 44 47 44 43 44 43 43 49 44 42 43 44 43 43 44
42 45 56 87 127 85 61 47 46 46 46 48 46 44 44 43 43 44 44 42 44 42 43 44 43 44 45
44 43 54 119 152 106 72 48 48 47 47 47 48 45 45 43 43 42 44 42 44 44 44 43 42 44 43
50 46 68 145 177 125 81 49 50 52 48 46 47 45 44 44 43 42 43 42 44 44 44 44 44 44 46
47 45 72 147 173 113 87 52 54 49 46 47 46 44 44 41 47 44 43 43 43 43 44 43 43 42 44
46 47 80 146 168 127 78 53 50 47 48 48 46 45 43 44 42 44 49 44 44 44 43 43 43 44 44
46 49 103 183 166 113 64 51 49 48 48 47 47 43 44 46 44 44 44 46 44 44 44 42 43 44 44
49 51 145 366 167 92 61 54 52 50 47 49 48 46 45 43 44 44 44 48 45 44 44 44 43 44 44
47 49 146 228 130 78 55 51 49 46 47 47 46 46 43 45 43 43 43 43 47 44 45 44 42 43 44
46 57 147 158 106 67 54 49 47 50 46 44 46 45 44 44 43 49 44 43 44 43 44 43 43 45 42
47 67 102 173 135 72 59 51 46 48 52 47 46 45 44 44 41 44 48 43 45 44 42 43 44 43 45
47 61 105 131 136 88 72 53 51 49 48 47 51 45 43 44 40 43 49 44 44 43 42 43 44 44 46
47 50 102 164 142 149 113 79 64 55 51 52 48 46 46 43 45 44 44 41 44 42 44 49 44 45 45
50 51 112 168 168 195 159 108 88 68 61 58 53 49 46 45 43 44 44 40 45 46 44 47 45 43 44
48 53 81 136 206 248 173 133 129 86 67 64 55 53 47 46 44 44 45 44 45 45 44 45 47 45 44
51 52 72 129 196 261 259 166 157 108 79 76 59 55 50 47 42 45 45 44 45 46 46 48 46 45 44
49 53 66 110 169 297 248 197 164 121 87 85 67 58 50 48 44 46 44 44 45 46 49 44 43 44 44
49 51 53 102 118 208 228 210 176 156 96 94 63 63 50 47 45 44 44 45 44 45 44 44 47 45 43
50 56 57 73 109 177 231 266 283 276 187 152 78 68 52 50 45 46 44 44 44 45 45 43 45 49 45
50 55 60 71 110 163 186 237 284 296 261 213 102 72 52 54 47 46 45 45 45 44 44 44 46 45 44
47 51 53 62 69 117 132 173 173 255 279 248 103 87 55 44 46 44 44 41 45 46 45 46 44 44 44
63 83 78 110 130 180 207 277 290 357 519 3575 263 160 69 52 48 48 48 48 48 48 49 49 48 52 48
74 140 57 61 68 89 106 140 185 206 334 334 219 108 58 47 43 44 45 44 45 45 42 45 49 45 44
47 62 49 56 58 70 89 109 166 178 243 246 162 114 64 51 44 44 43 44 44 44 44 44 44 45 45
46 51 49 54 58 65 77 100 139 149 193 206 136 114 62 46 45 44 43 43 44 43 44 43 44 48 44
46 56 50 55 60 64 74 91 116 165 185 169 134 126 58 51 43 43 44 44 44 46 44 43 44 44 44
46 50 73 57 57 63 78 76 90 144 155 165 123 109 53 43 42 44 44 45 44 44 44 42 43 44 45
45 48 97 69 57 61 64 76 78 76 125 120 99 94 46 45 43 42 44 44 44 44 46 44 42 43 44
48 52 85 136 66 60 60 74 69 73 79 94 95 77 49 44 43 48 44 44 44 42 44 44 43 44 42
48 52 63 176 97 68 67 87 102 80 92 87 79 87 52 44 42 44 46 44 46 44 43 43 43 43 44
51 52 60 159 174 84 73 97 89 90 95 100 91 81 56 45 43 43 44 44 45 45 42 44 48 44 43
50 50 58 124 209 146 79 82 89 102 107 111 106 80 54 44 45 44 49 45 44 45 43 44 44 44 44
48 51 51 89 138 191 85 78 85 114 115 109 114 82 51 44 44 43 44 41 45 48 44 46 44 42 44
45 48 50 62 109 116 86 77 74 98 127 108 118 84 51 44 43 43 43 44 43 44 46 44 45 44 43
46 48 51 58 104 143 95 89 74 90 127 110 118 80 50 44 43 42 44 48 45 44 44 42 43 44 44
45 50 50 56 70 129 108 111 81 78 96 91 100 74 48 44 42 44 42 44 46 46 46 44 43 44 44
47 49 51 59 68 120 150 171 125 79 92 96 88 76 52 44 43 44 42 44 48 44 46 44 42 44 44
48 51 52 59 66 128 180 183 149 90 93 93 82 68 48 44 43 46 42 43 44 44 45 42 46 50 44
51 51 54 61 70 128 185 198 157 90 94 103 88 64 46 45 39 44 44 44 43 43 44 44 46 42 44
55 55 58 68 83 174 222 271 206 131 112 114 92 60 47 45 45 45 46 42 44 45 45 45 42 45 49
49 54 54 64 73 138 185 209 184 123 107 102 93 56 45 44 44 44 45 47 46 45 48 48 44 43 44
51 55 58 70 81 165 241 264 247 162 140 122 83 59 46 45 44 42 44 48 46 44 45 44 44 50 45
55 64 62 77 91 194 318 306 281 194 171 142 85 62 47 45 44 45 45 45 46 46 46 46 43 45 48
56 62 62 86 98 186 369 362 348 225 163 143 83 62 49 51 44 45 44 44 46 45 46 43 45 48 45
57 65 64 93 104 151 344 330 325 207 129 108 77 65 49 46 44 45 45 50 46 46 46 46 45 45 45
65 62 83 109 102 118 206 256 221 134 90 84 65 60 46 44 45 44 44 49 45 44 45 44 44 44 43
64 99 105 110 118 120 119 122 104 72 65 64 55 50 49 45 43 44 44 44 50 45 45 44 45 44 44
156 172 127 137 140 116 102 89 86 70 63 61 52 50 51 45 44 49 46 43 45 44 45 46 47 44 47
185 207 129 145 119 100 82 78 72 63 61 56 50 49 46 45 43 47 50 46 45 45 45 46 46 44 44
265 226 188 127 107 77 76 67 63 59 58 54 52 48 45 45 46 48 50 45 48 46 49 47 46 43 44
298 234 185 139 101 77 74 64 62 57 54 53 51 47 47 44 51 51 47 43 48 54 50 57 49 43 44
230 182 175 123 86 84 62 60 61 55 53 52 50 48 47 47 48 57 51 42 49 58 58 62 49 43 44
139 186 98 96 82 70 63 65 55 52 54 51 51 50 49 49 52 67 56 47 49 56 61 53 47 44 46
114 133 75 72 80 61 59 56 52 56 53 49 49 47 49 49 48 56 53 54 53 66 58 48 45 44 44
92 79 62 61 67 57 58 53 50 50 49 49 51 46 45 46 44 49 46 50 59 66 55 46 43 43 44
