49 43 43 44 43 43 44 44 45 43 49 93 159 75 59 47 44 44 42 43 45 43 44 46 44 45 44
42 40 44 48 44 43 44 42 44 45 62 95 89 56 50 45 42 43 44 44 42 43 50 43 44 44 42
43 49 46 44 44 42 43 44 44 46 66 107 68 49 45 45 44 43 44 43 44 39 44 48 44 42 43
42 43 44 44 44 42 44 47 45 44 51 126 60 53 45 51 44 43 41 43 44 44 48 44 42 44 43
42 42 43 43 44 44 41 44 49 46 54 135 72 53 52 43 44 44 45 40 44 44 44 43 43 44 44
40 43 49 44 44 43 42 43 44 45 50 60 100 76 50 44 44 44 42 43 44 43 44 40 44 49 44
42 47 43 43 44 41 44 49 45 45 48 56 133 97 54 46 44 45 44 42 44 43 44 43 45 45 44
42 43 49 44 40 43 43 44 45 46 48 53 105 134 79 47 51 44 44 44 41 44 43 44 44 45 44
43 42 44 42 44 44 44 48 44 48 46 43 57 81 95 65 48 44 48 44 43 43 44 43 44 44 44
42 43 44 43 44 41 44 48 44 44 46 46 50 78 108 109 61 49 47 45 47 44 42 43 43 46 44
42 44 44 44 43 44 48 44 43 45 46 47 49 72 112 139 104 56 57 45 45 47 44 42 43 44 44
43 44 44 43 44 44 42 44 48 46 45 47 48 61 102 124 135 95 62 49 44 43 43 43 44 42 44
43 44 43 44 44 43 44 44 45 48 46 48 49 52 93 116 155 172 81 55 46 43 44 43 44 45 42
46 44 45 44 44 43 43 44 45 45 46 51 48 49 83 93 153 207 125 63 46 44 44 43 44 45 42
42 43 44 44 45 43 44 45 44 46 46 46 48 50 72 88 146 219 142 82 46 46 46 44 46 45 43
44 42 44 43 44 44 44 44 46 49 47 46 48 48 55 68 103 200 270 174 48 46 49 45 43 44 43
44 43 44 44 44 45 42 44 50 46 44 46 46 47 51 59 78 172 195 156 54 45 45 49 44 44 44
45 44 43 43 44 43 45 44 45 46 46 46 47 46 47 54 71 122 174 142 77 44 44 49 44 43 44
43 45 43 43 45 44 45 41 44 50 46 45 46 46 49 60 84 112 187 127 63 50 45 44 43 43 46
43 40 44 49 44 43 44 43 44 46 46 46 47 47 53 76 90 141 160 109 59 50 44 43 44 43 44
43 39 44 49 45 43 45 43 45 47 47 49 50 51 75 95 119 184 172 129 50 44 50 44 44 44 43
45 50 44 44 46 43 44 45 46 50 48 54 57 70 117 127 154 195 184 123 51 46 45 46 45 46 46
44 50 45 44 45 44 44 46 50 55 55 60 69 95 150 140 190 238 208 110 47 45 46 45 46 45 44
42 45 51 44 44 46 44 50 54 60 60 70 88 113 172 184 190 208 155 78 47 48 44 45 50 49 43
46 44 45 45 44 44 49 52 57 63 67 108 110 136 218 230 216 174 146 65 50 46 45 46 49 52 46
46 46 48 45 44 44 46 50 63 66 104 124 148 204 232 303 249 171 112 60 50 48 47 47 52 57 45
44 44 46 44 45 47 45 50 62 72 95 138 181 228 199 241 170 122 74 58 49 48 45 46 56 55 45
46 45 46 47 46 46 46 53 75 164 188 334 342 330 270 204 187 145 80 57 53 51 50 50 64 65 46
45 45 45 44 46 48 46 54 97 133 183 302 287 352 174 132 134 74 58 53 54 50 47 49 61 64 46
44 45 44 44 42 44 50 55 99 123 172 327 256 218 110 113 75 63 56 45 49 53 48 48 60 61 45
44 45 45 44 44 45 49 66 95 150 248 331 284 192 98 116 72 63 58 51 48 49 47 48 62 63 45
45 47 45 44 44 44 47 69 146 159 213 278 209 176 115 85 63 54 53 54 49 47 47 46 57 61 46
40 44 45 46 43 44 45 71 118 152 195 234 179 142 110 65 58 58 51 49 48 45 46 46 56 58 42
44 43 44 42 44 44 44 59 91 148 140 181 148 133 80 66 52 51 51 47 49 46 44 45 52 54 45
43 44 44 43 44 44 44 55 85 134 126 144 121 94 64 57 50 48 44 46 44 45 51 45 49 51 43
43 42 43 43 44 44 43 48 77 116 117 138 104 70 67 54 52 49 46 43 46 43 45 49 49 50 45
45 44 44 43 44 43 44 47 56 83 92 81 86 71 58 52 48 46 44 40 45 43 44 48 47 46 43
42 46 43 43 45 43 44 46 67 85 93 76 79 67 54 51 48 46 46 42 45 49 45 43 46 46 44
43 39 44 48 44 43 44 47 63 74 99 84 82 69 54 52 46 45 46 42 45 49 44 44 46 46 44
42 39 44 48 44 44 44 45 61 87 100 101 94 75 58 50 46 46 45 46 43 44 48 45 48 49 42
43 48 44 44 44 42 44 46 67 105 114 138 103 78 56 50 48 46 50 44 46 46 42 45 55 50 43
43 44 45 43 44 43 44 46 75 132 134 142 97 74 54 51 51 49 46 49 45 45 45 43 50 56 44
45 44 46 44 43 43 43 46 80 117 155 130 102 68 55 52 52 60 50 51 44 45 46 45 50 54 44
42 44 48 44 43 43 44 47 78 118 144 156 104 71 58 56 71 81 79 52 47 45 46 46 51 54 44
43 45 44 44 45 43 44 51 81 115 122 121 93 68 65 74 87 72 88 71 46 46 46 46 50 52 44
44 43 44 44 44 44 44 50 89 140 109 123 94 94 98 93 84 72 87 95 50 48 46 46 51 52 46
44 45 44 44 45 47 45 46 100 130 112 101 110 158 157 100 81 61 74 95 76 48 47 44 58 57 47
45 42 45 50 45 44 44 48 83 118 112 118 202 187 166 108 83 60 62 87 108 55 46 50 75 64 46
44 45 43 45 49 44 46 53 98 136 161 188 218 191 118 107 78 59 57 59 103 102 53 55 175 169 56
47 46 46 45 46 45 46 51 105 150 198 219 264 208 131 100 74 62 57 56 110 202 57 54 150 732 61
49 45 45 45 44 44 45 50 126 150 181 245 287 205 124 82 64 60 56 52 59 76 89 62 192 237 63
44 46 43 45 47 44 45 48 84 160 207 354 390 208 122 78 68 66 57 53 53 68 112 117 195 146 47
46 46 48 44 46 46 47 56 87 155 257 550 777 252 123 95 79 73 67 58 59 60 68 107 287 150 48
44 46 45 44 45 42 46 58 74 98 188 326 448 140 82 74 69 62 53 53 50 52 56 54 89 81 46
44 44 44 44 44 45 42 53 60 59 63 74 74 56 52 50 55 52 51 48 46 43 45 50 48 50 44
45 51 45 42 46 46 46 53 53 53 61 58 56 51 52 55 59 56 56 56 49 44 45 50 46 45 44
53 53 44 44 48 46 53 51 53 61 56 55 56 54 65 72 69 73 66 60 56 53 50 46 46 45 44
63 50 49 48 55 51 48 49 50 57 55 58 57 63 73 89 86 86 78 65 60 58 52 47 47 45 44
53 63 51 60 52 47 48 46 50 56 54 58 60 67 83 96 95 103 93 73 55 59 68 51 48 46 43
69 58 51 64 50 48 53 50 53 52 54 61 59 65 80 97 118 126 102 71 61 65 62 70 54 48 43
52 51 51 60 50 52 49 50 47 53 59 62 63 68 87 108 152 184 118 81 65 62 73 72 49 55 45
54 53 51 54 54 49 50 53 50 55 56 64 72 68 97 138 181 225 173 81 69 66 69 58 53 54 45
61 53 52 53 53 48 48 51 49 50 56 62 60 62 78 112 112 149 106 71 66 72 64 56 50 47 44
59 48 50 46 50 55 49 49 46 51 52 54 54 56 62 77 71 79 67 64 62 68 59 51 47 47 44
