43 44 45 44 46 55 109 296 78 51 50 51 50 50 85 285 142 119 50 52 46 45 45 43 44 44 44
44 44 43 45 46 67 130 58 53 48 42 44 50 47 46 60 79 132 46 45 48 44 45 44 42 43 44
43 44 44 42 48 63 113 50 44 45 50 44 43 44 45 46 62 63 53 44 44 43 41 43 48 44 42
43 43 44 42 45 54 85 47 42 44 49 44 43 44 44 46 76 78 48 50 43 43 44 41 43 48 44
45 43 45 44 44 58 88 46 44 42 44 49 45 43 46 45 74 79 50 45 44 48 43 43 44 41 44
47 44 44 44 45 109 158 50 45 42 45 50 45 43 46 47 71 96 53 46 45 41 44 48 44 43 44
43 41 44 42 46 129 127 52 45 44 44 44 44 45 46 46 56 72 54 47 44 44 44 42 44 46 44
44 41 44 44 44 114 106 55 46 44 47 44 50 44 48 46 62 87 74 47 43 43 42 43 44 43 47
47 44 42 44 44 121 118 59 46 45 46 44 45 43 45 44 68 89 104 50 44 45 44 44 44 44 42
43 44 44 46 46 114 106 63 46 46 44 45 50 45 45 46 63 102 128 60 43 44 43 43 44 41 45
43 44 44 47 59 168 150 91 47 47 47 45 47 50 47 48 78 110 177 123 46 44 45 44 44 44 46
43 44 46 45 74 174 135 106 49 47 48 45 47 52 48 49 91 110 180 139 46 46 45 43 44 47 45
42 46 44 44 81 159 123 102 54 49 47 46 46 46 47 50 77 126 159 132 46 45 45 44 43 44 45
45 44 44 48 61 129 128 95 51 49 46 46 46 45 46 48 63 107 126 113 47 44 44 44 43 45 48
43 44 44 44 54 123 132 83 49 46 46 45 46 46 44 47 55 104 118 102 48 45 47 45 42 43 44
46 44 45 44 53 117 124 78 49 47 46 44 46 46 46 48 50 88 97 87 53 45 44 44 42 43 45
43 46 45 45 49 77 106 63 46 46 46 45 46 45 46 52 55 67 75 71 46 49 48 44 44 42 48
42 44 46 44 46 67 93 67 54 47 46 46 45 45 47 49 66 89 99 46 46 50 46 44 44 43 44
42 45 46 44 46 55 106 92 57 48 47 45 46 46 47 52 63 93 92 63 46 44 46 43 44 44 44
43 47 49 47 48 53 88 102 81 51 48 46 47 50 49 53 85 100 83 64 46 44 45 44 43 45 44
44 43 45 44 46 59 97 110 82 64 50 48 50 48 47 66 90 117 97 64 52 45 45 44 43 43 44
46 44 46 44 46 73 128 124 112 93 56 52 50 49 60 94 99 127 114 81 47 46 49 45 45 44 43
44 45 46 45 49 84 140 116 140 114 72 58 51 53 81 102 127 143 136 103 55 48 46 47 45 46 44
48 46 47 46 51 89 132 133 168 135 95 63 56 57 89 118 126 143 125 102 59 59 48 51 45 48 45
46 46 54 46 52 91 153 134 167 141 98 74 61 59 108 107 127 130 130 118 61 61 50 50 48 49 44
45 44 52 57 50 86 117 135 136 114 96 69 65 67 105 123 117 124 122 109 60 51 49 71 73 49 45
44 75 108 69 53 74 125 111 110 116 93 71 65 77 106 126 112 109 122 106 68 57 51 58 58 66 43
50 84 53 54 75 78 147 169 127 132 124 102 93 110 151 194 151 162 152 133 66 106 57 64 52 60 45
75 58 48 48 64 95 117 123 123 117 118 96 79 111 137 151 119 128 123 104 51 64 58 51 51 48 44
45 47 51 49 53 61 92 103 99 109 101 92 78 103 110 115 105 97 97 75 50 70 56 48 62 45 45
45 85 84 78 58 58 83 117 112 120 102 111 94 123 115 131 117 112 95 72 58 58 64 68 60 44 46
48 53 101 60 57 56 88 125 124 131 115 125 103 154 118 156 114 123 98 72 51 53 54 109 63 42 51
43 50 70 69 52 52 75 129 129 120 118 121 112 166 109 131 104 111 98 71 49 52 49 65 47 46 50
44 55 66 61 52 51 66 107 108 113 106 122 99 148 117 121 102 102 82 60 50 53 54 63 45 45 45
45 50 51 54 52 55 73 91 104 129 112 110 89 147 126 117 93 82 79 71 54 56 64 90 50 50 45
43 46 47 52 48 53 96 121 142 108 91 95 89 100 99 95 88 83 74 56 47 54 84 73 45 47 46
45 43 50 82 53 59 57 87 88 85 77 64 71 77 71 73 73 74 69 50 46 52 58 46 43 48 46
49 44 51 89 60 51 52 78 76 79 72 62 67 75 59 76 75 74 61 52 46 48 120 46 44 45 44
45 45 46 73 65 48 51 60 78 74 77 66 84 75 61 69 67 70 52 51 46 48 70 45 44 44 42
46 48 48 55 66 48 50 58 84 87 82 83 87 85 65 75 70 67 48 47 52 60 110 53 43 44 44
44 57 46 58 76 52 49 56 95 97 87 100 90 89 72 69 68 62 52 49 45 64 71 46 43 44 43
43 46 46 51 82 67 48 58 87 87 119 87 109 96 74 68 69 60 55 47 49 100 104 50 44 44 44
46 46 44 51 104 86 53 58 75 119 120 121 117 79 88 84 78 72 60 47 50 123 115 51 44 44 44
44 45 44 47 140 102 59 64 59 122 123 119 106 84 69 77 68 61 56 47 52 241 109 46 44 43 44
44 43 47 57 426 120 64 62 64 94 114 121 117 82 84 95 93 69 58 52 57 254 75 47 44 43 44
43 42 51 68 198 94 61 63 66 107 102 128 128 96 104 102 112 78 60 56 58 194 70 52 45 44 43
44 51 51 57 97 91 62 60 71 103 107 110 127 106 108 103 102 80 67 51 64 143 53 48 42 44 48
46 51 48 51 71 85 68 60 74 88 106 109 129 116 106 115 96 86 72 60 83 118 55 48 44 42 44
42 46 52 49 73 101 61 65 82 96 120 108 127 114 95 111 90 91 88 61 98 105 47 46 44 44 45
42 46 53 47 54 74 61 64 85 96 125 114 135 116 93 118 123 99 95 80 96 99 49 46 44 44 42
44 45 49 51 55 63 62 76 98 110 124 131 126 104 109 130 175 128 109 111 86 95 52 46 45 46 45
44 46 47 47 54 57 66 85 102 115 122 137 118 99 101 116 164 140 107 108 85 71 49 47 46 45 46
45 46 46 47 53 53 61 78 96 101 108 147 117 87 93 101 146 128 99 115 92 55 48 48 44 44 46
43 44 46 48 49 52 55 71 74 78 83 125 93 74 80 87 99 96 82 90 63 50 45 46 44 44 45
43 45 46 46 48 50 58 63 69 77 75 97 79 63 65 79 85 81 72 64 50 48 46 45 44 44 43
44 49 48 50 55 53 68 76 78 85 85 86 78 70 74 93 102 84 78 76 50 51 47 44 43 44 44
46 56 53 50 60 55 69 82 90 91 89 83 77 76 80 90 92 89 78 67 54 49 46 45 44 44 45
46 70 51 53 58 55 65 69 78 93 80 85 71 76 84 97 88 89 72 64 53 50 46 45 44 44 44
47 65 63 55 54 50 56 60 66 75 73 76 71 79 81 88 82 81 64 62 57 51 46 46 43 44 45
57 54 61 58 55 50 58 55 63 74 63 73 72 74 76 81 84 81 61 60 52 52 53 46 43 43 43
59 52 60 58 59 53 56 58 66 66 64 79 81 79 89 96 107 105 69 57 56 58 55 52 44 43 44
47 53 53 61 63 56 65 63 62 67 83 94 95 89 111 147 142 144 102 60 59 60 55 51 44 43 45
49 51 48 54 63 59 65 59 64 72 84 98 91 93 116 150 120 119 79 58 61 73 59 46 44 43 44
57 45 47 50 60 63 69 62 56 66 82 95 81 100 97 107 93 75 62 60 59 72 56 45 44 43 44
