43 45 47 50 71 224 378 74 53 49 50 45 48 56 71 210 262 170 66 47 45 44 46 45 44 44 44
43 49 44 47 68 90 151 58 49 46 44 45 50 46 46 65 89 126 46 46 50 43 46 44 42 43 44
43 43 44 43 64 72 71 47 46 44 49 44 44 44 44 46 58 77 51 48 43 43 44 40 43 48 44
42 48 44 44 54 70 53 48 44 44 45 44 46 47 44 46 61 100 54 44 44 43 43 43 43 45 44
47 44 46 46 47 82 50 46 44 44 44 46 45 43 44 48 63 82 55 42 44 44 43 43 42 44 46
42 44 44 44 55 137 60 45 44 44 44 44 44 45 44 44 53 81 56 43 46 45 44 46 43 42 44
43 40 44 45 48 139 63 44 44 44 44 44 42 44 50 46 54 70 56 44 44 43 42 43 47 44 42
41 44 41 43 47 110 72 51 44 44 45 46 44 50 44 47 56 78 64 44 44 44 44 42 43 42 44
42 44 44 49 48 108 95 44 45 44 45 44 45 45 45 46 68 81 81 44 46 44 42 43 43 44 44
42 44 44 44 52 99 97 55 45 45 45 45 43 44 48 46 74 82 101 50 43 43 44 43 44 42 44
41 44 50 45 64 143 133 86 47 46 47 44 46 49 46 48 84 104 142 66 45 42 43 44 43 44 41
44 42 45 48 76 156 135 99 47 48 47 46 46 43 47 58 95 118 154 69 46 44 44 41 43 48 44
42 47 44 45 66 147 121 106 49 46 46 45 46 46 46 54 90 127 134 71 45 44 44 44 41 44 48
44 43 48 44 57 119 131 104 55 47 46 45 46 46 46 49 86 111 119 62 45 44 44 44 41 44 47
44 44 44 42 46 112 138 102 51 46 46 46 46 46 50 48 88 116 105 49 50 44 44 44 42 43 44
43 44 44 44 44 97 150 118 52 47 46 46 46 45 47 48 88 106 89 46 40 42 43 44 42 44 47
43 47 44 43 49 66 121 100 58 47 52 46 46 46 45 47 100 127 63 50 44 43 44 44 44 47 44
44 44 47 44 45 50 95 89 55 47 46 49 46 45 46 46 83 115 49 45 46 44 44 49 44 43 44
42 43 44 44 45 45 70 94 66 50 46 45 45 46 45 50 111 75 48 51 46 42 44 42 43 44 44
43 50 44 43 45 45 59 102 85 60 46 46 49 46 47 52 84 75 49 44 46 43 44 43 43 43 43
43 47 45 42 44 50 52 89 85 74 53 47 46 47 48 68 91 83 53 45 47 44 42 44 43 44 46
44 43 44 44 47 51 52 103 107 89 58 49 47 49 58 83 94 95 59 46 46 44 44 44 46 44 47
44 43 45 44 46 48 56 92 121 99 73 52 49 50 70 90 95 95 68 49 49 43 45 49 45 44 44
46 44 44 45 45 47 60 96 123 122 98 56 54 51 83 101 91 91 89 46 47 45 44 45 44 44 44
47 46 43 44 46 48 69 89 125 119 102 63 61 54 101 109 101 102 85 54 46 49 45 48 44 43 44
44 42 45 48 46 50 72 85 101 99 87 64 57 58 93 111 113 99 95 65 46 45 46 44 45 44 42
44 44 45 44 45 53 71 78 81 81 78 60 56 62 75 109 97 88 94 81 48 46 49 44 44 44 43
46 50 46 46 47 56 91 101 107 117 103 75 66 68 127 153 129 140 129 80 47 49 45 45 46 43 45
44 46 46 46 46 55 81 102 111 127 101 80 64 78 117 136 126 120 90 81 47 47 46 45 45 45 44
41 45 50 46 45 48 76 79 83 103 89 98 79 102 94 110 103 98 79 62 48 45 44 44 44 44 43
44 43 45 45 47 50 69 92 87 98 103 108 102 127 101 133 108 104 86 62 51 45 45 44 44 46 44
45 46 45 46 47 49 63 102 104 108 119 119 115 161 120 160 114 104 93 60 47 46 46 45 43 45 47
45 44 47 45 47 49 61 93 104 112 128 121 105 170 129 157 104 98 89 62 46 46 45 45 45 45 46
44 45 46 45 46 48 56 77 92 110 94 118 82 156 126 112 99 91 82 59 44 44 45 44 44 43 44
44 46 45 46 44 47 60 84 92 111 97 106 84 143 123 112 91 88 88 55 46 45 44 44 44 43 44
43 45 43 45 49 46 52 74 82 93 83 82 68 118 89 89 76 71 66 50 46 45 45 43 43 44 44
43 44 44 43 45 46 46 59 65 66 70 62 58 83 62 68 66 64 59 50 45 44 44 42 43 44 44
43 44 44 42 45 48 46 51 68 65 61 65 54 78 59 73 65 63 52 46 45 42 43 43 43 44 41
44 47 44 42 44 44 46 50 64 78 79 71 62 71 65 68 66 58 54 48 45 45 44 42 43 43 44
43 46 44 43 44 44 46 50 66 89 88 83 66 71 70 67 63 58 54 45 46 44 43 43 43 43 44
43 43 44 44 44 45 44 48 67 96 84 90 75 75 73 64 62 54 49 45 45 44 44 43 49 44 43
44 43 44 44 45 45 44 49 64 94 108 97 87 81 84 66 63 55 49 43 45 42 44 49 44 43 44
44 45 44 44 45 46 48 47 60 97 132 110 104 86 80 74 69 56 55 46 45 44 44 44 42 43 45
45 48 44 45 50 46 46 50 66 99 136 125 125 101 82 79 75 61 50 46 45 45 45 44 44 46 45
43 49 44 45 46 46 50 54 74 101 127 110 115 105 98 102 90 71 55 48 46 43 45 45 44 44 44
44 44 46 48 46 46 50 53 86 120 115 136 137 118 129 124 112 79 61 50 46 46 49 45 43 44 43
45 50 46 45 47 47 52 57 86 132 142 151 139 133 162 140 110 80 65 50 46 46 46 45 44 44 44
46 46 46 50 48 48 53 64 94 141 171 159 177 149 152 143 119 101 72 51 48 46 46 44 46 49 45
45 47 49 46 46 49 53 76 119 157 204 153 158 141 105 129 117 102 86 52 48 46 46 46 45 45 47
46 47 43 46 52 50 53 76 116 128 161 131 158 130 96 121 115 114 97 51 47 45 46 46 44 44 48
46 45 46 50 48 48 53 82 113 122 120 150 132 95 97 109 120 113 110 57 47 46 46 46 46 44 46
46 46 48 46 50 51 57 82 122 189 148 157 124 97 102 106 144 138 95 74 48 47 47 44 44 45 44
47 47 46 48 50 51 70 76 135 203 140 151 108 82 90 106 146 165 91 78 58 49 49 46 44 44 45
47 46 46 49 52 53 64 75 80 104 87 92 66 64 63 73 83 85 84 86 59 49 49 45 44 45 44
56 49 50 74 78 92 123 102 84 85 78 81 65 59 61 70 86 80 77 107 82 71 58 46 45 50 44
50 70 74 92 118 156 156 115 93 88 81 78 67 63 65 72 81 84 82 123 84 81 59 57 48 48 44
71 101 78 90 146 172 137 121 102 89 82 76 68 66 74 79 78 95 93 110 88 89 82 63 56 59 43
72 140 85 89 114 98 111 98 83 87 78 71 67 74 74 76 77 85 81 90 75 83 71 65 63 64 45
138 109 96 89 86 85 78 78 72 80 78 76 72 82 83 81 76 89 84 86 68 68 79 71 75 51 44
172 108 88 96 86 76 76 77 79 81 78 83 86 90 91 87 97 109 84 78 68 74 78 80 79 49 44
68 121 91 91 78 76 74 72 76 79 80 93 103 98 99 109 130 142 102 72 72 93 89 89 72 49 45
73 107 67 92 77 72 90 72 72 86 92 101 103 101 116 153 159 196 151 82 75 76 80 90 54 50 48
53 71 59 71 75 70 77 63 68 76 85 89 87 93 102 128 113 130 102 71 69 86 74 83 47 43 47
62 49 53 64 64 72 75 60 56 66 71 76 68 71 72 81 74 77 63 67 68 77 67 72 46 42 44
