41 44 50 46 46 57 154 355 84 50 49 50 49 54 117 350 183 68 50 48 46 44 46 44 44 44 42
43 41 46 43 45 55 68 102 63 46 44 44 45 45 55 86 76 84 46 44 43 43 45 44 44 41 44
42 43 44 44 49 75 113 56 52 45 43 44 45 44 46 53 72 73 48 44 41 43 44 44 42 43 43
42 44 44 44 44 51 84 47 45 44 44 43 44 42 44 52 78 68 46 41 44 47 44 42 43 42 43
41 43 44 43 46 48 93 52 44 43 44 43 44 44 42 46 71 60 42 44 45 43 44 48 44 42 43
42 43 44 44 46 80 150 58 45 44 44 44 45 45 43 50 96 88 47 48 45 43 44 42 44 44 42
43 49 44 44 46 103 140 55 45 45 42 44 49 44 44 46 74 82 47 45 48 44 44 44 44 44 44
44 44 44 43 46 79 104 55 44 44 45 48 44 49 45 44 71 84 56 44 49 44 45 43 42 43 43
43 41 45 48 46 92 131 64 45 44 45 45 45 45 43 46 82 96 81 47 47 44 46 44 42 43 44
43 42 44 44 45 98 105 70 51 46 44 45 45 44 45 45 83 97 113 50 45 42 44 48 44 43 44
44 44 43 49 49 140 155 97 48 52 47 45 46 45 46 50 91 121 177 66 46 45 42 44 48 44 44
43 44 49 46 57 162 141 115 54 45 47 52 47 46 47 50 98 127 189 88 46 50 45 44 44 42 44
44 40 46 50 66 153 136 98 58 48 47 47 46 47 50 55 104 148 179 115 43 46 49 44 44 44 43
44 44 43 45 54 123 128 102 60 46 47 46 46 46 46 51 91 133 151 99 43 45 50 44 43 44 43
44 49 45 44 51 114 131 96 55 48 45 46 50 46 46 48 93 135 142 86 45 44 45 44 44 42 45
44 45 49 44 48 118 142 94 54 50 46 46 50 47 48 49 80 116 133 65 45 44 46 43 44 48 46
42 46 48 44 50 80 111 74 51 47 47 49 46 46 46 48 72 102 116 54 47 44 47 45 44 44 47
44 42 46 49 46 54 88 74 50 47 47 46 46 50 46 50 80 111 84 48 46 44 47 45 44 45 48
44 44 45 50 48 54 86 92 56 48 46 46 50 46 47 51 82 107 87 52 47 45 45 44 45 45 45
44 44 46 46 46 49 69 94 70 50 48 46 46 46 48 55 82 92 72 46 46 45 43 45 47 45 44
44 44 45 45 46 50 80 102 80 62 49 46 47 48 50 66 90 100 79 46 45 44 45 44 44 45 44
45 45 46 45 46 52 101 111 102 88 54 50 49 50 59 89 93 114 95 51 49 46 44 44 43 44 44
43 47 45 46 48 56 112 108 126 98 67 53 51 49 77 104 101 109 103 58 51 49 46 44 44 44 44
43 45 47 47 50 58 111 124 152 119 86 56 53 54 85 103 104 101 95 65 54 50 47 48 44 45 44
43 45 52 46 50 69 119 123 150 125 96 66 57 56 103 111 115 110 105 83 52 50 47 49 45 47 42
43 49 48 46 49 72 105 116 121 108 92 68 59 60 104 118 106 102 103 82 47 51 52 45 53 45 44
43 49 66 58 49 62 104 102 93 101 86 67 59 64 85 106 97 95 106 89 56 48 62 74 61 44 45
44 66 72 62 55 71 116 127 110 113 107 78 65 95 125 141 127 119 127 97 48 63 60 80 72 56 44
49 62 48 50 58 74 111 110 117 105 104 82 63 95 111 124 111 102 100 81 49 64 58 63 53 61 44
44 55 46 46 51 64 78 89 91 102 92 79 65 80 92 104 99 87 86 64 50 54 54 46 47 46 46
44 102 57 56 51 53 78 107 99 118 102 101 82 105 97 121 119 108 84 62 53 71 56 47 69 44 45
51 63 50 53 55 53 81 122 109 128 110 112 100 138 108 150 104 110 85 63 49 55 64 58 58 44 50
44 51 62 44 53 57 73 123 122 123 126 132 112 174 118 144 99 107 93 65 48 53 56 62 48 44 56
42 52 61 48 57 50 65 109 109 112 120 158 108 178 131 127 99 94 78 56 50 50 53 67 46 44 45
44 50 56 53 53 49 71 91 104 129 132 140 108 180 136 127 99 85 75 65 49 53 56 78 48 53 46
46 45 61 49 50 52 82 116 138 108 117 132 97 118 111 94 89 81 71 56 47 51 55 60 43 45 52
44 45 70 64 50 56 63 94 88 87 88 72 86 95 76 76 73 71 65 51 46 49 72 50 42 45 50
45 46 61 92 51 48 53 87 81 79 69 66 81 83 63 72 74 69 59 46 46 51 93 46 47 44 44
46 46 48 78 54 46 52 66 80 79 74 64 85 80 62 71 65 64 51 46 46 58 124 45 48 44 44
46 46 47 84 60 47 53 65 90 92 75 75 89 84 65 69 67 63 48 46 46 75 129 44 44 48 44
44 50 47 93 83 49 52 67 96 90 83 89 89 82 73 68 65 63 54 47 47 97 130 46 44 43 44
43 46 48 110 93 50 49 67 86 95 105 87 86 82 71 67 61 57 49 52 53 118 157 46 44 44 44
44 49 57 116 128 67 53 59 96 123 116 106 96 88 81 79 70 63 51 53 56 188 178 45 44 44 43
44 48 51 108 233 84 58 66 69 104 133 113 108 92 77 74 66 63 53 49 67 472 174 47 45 45 46
44 50 61 97 772 96 61 63 81 102 125 123 114 95 81 87 83 63 54 58 60 260 93 51 45 45 45
44 52 61 88 182 69 62 63 87 113 102 124 119 110 91 98 95 71 59 52 67 209 79 59 47 44 45
44 48 56 66 126 75 62 79 95 122 108 123 127 110 107 102 103 77 56 53 87 173 59 49 48 44 43
48 45 51 57 94 90 61 93 92 103 106 128 142 119 117 117 100 82 63 53 105 116 51 50 45 43 44
43 46 46 51 91 99 63 110 113 126 128 116 145 113 103 116 95 88 74 60 107 103 50 47 45 44 45
42 46 54 50 72 83 61 106 127 135 145 121 152 122 100 129 123 101 87 81 97 75 51 47 45 45 42
45 46 51 52 59 64 66 113 137 139 132 140 138 109 109 147 147 110 95 122 93 63 51 47 45 43 44
44 51 48 48 55 57 81 107 138 131 125 147 126 99 100 135 132 100 97 84 91 56 50 47 44 44 45
44 47 49 49 54 52 80 116 124 126 121 150 114 97 101 121 115 97 88 82 63 61 49 46 45 44 44
43 44 46 48 51 51 68 86 84 89 103 112 88 82 84 94 94 77 68 62 50 50 47 43 44 48 44
47 45 46 46 48 51 61 70 75 79 87 95 74 72 71 85 93 71 66 54 49 49 47 46 41 43 44
44 48 51 46 53 50 59 73 75 82 85 86 78 77 77 89 96 76 75 65 49 49 46 45 42 44 48
48 56 51 48 56 52 64 76 82 91 84 91 89 79 87 98 88 86 71 62 58 50 44 45 49 44 43
46 60 54 50 52 50 59 70 71 79 75 85 79 80 89 94 88 79 70 63 52 52 44 45 49 44 43
47 58 62 51 49 49 60 58 63 73 68 80 80 91 92 96 83 80 66 62 53 51 49 42 44 48 44
51 57 63 54 53 50 55 58 61 69 67 83 83 91 93 87 88 91 71 64 54 55 52 46 44 42 44
58 58 62 56 59 57 55 58 62 69 71 93 99 101 103 110 116 124 76 68 61 66 59 47 44 44 43
48 59 58 55 62 56 65 66 66 72 86 111 116 98 131 173 165 167 116 68 64 66 59 46 45 44 43
48 53 53 55 63 59 64 63 67 73 94 110 103 103 131 163 127 132 84 62 63 71 56 46 44 44 49
60 49 49 51 61 63 69 63 60 72 91 107 94 101 106 119 89 81 63 60 61 68 53 46 42 44 50
