44 47 45 51 114 232 126 51 46 47 50 46 46 49 62 98 341 147 71 48 46 46 46 44 44 49 44
43 40 44 53 107 131 81 49 44 44 44 45 43 45 51 59 103 127 74 44 44 44 42 43 47 44 42
43 41 44 54 137 69 60 46 44 44 44 44 48 45 44 47 51 66 62 44 43 44 42 43 43 43 44
42 43 44 56 97 56 49 43 43 44 43 44 49 44 45 48 45 77 49 44 43 43 43 43 44 42 44
42 43 42 47 76 68 45 44 43 43 44 43 44 47 44 46 53 78 47 50 44 42 43 42 43 44 44
42 43 44 49 125 127 54 44 43 44 44 44 45 42 44 49 53 85 55 46 44 44 44 43 43 46 44
43 46 43 47 118 136 47 44 44 46 44 42 44 44 44 45 49 72 50 43 46 43 43 44 43 44 45
43 43 44 46 119 140 49 42 45 45 45 42 45 43 46 45 64 91 68 44 44 43 44 46 43 49 46
44 42 45 47 129 138 64 45 44 44 43 44 43 44 44 45 63 77 65 48 44 44 46 43 44 43 42
43 42 43 45 88 95 65 44 45 44 44 43 45 45 45 46 67 85 82 45 50 44 43 43 42 43 45
42 43 46 46 122 145 105 46 45 45 45 45 46 45 46 49 90 113 126 42 45 49 44 45 44 42 43
42 43 44 46 160 152 119 52 46 46 49 46 45 46 47 55 100 123 155 57 45 46 44 43 44 44 44
44 43 46 48 142 160 118 58 46 44 47 50 47 45 47 58 107 135 156 64 46 46 45 42 43 44 44
43 49 46 46 104 134 122 63 46 46 46 46 46 51 46 53 95 132 125 61 45 44 45 42 43 44 45
42 44 43 45 96 135 121 61 46 51 46 44 46 45 46 51 109 137 104 46 45 46 42 44 48 44 43
43 44 44 45 81 149 130 67 45 46 51 46 46 46 49 49 103 127 77 48 45 45 47 44 44 44 42
43 42 46 45 63 123 123 63 48 46 47 46 45 45 48 52 114 131 61 47 46 45 44 44 43 46 44
49 44 47 44 51 83 120 63 47 45 45 47 46 43 45 50 101 90 54 48 43 44 44 43 44 41 44
48 44 44 44 45 48 89 73 50 43 45 48 46 44 46 54 92 65 48 44 45 41 44 48 44 43 44
44 40 46 42 46 51 86 87 52 46 45 45 45 45 48 52 85 76 47 44 45 44 44 43 44 46 45
42 40 46 46 46 48 63 96 64 47 46 45 43 45 53 59 77 63 56 46 44 44 45 44 46 44 42
43 44 46 46 47 51 61 99 94 60 46 46 52 47 54 82 95 91 54 45 45 45 47 42 43 44 43
43 46 45 47 48 58 70 102 110 81 48 48 53 49 82 103 82 79 52 47 44 45 45 44 44 42 44
42 45 44 46 51 58 77 99 119 104 59 46 50 58 86 98 85 82 54 50 46 46 46 44 44 44 44
42 50 48 47 50 58 89 106 122 99 68 46 52 56 104 101 92 82 61 46 46 51 49 44 44 48 44
42 52 45 47 50 59 84 108 102 87 68 49 53 51 106 106 97 89 75 52 46 50 50 46 44 44 44
42 49 47 46 49 63 82 93 79 75 63 51 52 52 84 108 87 78 73 54 50 51 68 60 41 43 49
44 57 57 46 55 74 95 117 111 98 98 59 56 63 102 125 128 115 123 52 55 55 49 71 43 44 44
57 63 49 46 57 67 91 113 115 114 84 61 56 64 90 121 102 93 78 55 54 49 46 49 43 43 45
44 50 47 50 52 54 77 82 83 92 80 78 63 74 94 104 86 84 72 46 46 54 46 45 44 42 44
45 46 44 50 53 56 72 85 88 107 95 103 99 110 102 125 88 85 77 54 46 50 46 45 44 43 44
46 49 45 47 51 54 66 101 101 117 121 121 140 152 116 150 98 93 76 61 49 51 49 51 43 44 44
44 52 46 46 51 51 61 97 103 111 127 136 149 152 112 133 89 91 74 56 48 52 49 44 44 44 44
45 46 45 45 50 49 60 91 92 122 133 144 122 138 111 131 86 86 70 51 53 51 51 44 42 43 45
44 44 45 45 51 50 60 87 97 123 108 153 130 165 117 106 81 87 72 50 46 52 94 46 44 44 43
43 43 44 47 50 49 56 84 100 108 96 112 88 109 99 81 74 71 63 46 47 52 119 48 44 44 44
46 44 43 55 49 47 51 62 74 75 75 67 64 96 63 66 66 59 52 44 46 58 137 49 43 43 44
44 44 43 83 60 48 49 55 61 71 64 62 63 82 59 66 61 55 49 43 46 71 159 46 44 42 43
42 40 45 97 74 51 49 53 63 76 74 68 72 74 62 64 63 54 49 42 46 80 166 47 43 42 43
43 41 47 101 84 55 49 57 67 84 75 77 62 65 66 63 60 54 47 46 48 87 133 47 44 44 42
43 47 47 89 92 67 49 62 69 88 77 83 73 67 64 62 59 47 48 45 53 105 109 45 43 44 41
44 49 46 80 113 81 52 61 68 82 92 93 78 70 68 65 57 53 49 50 65 307 71 44 44 41 44
43 45 49 63 235 116 58 60 66 84 112 105 91 86 73 73 67 58 52 48 61 248 67 46 43 44 44
42 46 52 58 296 127 61 67 66 88 117 132 106 91 74 78 74 63 52 49 59 108 76 42 44 49 44
43 46 48 55 88 74 59 67 72 82 103 123 115 95 81 92 88 67 54 51 57 85 61 44 44 44 44
42 45 46 48 69 74 64 73 83 92 92 136 123 114 103 104 99 75 63 51 61 92 54 44 45 44 46
44 45 45 46 63 77 63 72 90 108 110 139 118 117 116 96 98 83 68 59 79 110 62 44 44 44 44
44 44 46 48 59 78 66 78 85 107 141 161 149 116 110 103 110 104 82 80 84 99 56 44 43 44 44
44 46 46 47 60 76 70 85 102 156 208 153 158 106 90 108 121 116 97 95 99 115 54 44 44 44 44
44 46 46 48 58 68 65 87 105 146 209 139 160 108 89 112 150 120 99 130 117 99 52 44 44 44 44
43 45 46 46 55 61 69 101 103 119 158 133 126 100 86 105 131 108 106 135 108 86 50 43 44 44 43
43 44 45 46 50 56 78 97 93 91 105 116 103 85 84 85 87 93 89 103 74 58 46 44 44 44 42
44 44 45 44 48 48 63 88 74 71 74 88 86 72 75 74 69 75 70 58 53 50 45 44 42 43 44
43 44 44 44 46 46 50 55 54 60 56 63 64 64 61 61 61 56 46 47 44 45 50 44 42 43 42
43 43 44 45 46 47 45 52 57 56 58 65 62 61 62 62 72 60 51 44 47 43 44 48 43 42 43
44 46 43 45 48 47 50 53 53 56 66 64 62 62 66 71 71 63 53 47 46 43 45 48 44 42 44
44 51 44 47 52 48 55 52 55 65 62 59 62 65 74 81 73 72 58 51 47 52 46 43 43 42 43
44 47 47 57 50 48 51 53 55 59 58 58 59 69 73 82 78 71 61 54 53 53 46 43 43 42 43
46 42 55 57 51 48 50 50 53 57 56 59 65 71 79 80 78 80 67 58 58 50 52 44 43 43 42
48 52 61 55 56 52 53 54 56 60 59 62 70 73 83 83 95 98 80 61 63 57 49 47 48 44 44
49 52 63 53 56 59 54 56 56 59 64 71 76 85 95 109 130 139 97 71 65 70 56 44 44 47 44
47 58 53 53 61 60 59 60 60 63 70 77 83 89 116 159 162 189 132 76 66 70 56 43 44 49 44
61 58 50 49 60 57 59 57 56 60 68 74 71 82 102 141 118 132 86 65 64 67 51 46 44 45 44
75 55 51 47 54 58 61 59 52 58 63 65 60 68 74 96 86 83 61 64 63 65 48 43 45 47 45
