44 44 46 46 46 49 49 50 53 72 116 150 72 115 1098 244 82 52 51 44 46 45 46 45 43 45 49
43 42 48 43 45 45 46 46 48 53 237 114 61 62 101 81 57 48 45 46 45 46 46 42 44 43 43
44 44 42 44 44 44 45 44 46 59 135 76 53 50 77 65 57 44 49 42 44 44 43 44 47 43 44
42 46 44 43 44 43 44 45 46 55 93 72 48 45 53 53 47 44 45 43 44 44 42 43 47 44 42
43 42 44 42 44 44 45 45 43 76 126 56 44 44 50 64 46 44 44 46 44 44 44 40 43 48 44
48 44 44 44 44 44 45 46 48 135 147 51 47 45 49 49 44 44 44 44 43 44 48 44 42 43 43
42 43 40 44 50 45 44 46 55 140 114 49 46 48 46 47 43 44 44 44 44 41 44 49 44 42 44
42 40 44 43 44 44 46 47 60 98 94 49 46 45 45 47 46 44 44 43 43 43 46 44 49 43 45
42 43 46 44 49 45 50 49 85 104 80 47 46 45 46 56 46 43 45 40 44 46 44 42 43 43 43
42 43 44 44 45 44 51 57 98 96 76 46 46 45 48 66 50 44 45 42 44 45 46 42 43 44 43
43 42 44 49 45 44 54 81 103 110 70 46 49 45 57 78 54 45 45 44 45 46 43 43 44 44 44
43 44 42 44 50 49 50 111 104 102 73 47 46 46 56 80 74 44 45 44 45 44 44 44 42 44 48
46 43 44 45 43 46 54 89 91 86 64 46 46 46 52 70 64 44 43 45 44 43 44 42 43 49 44
42 47 43 43 47 44 49 98 91 77 53 45 46 57 49 68 54 47 45 47 44 44 44 44 43 43 45
42 44 42 44 51 44 50 79 81 61 48 45 46 52 52 62 59 44 46 49 45 43 44 42 43 44 44
43 44 44 43 47 46 56 76 73 49 46 46 45 46 44 48 51 44 41 43 48 43 45 44 43 43 44
42 47 44 42 45 49 52 66 68 49 46 45 45 46 49 53 47 47 39 43 49 44 44 46 42 44 44
42 46 46 45 43 45 57 58 63 48 44 44 45 46 57 60 46 44 44 39 44 47 45 46 43 43 43
42 43 46 43 45 45 52 53 61 51 46 45 44 48 63 53 43 44 49 44 44 44 43 43 43 43 44
44 44 47 45 44 48 55 74 78 51 47 51 46 45 57 48 45 44 44 46 45 45 44 42 43 43 44
43 44 44 44 49 51 61 113 82 74 49 44 46 51 54 46 46 42 45 49 45 44 44 42 43 44 45
44 44 44 44 51 59 92 109 117 103 56 49 47 46 63 52 48 44 48 44 45 45 42 46 50 44 44
43 47 46 46 52 84 105 128 135 104 76 62 50 50 70 66 46 47 48 45 46 46 43 48 51 44 44
44 45 46 46 53 121 108 123 162 123 108 60 51 51 84 74 63 51 47 51 47 49 48 43 46 49 46
46 45 49 48 51 84 135 136 165 132 112 66 56 56 87 81 74 71 66 65 52 48 50 47 46 44 44
44 45 44 47 56 74 110 139 140 127 104 66 56 69 86 94 76 89 91 62 58 49 47 50 46 43 44
43 43 46 47 50 74 102 124 125 114 102 96 67 64 75 113 97 71 74 76 79 72 49 49 46 43 44
46 48 54 53 55 71 138 142 177 174 180 164 99 97 102 109 112 96 87 90 92 92 67 54 46 46 49
46 51 48 59 55 67 118 127 157 154 136 143 97 124 99 94 91 81 76 70 65 67 62 56 44 45 48
52 51 53 51 51 56 81 117 112 125 103 119 102 103 86 82 71 71 67 65 56 59 54 51 46 42 44
52 52 59 49 55 58 71 137 108 135 114 126 140 138 98 101 75 76 66 63 58 60 53 50 44 45 49
51 50 51 49 49 56 78 167 119 152 129 118 137 139 93 145 89 85 73 70 66 66 58 57 51 53 45
44 51 48 49 51 50 68 139 118 154 118 132 127 127 87 98 72 72 67 63 57 61 56 53 52 45 45
45 49 47 48 50 48 63 102 121 126 109 138 105 116 83 81 70 68 63 57 60 58 56 52 46 45 49
44 46 47 45 51 57 58 114 131 146 108 125 96 111 79 79 66 68 63 62 59 63 59 55 49 51 44
46 47 46 47 48 50 54 84 100 134 110 126 83 78 74 67 62 60 60 56 56 65 59 52 51 46 45
45 53 49 46 47 48 51 65 89 110 97 80 65 68 59 60 57 56 55 57 50 55 60 51 47 46 42
45 78 54 52 45 48 56 74 87 92 85 72 62 64 56 62 54 56 61 54 52 55 61 51 49 46 44
47 85 76 56 47 48 51 64 79 88 97 78 63 67 53 58 56 52 57 60 55 58 71 59 50 45 44
52 99 109 78 50 48 50 60 72 89 90 94 68 65 53 60 55 50 57 62 56 58 71 63 52 47 44
47 96 165 115 55 50 51 57 74 93 93 101 82 66 54 59 55 52 59 59 55 61 74 71 60 48 43
44 74 143 203 73 53 54 61 76 104 105 99 101 73 56 60 55 53 56 60 59 64 79 98 58 47 44
44 63 84 192 122 57 55 66 97 110 138 113 96 75 59 63 62 56 62 63 61 71 74 88 53 48 46
44 52 66 103 117 66 60 74 128 147 171 135 112 77 59 66 63 59 60 64 67 81 79 87 55 46 47
45 48 53 102 138 87 65 81 142 158 179 147 112 76 67 73 71 65 68 69 69 95 84 89 59 45 46
45 45 50 101 136 101 71 95 144 179 182 191 108 76 77 89 84 74 73 81 83 102 98 84 73 47 46
48 48 50 79 131 123 102 89 163 191 206 187 107 86 87 87 87 72 82 82 102 119 104 92 105 60 52
45 48 50 75 133 148 122 101 164 163 190 164 111 86 92 81 83 76 86 92 92 107 85 75 85 64 47
46 52 52 70 149 164 156 149 213 204 217 145 115 90 78 86 79 82 89 92 108 119 88 80 124 51 46
46 48 57 67 115 171 180 185 200 181 193 127 107 73 73 79 90 82 84 106 105 99 82 72 63 48 45
43 48 56 56 118 180 185 243 229 177 166 138 91 69 70 84 91 80 88 109 90 80 76 55 56 56 45
45 48 47 52 84 169 223 206 200 163 141 100 86 70 63 73 70 71 71 72 58 55 54 50 49 48 45
45 47 47 54 74 134 217 228 185 146 99 83 67 56 63 67 53 51 51 50 50 51 49 48 45 45 48
43 48 48 46 61 85 109 127 110 95 73 76 58 50 54 50 48 47 48 47 47 53 47 45 45 43 45
43 44 45 45 53 67 66 66 62 63 62 64 50 51 51 46 45 45 43 46 50 45 43 44 42 43 44
43 47 45 46 55 59 66 65 60 65 63 64 53 48 48 51 46 46 46 46 43 45 45 44 43 43 43
45 46 46 49 55 61 63 64 64 66 73 65 57 51 52 56 47 49 54 45 46 46 45 44 44 43 44
46 44 49 52 54 55 57 59 64 72 72 66 59 57 52 52 50 49 50 46 47 49 47 45 43 44 44
46 45 56 52 54 55 58 60 69 83 76 68 63 61 56 54 52 59 52 49 50 46 55 46 48 44 41
50 45 56 57 56 62 68 78 80 87 83 79 72 66 59 57 58 61 54 51 50 53 53 55 46 44 44
46 46 50 59 56 73 68 85 82 87 83 94 83 69 62 63 64 70 57 54 52 58 57 59 44 44 43
46 48 50 51 63 71 78 80 87 84 91 95 89 73 71 72 72 81 70 51 57 57 51 52 46 44 49
56 49 50 51 73 63 74 73 83 82 99 85 78 67 69 72 63 70 54 53 62 59 49 46 44 44 47
64 50 54 51 63 69 78 69 66 77 83 74 65 63 61 60 56 54 51 52 54 61 47 46 45 44 44
