44 44 45 46 46 58 109 280 86 66 55 54 52 52 68 232 130 200 53 45 46 49 46 46 45 43 44
43 40 44 47 46 134 141 56 48 46 46 42 46 48 46 49 50 128 55 49 45 42 44 42 43 44 43
41 43 43 43 51 70 98 47 46 48 44 42 44 44 44 46 48 71 51 44 44 44 42 44 47 44 42
42 42 44 43 45 66 79 46 42 44 44 44 44 44 44 45 60 84 49 45 42 43 48 44 43 44 42
42 42 44 44 44 82 89 46 48 45 44 44 43 44 46 46 64 90 50 44 44 42 43 46 44 44 44
46 45 42 46 44 129 131 46 45 47 45 45 45 45 45 45 48 71 56 45 49 44 44 43 44 43 44
42 44 47 45 45 111 101 48 45 44 45 42 45 48 46 44 46 66 60 45 44 46 44 44 45 42 43
44 41 44 41 46 108 94 48 45 45 45 45 44 45 44 45 50 74 72 46 44 43 45 44 43 44 43
42 44 45 43 44 101 102 54 50 46 48 45 42 45 43 46 52 76 88 52 45 42 43 43 43 44 42
43 44 45 43 46 99 93 58 45 46 45 45 43 45 50 46 54 77 102 60 44 40 44 49 44 42 44
43 43 45 45 52 140 127 83 48 46 46 46 46 46 44 48 64 96 140 95 44 44 49 44 42 43 45
43 43 45 45 67 143 110 86 53 47 46 46 46 46 47 47 69 100 132 108 45 44 44 44 41 44 47
43 44 44 44 69 125 112 79 48 46 46 46 46 43 47 53 59 95 116 95 46 45 44 42 44 46 46
44 46 45 44 48 83 101 72 47 44 46 44 45 45 44 46 51 79 97 63 47 44 44 44 43 44 44
42 44 44 44 48 70 82 54 45 45 46 42 45 50 45 44 45 67 74 56 47 42 43 44 43 44 43
43 43 44 42 50 58 63 45 45 44 44 44 42 44 49 45 44 49 48 49 50 44 43 44 42 43 45
41 43 44 44 45 48 51 50 45 43 44 44 44 44 43 45 47 48 53 48 47 43 43 44 42 43 50
43 44 44 44 42 47 59 49 44 45 44 44 45 43 45 50 59 54 65 41 44 48 45 43 43 42 47
42 45 44 46 46 47 80 67 60 47 44 46 45 45 46 46 61 88 77 47 44 43 44 44 44 43 45
44 44 44 45 45 49 88 88 63 51 47 48 47 46 48 57 89 111 79 57 46 43 44 44 43 44 43
44 44 47 46 46 72 103 122 87 64 52 53 50 50 52 78 100 135 104 64 47 44 45 44 44 44 42
45 45 48 48 51 92 152 154 128 105 61 55 53 55 74 116 124 152 134 81 48 46 47 46 48 45 46
44 45 50 49 54 104 175 156 191 134 84 69 58 61 104 134 166 175 162 113 52 47 53 51 46 45 44
44 46 52 52 57 120 175 172 236 166 114 78 63 71 123 145 160 168 154 111 66 54 49 58 48 48 45
46 49 59 56 63 137 196 200 230 176 128 94 88 82 151 148 174 171 148 146 73 50 51 85 76 59 46
46 79 171 113 62 128 168 212 191 176 134 94 102 104 170 173 172 176 156 134 71 71 57 54 63 89 48
46 106 67 73 65 104 177 188 176 161 120 110 103 133 149 187 167 158 169 127 102 74 51 51 51 47 57
78 62 63 66 155 131 248 293 205 213 196 184 142 175 224 324 252 260 244 202 72 82 60 58 56 49 50
52 63 89 60 82 130 187 216 212 195 175 160 110 178 210 230 197 187 187 140 57 95 93 65 68 54 48
51 76 136 90 88 79 161 167 160 185 156 137 112 148 168 191 167 152 149 103 49 54 106 89 72 46 46
45 83 219 194 101 66 121 160 163 220 182 170 142 184 174 232 178 168 142 101 53 51 91 242 126 48 49
54 59 246 298 76 62 133 202 175 223 199 180 165 213 191 265 159 159 134 94 52 50 60 109 76 69 49
54 80 104 178 60 59 94 172 184 185 187 189 189 241 177 202 137 146 123 89 53 50 54 65 53 60 46
48 88 81 75 57 58 89 152 144 156 163 189 166 214 167 174 126 122 94 69 52 50 58 67 49 47 47
47 57 66 86 56 57 87 109 132 168 171 165 140 217 168 148 119 100 101 84 49 50 66 74 47 45 45
45 47 58 59 53 61 93 133 158 127 119 150 110 154 130 110 105 97 82 62 52 47 68 64 46 49 46
46 48 81 106 53 65 74 95 94 99 96 84 96 104 89 98 85 82 76 46 46 51 49 48 47 55 46
54 48 57 80 56 56 58 78 84 90 79 75 95 93 75 91 87 79 65 48 44 45 46 50 50 44 46
44 46 47 80 58 49 57 67 78 85 79 64 89 75 64 76 70 69 54 50 46 45 45 46 45 45 45
40 46 48 59 57 52 59 65 93 83 93 78 83 74 63 72 72 71 52 49 46 45 46 47 45 48 42
42 60 48 52 57 48 56 69 131 123 107 95 90 82 77 77 72 67 57 50 47 49 54 50 45 46 43
43 47 47 49 54 48 55 64 108 92 106 72 95 77 66 70 66 61 56 50 45 48 71 66 43 44 43
44 46 47 49 59 50 50 67 92 103 100 112 100 93 85 82 77 67 64 47 47 47 73 58 45 43 44
43 45 47 48 74 59 54 62 62 109 120 108 76 65 66 70 68 58 52 48 49 52 71 46 44 44 44
44 46 53 51 93 54 52 59 60 84 103 108 80 67 73 74 75 57 51 46 46 67 201 46 45 43 44
44 41 51 60 359 63 57 56 62 100 92 119 95 80 89 89 84 66 53 49 46 67 186 47 52 44 44
47 50 49 57 180 66 52 54 58 91 104 104 101 77 90 87 83 66 56 46 46 61 92 46 45 44 46
46 50 47 48 90 60 51 53 64 82 101 100 114 92 92 90 87 70 59 48 47 72 60 46 51 44 44
44 46 48 47 63 64 51 54 71 88 108 98 120 89 83 89 79 69 62 52 47 59 49 44 46 49 44
44 46 52 48 49 51 51 55 75 84 106 102 131 97 83 92 90 78 67 52 50 52 48 44 45 49 44
46 46 50 49 49 52 54 63 82 91 102 127 121 91 92 107 106 88 81 61 54 48 48 51 45 44 44
43 44 49 48 51 53 54 66 85 105 108 122 116 93 93 99 112 98 82 69 63 48 48 45 45 49 44
44 44 49 48 52 54 57 65 86 114 117 133 121 93 94 100 130 104 80 77 54 47 47 48 49 45 45
44 44 48 52 49 51 56 63 76 99 110 112 90 79 79 90 120 93 74 71 49 46 50 44 44 45 46
43 42 46 51 47 47 52 55 71 82 88 89 67 62 64 71 88 73 63 61 48 45 44 44 44 44 44
43 48 46 48 54 50 65 71 74 84 84 94 81 71 71 95 123 93 85 90 50 47 51 46 43 44 44
45 49 47 51 61 57 71 87 93 99 96 101 89 84 90 106 111 105 101 94 59 47 48 47 46 42 45
44 56 50 53 55 57 74 80 97 112 94 92 86 90 99 109 103 119 104 95 65 53 49 47 45 44 46
46 55 56 56 55 53 64 69 87 95 84 84 83 95 98 107 104 110 101 79 67 55 52 49 45 45 46
55 47 58 57 55 49 63 65 72 75 70 79 79 82 79 96 103 110 86 72 62 56 56 48 45 44 45
49 47 56 56 57 53 58 60 64 67 63 72 75 75 79 100 116 130 81 64 62 67 65 51 43 44 44
45 47 51 63 60 56 64 62 68 66 71 84 84 84 104 126 142 160 119 69 66 71 65 54 45 44 45
47 51 51 57 61 58 65 61 62 67 79 90 89 91 118 145 124 139 94 66 70 84 67 50 44 45 46
52 47 53 54 58 64 71 59 59 65 73 91 85 98 107 117 97 83 63 66 68 78 65 48 45 50 45
