43 45 46 50 47 48 50 51 83 93 120 114 100 528 307 51 49 43 45 48 45 45 44 42 43 44 44
44 45 45 48 47 45 49 50 55 377 91 76 63 106 73 52 49 46 45 44 46 44 46 44 42 43 44
43 46 45 43 45 45 46 50 61 236 81 55 53 62 65 51 44 43 46 43 44 44 42 44 46 44 42
42 42 44 43 44 44 44 46 63 85 56 52 47 48 54 45 46 44 43 46 43 43 44 40 43 48 44
47 43 43 44 43 44 45 47 70 74 48 50 46 45 47 45 46 43 44 45 44 43 43 42 43 46 44
47 44 43 44 44 44 45 57 95 79 48 49 46 43 45 44 42 43 44 43 44 41 44 48 43 42 43
44 41 44 43 45 48 46 67 94 72 46 47 45 44 43 44 43 44 42 43 44 43 44 41 43 48 44
42 40 44 45 45 45 46 85 82 57 47 52 46 44 44 44 42 42 43 43 44 43 44 46 43 46 44
42 46 44 49 46 51 55 112 84 57 46 48 46 46 46 43 43 44 44 44 44 47 44 43 44 44 45
42 43 44 44 46 44 72 105 85 48 46 45 49 49 48 45 44 43 42 44 42 43 48 44 43 43 42
43 43 45 46 47 54 122 124 92 50 48 51 78 93 76 56 53 44 45 44 45 44 44 43 41 44 46
43 43 45 47 47 65 135 124 81 50 51 53 69 92 78 54 49 48 44 48 47 44 46 44 42 44 44
42 44 42 46 48 76 116 109 75 49 48 51 56 78 73 50 51 49 46 45 46 44 43 43 43 44 44
42 47 44 46 49 74 106 101 64 46 47 48 54 70 67 48 48 46 46 45 46 44 44 44 41 44 50
42 43 45 43 47 79 87 67 48 44 46 48 53 72 66 47 47 51 41 49 49 44 44 44 42 43 44
41 43 45 47 56 121 78 56 49 46 49 50 56 78 71 54 55 66 46 51 51 44 44 44 42 44 45
43 43 45 46 50 63 62 48 50 45 45 49 53 63 63 51 63 71 52 54 47 54 49 49 46 49 47
43 44 46 43 46 53 48 46 50 45 47 49 50 60 58 53 60 63 54 46 49 52 48 48 45 51 45
41 43 45 45 46 45 53 52 46 46 48 46 51 58 57 57 53 58 53 56 50 45 45 43 44 45 44
42 43 45 46 49 55 64 61 49 48 50 47 53 60 56 51 48 53 58 55 48 48 44 43 44 45 46
43 44 46 48 64 77 97 73 59 53 53 55 58 56 54 58 57 54 48 53 52 48 46 46 43 46 46
44 46 47 47 84 89 116 94 82 54 57 62 57 60 66 60 60 54 53 53 51 47 50 51 46 51 46
44 45 49 55 85 115 127 100 103 69 62 68 58 66 68 68 55 63 54 54 50 53 51 58 56 48 48
49 46 48 56 83 111 144 120 120 93 66 73 71 74 74 67 63 52 55 53 52 59 59 52 52 53 46
50 46 48 53 82 154 152 139 117 93 68 71 86 64 72 70 56 65 57 62 66 58 48 58 49 46 46
46 45 50 55 78 164 136 145 112 90 71 78 74 73 69 78 68 69 77 54 50 52 50 49 44 43 44
44 44 50 62 72 143 124 142 104 116 116 83 63 66 66 95 73 52 56 53 50 47 45 46 46 44 43
46 51 54 63 86 148 194 191 169 129 183 129 104 100 117 76 75 67 66 57 51 54 50 44 46 44 45
47 51 53 57 81 129 168 168 150 164 106 126 113 106 82 76 61 62 56 56 46 48 51 45 44 44 43
45 46 50 53 59 87 124 133 115 122 97 127 80 89 74 68 56 56 50 54 46 46 44 44 44 44 44
50 50 52 53 58 76 110 134 119 122 124 124 101 95 72 75 61 59 54 57 48 46 46 44 44 48 45
48 55 52 55 57 68 119 150 149 156 143 156 111 106 78 92 67 64 57 57 50 45 45 46 46 45 45
43 50 51 54 55 61 96 154 136 131 122 151 105 104 83 77 63 60 56 52 48 45 45 44 42 45 48
45 46 53 51 53 58 92 112 124 117 92 158 97 101 85 66 63 56 55 52 52 48 45 44 44 47 42
44 48 51 51 55 66 115 131 134 141 95 128 98 106 88 65 59 57 52 57 56 46 46 44 43 45 44
44 47 50 51 50 56 111 115 112 108 83 107 83 76 70 63 55 53 52 47 50 50 47 43 44 44 44
44 48 48 50 48 53 107 110 90 88 90 74 70 67 58 59 53 50 51 46 48 50 45 43 44 43 44
56 56 50 50 51 51 109 100 103 82 87 67 73 64 54 55 53 50 52 56 47 44 46 42 44 44 45
69 86 51 49 50 55 98 90 101 93 97 70 67 66 58 52 51 49 55 56 46 43 48 43 44 44 44
98 135 64 49 51 56 77 92 94 103 103 80 66 63 55 53 52 51 49 53 50 44 46 44 42 43 44
82 267 122 53 52 62 76 87 113 116 117 91 70 63 60 56 51 51 51 51 44 44 51 45 46 45 43
49 172 206 65 55 61 76 96 149 120 138 92 74 67 61 54 56 52 53 49 46 44 45 46 45 45 44
49 115 140 86 57 61 96 131 148 130 134 96 93 73 59 58 56 53 56 47 46 43 45 48 44 44 44
48 76 115 93 61 67 119 168 169 159 144 114 110 79 62 59 55 54 59 49 46 49 48 46 45 43 43
47 59 132 129 70 82 124 193 189 162 162 119 107 78 67 67 61 58 60 50 47 50 54 45 45 44 44
48 53 133 191 103 110 165 223 206 156 140 144 101 89 84 70 65 63 61 55 46 47 51 46 46 45 43
47 62 122 213 164 139 191 226 229 164 147 142 112 101 90 71 69 66 67 53 50 50 52 46 49 46 46
47 59 130 213 169 140 161 216 187 142 144 137 118 95 87 73 67 64 67 56 47 49 49 45 46 46 45
44 55 111 162 221 223 157 228 194 162 152 120 126 98 75 72 66 66 70 58 46 53 47 45 47 47 45
45 56 111 182 206 247 157 191 158 147 138 115 133 92 72 71 71 68 71 57 49 55 46 46 45 47 46
51 53 95 174 213 241 222 218 170 145 134 136 116 87 78 76 76 73 74 59 49 54 47 46 49 51 45
50 58 87 200 247 213 255 202 166 127 122 146 121 92 79 76 68 72 73 55 52 49 54 46 46 47 47
46 54 68 156 180 180 253 169 125 84 91 83 84 71 68 64 65 68 62 54 54 49 60 46 52 50 42
45 52 65 79 116 116 136 103 77 59 58 66 58 56 54 52 47 48 42 47 52 45 47 48 44 44 44
46 50 52 61 68 79 72 65 63 53 52 51 49 48 46 46 44 46 46 43 46 44 49 44 41 44 49
45 56 50 56 66 85 64 65 59 56 59 50 46 45 45 45 46 45 44 51 44 44 44 41 44 49 44
53 51 56 58 63 81 67 67 64 60 58 56 49 45 46 45 43 45 46 44 45 45 44 44 43 44 44
55 54 55 63 63 73 70 66 66 69 59 50 50 47 47 47 47 52 47 46 46 44 45 44 44 44 41
53 59 66 66 65 81 75 78 69 68 66 54 50 50 49 48 48 51 53 46 48 46 49 45 46 44 44
60 54 78 82 79 104 101 104 90 75 66 57 54 52 52 51 54 58 51 49 49 50 54 54 44 44 43
49 64 85 88 86 128 106 114 103 81 67 61 57 54 54 54 59 64 58 51 52 55 49 58 45 44 45
48 71 89 86 99 114 126 117 91 77 77 63 62 56 56 60 63 75 65 51 53 52 48 51 46 43 48
56 73 78 81 114 92 110 97 86 78 75 61 57 54 55 60 56 66 56 50 53 60 49 44 44 43 46
61 67 64 70 105 101 114 92 71 71 70 63 56 54 54 58 52 52 51 48 52 60 46 43 44 43 44
