42 45 49 47 44 44 44 46 53 61 79 141 653 258 78 57 53 50 47 46 46 45 47 46 45 46 44
43 45 44 44 44 42 44 49 45 46 116 85 193 69 49 50 50 45 45 42 44 45 46 45 44 43 43
40 43 49 44 44 43 43 44 46 46 76 107 82 68 48 44 45 43 44 44 45 42 43 44 43 43 41
43 42 44 47 45 44 44 43 49 47 92 142 71 56 50 46 43 44 44 43 47 44 42 43 44 43 44
43 41 44 48 44 43 44 43 45 49 157 112 74 48 49 46 44 45 44 43 46 44 43 44 43 43 44
42 44 44 44 47 44 45 44 44 50 138 133 73 44 46 50 48 44 45 44 43 43 44 44 43 41 44
43 46 44 44 48 43 44 43 45 64 140 133 71 46 47 46 44 44 42 44 49 44 43 44 42 43 44
44 43 49 44 44 42 44 43 45 71 168 136 70 48 46 52 42 45 44 45 45 44 45 45 43 43 45
42 43 44 43 45 44 44 45 46 71 139 95 63 44 45 44 44 44 45 40 44 47 44 46 43 42 43
42 43 43 43 44 43 44 45 50 86 127 98 71 46 46 46 45 45 45 44 44 43 45 44 45 44 42
43 42 44 44 44 44 45 42 54 102 125 104 75 47 46 46 45 46 42 44 45 43 47 45 42 43 43
43 43 44 44 44 44 44 45 56 109 114 103 70 46 48 44 45 46 45 46 49 45 44 44 42 43 44
43 43 49 44 43 43 45 47 59 97 103 95 68 46 46 46 44 45 46 44 46 44 43 44 43 44 44
43 43 48 44 43 43 43 44 57 95 92 86 60 46 46 44 44 44 44 43 44 47 45 43 43 43 43
47 44 42 43 43 43 44 45 55 93 86 73 51 46 44 45 44 46 44 43 44 40 44 49 43 42 44
43 44 42 44 44 44 44 44 57 106 106 91 55 45 47 47 46 46 48 43 44 44 42 44 48 44 43
43 45 44 42 44 44 44 46 61 99 101 68 53 47 47 46 44 44 46 44 44 44 42 46 49 44 43
44 45 44 42 44 43 44 45 58 100 100 75 50 46 46 46 49 46 44 47 44 44 45 42 43 49 44
46 44 45 44 43 43 44 45 55 91 100 79 55 45 46 46 44 43 44 44 44 45 42 44 49 44 43
43 44 39 43 49 44 43 46 47 92 98 74 56 47 47 47 43 44 44 44 44 42 44 50 44 43 44
43 42 44 42 44 48 44 47 52 95 94 90 58 47 48 49 48 45 45 44 43 43 45 44 43 49 44
42 44 49 44 46 44 44 49 76 115 117 96 66 51 58 65 54 48 46 45 45 43 45 46 43 45 44
45 43 44 49 46 46 45 51 102 129 136 108 74 55 80 81 62 52 47 46 47 45 47 43 45 46 44
43 46 46 44 46 44 46 66 111 152 140 114 82 60 100 89 71 55 48 47 46 44 49 49 46 44 42
46 44 44 44 45 46 47 62 136 149 152 122 80 63 114 100 84 68 50 47 47 45 49 49 46 46 43
47 44 44 44 43 46 50 71 113 127 121 107 67 58 106 118 116 63 51 47 45 45 48 50 46 54 44
45 49 43 44 46 44 49 78 103 102 102 75 55 57 95 134 102 79 54 50 45 46 47 51 46 52 51
45 46 44 46 50 46 57 123 142 159 138 106 70 70 122 173 138 122 88 58 50 50 52 50 45 55 51
45 47 47 44 46 48 74 109 140 175 132 105 72 94 132 149 116 100 74 54 51 48 59 54 44 44 45
45 46 44 44 46 45 78 100 101 131 113 110 95 119 114 127 97 87 67 54 51 46 54 50 43 44 45
45 46 46 46 46 46 63 113 111 131 130 136 136 155 123 151 110 105 84 60 50 47 50 52 44 45 45
46 48 46 46 47 45 66 118 138 141 147 157 145 195 143 182 122 102 91 59 51 47 51 56 46 44 46
46 47 48 46 45 45 63 109 130 132 152 146 130 186 155 178 108 95 85 64 48 48 52 52 44 44 45
45 46 44 46 46 45 54 92 99 118 104 131 106 169 145 117 89 79 74 58 48 47 50 50 45 44 45
46 46 44 44 46 45 50 82 100 119 99 116 102 147 131 109 87 82 84 53 47 48 47 53 50 45 44
44 46 44 43 45 44 46 74 84 92 84 89 73 120 89 79 66 67 60 48 46 45 49 57 50 44 43
43 43 44 42 44 44 45 55 64 67 70 64 57 76 60 64 65 60 56 49 44 44 53 63 49 48 44
48 44 44 44 43 43 45 48 66 68 62 63 58 74 57 67 60 58 51 46 45 45 84 96 54 43 43
43 45 40 44 48 44 44 48 61 78 74 67 63 75 68 64 60 56 56 46 46 43 119 145 59 44 44
44 42 44 42 45 49 46 47 66 83 84 84 70 73 72 68 63 56 52 46 46 46 138 221 58 44 44
43 45 48 44 44 44 45 47 58 79 84 92 83 78 74 68 64 54 51 46 46 50 157 302 58 45 47
44 43 45 49 46 44 46 47 58 84 107 101 99 88 89 77 71 54 54 49 47 55 291 486 60 45 44
45 45 45 48 46 44 46 50 58 88 127 117 118 99 94 89 76 64 57 48 47 54 230 470 56 44 45
45 47 42 45 51 45 46 50 59 89 132 134 135 114 90 93 85 67 56 49 48 53 99 122 48 45 49
47 46 46 45 44 46 52 53 63 88 129 127 140 122 111 113 101 78 63 50 48 55 102 79 45 49 45
45 51 44 45 47 44 48 56 66 97 118 150 167 126 128 127 121 95 78 53 50 59 94 62 45 42 44
46 47 43 46 51 46 48 53 71 101 135 159 153 136 150 132 129 106 96 68 54 66 102 56 44 44 44
46 47 46 44 47 50 49 54 71 98 153 148 158 132 138 126 142 166 129 100 65 72 87 57 45 44 44
46 48 46 44 47 51 50 58 79 112 168 143 144 121 97 106 139 168 160 125 104 94 92 59 46 44 44
46 48 46 46 45 46 53 57 80 97 153 144 166 120 87 108 157 172 155 145 157 95 65 56 45 45 45
46 47 46 46 44 46 54 59 75 101 119 191 148 103 90 103 130 132 129 153 117 91 55 53 45 44 45
45 48 51 46 46 45 50 59 74 120 137 175 168 84 79 86 91 100 95 113 87 77 53 51 44 44 44
46 48 43 46 47 48 49 59 69 131 144 161 145 80 71 78 74 80 78 80 65 54 51 50 44 44 44
45 46 44 46 47 46 54 62 66 86 103 112 81 63 62 61 63 61 59 54 52 46 45 47 49 44 43
55 46 47 52 53 52 86 97 78 80 88 89 65 57 55 55 57 55 50 48 46 45 48 46 45 44 42
49 54 58 65 74 72 121 111 95 88 95 87 66 60 60 60 64 57 52 48 46 45 48 46 44 46 44
70 93 59 65 89 101 110 121 111 98 90 83 67 64 64 70 62 64 53 50 49 46 49 47 44 43 44
67 133 68 71 80 72 103 107 100 97 83 73 67 75 71 71 70 66 58 51 49 47 48 50 44 42 44
128 103 76 73 69 71 75 81 87 84 74 74 74 78 78 86 74 74 61 51 53 49 51 50 44 43 44
158 112 77 86 75 64 76 76 79 83 78 87 86 87 87 87 92 90 68 55 54 50 49 50 43 44 48
71 124 83 81 69 69 70 72 72 81 83 95 100 93 98 107 119 117 78 57 57 57 50 51 44 44 47
83 111 61 78 75 66 79 75 74 80 92 105 105 97 118 144 142 156 106 68 57 56 51 51 45 42 47
59 72 60 67 76 64 72 66 69 73 89 92 86 86 99 121 103 106 76 63 57 56 46 49 48 44 44
68 55 48 56 67 70 84 64 57 71 75 78 69 68 73 88 71 71 58 60 58 51 47 44 44 48 44
