42 48 44 43 44 42 43 43 44 44 41 44 48 44 43 43 45 44 43 45 46 46 46 43 43 42 44
42 47 46 43 44 42 43 43 44 44 42 44 48 44 43 44 46 46 41 46 50 46 47 44 42 43 44
43 43 47 42 43 43 44 43 41 44 49 44 43 43 43 44 47 44 43 46 43 43 44 44 43 43 44
43 42 45 42 43 43 43 43 41 43 48 44 43 43 43 44 46 44 43 47 44 43 44 40 43 49 44
47 43 44 44 43 43 43 43 44 41 44 49 44 42 44 43 43 43 45 41 43 43 43 44 41 43 44
43 44 47 44 45 43 42 42 43 43 44 41 44 48 44 43 42 42 44 43 44 40 44 48 43 42 44
44 40 44 44 44 44 44 46 44 42 43 44 44 44 41 46 44 42 43 42 43 44 43 43 44 43 46
43 43 44 43 43 43 43 47 44 40 44 42 45 43 45 46 44 42 44 41 44 43 43 47 44 48 44
43 40 44 43 44 44 44 44 42 44 42 43 43 44 46 66 48 43 45 43 44 43 44 43 46 43 42
43 42 44 44 44 44 44 44 44 44 44 45 44 46 53 147 109 46 49 44 43 43 43 43 44 42 44
43 43 43 44 47 44 43 44 43 44 45 43 46 50 46 55 189 53 44 50 45 42 43 42 43 44 43
43 43 44 41 44 43 44 43 43 43 43 43 45 42 46 60 86 54 42 44 43 43 44 42 43 48 44
43 47 43 43 45 44 45 46 45 45 45 44 46 46 52 99 170 68 44 42 44 42 43 44 43 44 47
43 45 46 42 44 44 44 44 45 44 44 44 45 44 56 83 66 71 44 42 44 43 43 44 42 43 49
42 43 44 42 44 46 44 46 46 43 44 44 46 48 58 59 66 66 40 43 46 43 45 44 41 43 44
43 44 45 45 46 46 48 48 54 58 48 52 59 68 214 117 50 52 40 44 49 44 43 44 42 43 44
43 44 45 44 44 45 53 49 54 65 55 75 94 57 61 63 44 46 44 40 44 48 44 45 44 43 43
43 45 46 46 55 51 59 65 89 233 93 91 69 59 57 53 48 46 44 45 44 43 44 45 44 46 45
43 46 49 48 65 72 106 126 138 177 128 54 53 52 51 49 46 44 45 46 45 45 44 42 43 45 44
46 51 57 66 111 217 188 187 151 90 70 52 56 52 49 49 46 46 45 42 45 49 44 44 44 42 44
46 68 80 97 138 229 230 155 89 60 60 54 52 51 48 48 46 46 43 44 49 44 44 44 42 44 46
50 86 149 172 166 220 184 130 75 61 63 57 51 51 49 49 50 47 45 47 44 45 44 44 42 45 48
103 227 349 264 175 198 134 94 67 65 66 57 54 53 51 51 53 50 45 46 45 45 45 43 47 48 45
78 141 221 294 138 166 121 100 101 92 68 67 59 56 54 52 50 50 48 43 45 44 45 46 44 41 44
100 141 246 187 207 217 181 120 109 127 77 76 66 63 59 57 52 52 48 46 45 43 45 48 45 45 44
50 80 182 132 189 186 178 212 128 120 135 89 77 83 67 60 60 51 46 45 45 45 42 45 44 44 44
48 64 73 98 129 194 183 200 186 131 136 113 103 90 71 69 64 53 50 50 45 43 44 44 44 45 42
51 57 77 82 104 175 238 192 232 207 215 223 173 200 127 112 91 64 46 45 45 46 48 45 46 45 44
50 57 62 81 78 134 181 178 193 195 179 217 226 310 196 139 93 58 51 46 44 44 45 45 45 42 45
46 51 55 54 59 72 86 125 118 127 137 147 158 324 233 189 89 67 46 48 45 43 44 44 44 44 42
48 51 51 53 54 63 72 90 85 106 123 174 171 363 268 314 119 78 47 44 44 44 45 42 45 49 45
48 53 49 52 53 54 61 73 71 96 128 134 198 306 247 298 136 98 52 44 45 44 45 45 42 46 50
48 50 52 49 52 53 56 58 66 78 95 120 194 204 299 229 124 90 50 43 45 48 45 43 44 43 44
46 43 47 52 49 49 52 53 57 61 80 108 168 190 203 155 111 82 47 44 42 44 49 44 44 43 43
46 52 47 46 49 49 52 54 55 61 71 85 124 287 187 136 120 82 43 45 48 44 43 44 43 44 44
44 46 45 46 45 48 53 50 49 52 65 77 88 146 198 128 88 64 45 40 45 48 44 42 43 43 45
42 44 45 45 46 43 46 52 47 51 55 59 65 101 101 93 67 51 45 41 44 46 44 42 43 43 44
43 44 45 44 46 43 46 51 47 51 62 61 65 81 94 88 78 59 46 47 44 42 43 42 43 44 44
44 50 45 44 46 44 46 47 47 49 63 67 69 86 83 85 76 59 46 46 44 42 44 42 43 44 43
44 45 45 44 45 45 46 48 48 49 61 59 65 83 88 79 78 59 43 43 48 44 42 43 42 43 44
44 43 45 44 46 47 47 52 51 50 56 62 72 90 95 88 79 61 46 44 44 44 44 44 44 43 46
44 44 44 45 46 48 49 56 58 52 55 58 79 94 95 91 76 56 43 44 45 43 44 43 44 45 45
49 46 46 47 48 55 58 97 106 59 55 59 86 102 94 99 78 60 44 43 45 43 44 40 43 45 44
51 51 51 54 62 84 133 259 217 119 61 63 85 91 86 96 89 62 45 44 45 45 45 46 44 43 44
47 50 57 62 96 205 183 216 125 116 76 67 72 82 92 104 105 70 46 44 45 44 46 44 44 44 44
48 51 60 100 206 233 199 134 105 119 101 100 91 78 95 112 124 82 46 45 43 44 50 44 44 44 44
51 61 83 181 219 144 85 67 98 126 126 132 104 85 104 110 101 70 47 45 44 44 45 44 46 44 42
62 119 129 140 90 66 63 62 95 117 149 200 191 107 119 117 100 63 46 47 43 44 45 44 45 42 45
135 269 112 75 66 64 63 63 95 139 204 180 180 99 102 107 84 55 44 46 46 44 46 44 44 44 45
149 95 59 53 54 56 57 61 71 105 158 181 247 129 106 115 88 49 44 44 45 43 44 44 44 44 43
57 56 52 57 54 56 58 62 67 117 162 235 267 175 154 132 88 52 46 43 45 45 44 44 41 45 49
51 54 53 53 55 54 59 61 66 137 188 252 266 197 154 127 67 51 45 43 44 44 46 46 42 44 48
52 54 57 54 56 59 58 63 72 122 204 332 296 202 155 96 69 54 46 45 44 45 44 44 44 41 44
51 58 53 55 57 55 61 66 64 87 244 443 233 150 95 81 62 51 46 45 46 45 43 44 44 44 45
48 49 48 52 54 53 59 58 54 62 101 209 99 68 61 64 54 46 46 43 44 46 44 42 43 43 44
46 54 52 59 67 66 65 68 67 58 61 79 67 56 54 50 51 47 46 46 44 45 45 42 43 43 44
65 61 63 65 83 87 84 89 76 65 62 65 61 56 53 54 50 51 48 48 47 43 44 43 44 44 42
72 72 67 76 86 99 96 102 82 78 66 64 56 57 54 51 51 47 48 50 46 45 46 43 43 44 43
95 80 84 77 89 93 113 106 89 84 68 59 58 56 53 52 50 53 46 49 56 46 52 46 43 43 44
95 83 93 88 90 102 127 119 92 82 65 59 57 56 54 53 56 59 46 49 48 54 55 56 45 43 44
56 91 104 92 87 113 105 112 87 73 60 57 55 55 55 52 61 62 53 46 51 49 54 62 46 43 44
56 122 66 86 94 94 102 88 69 68 61 55 57 56 57 57 64 73 63 46 51 52 52 53 46 42 47
60 89 60 71 92 73 85 71 61 64 61 56 55 52 54 55 55 60 56 46 50 59 53 45 46 43 45
74 51 54 64 76 68 78 63 52 59 56 54 51 50 51 51 48 50 50 48 51 51 47 49 46 43 44
