42 44 43 48 45 44 44 42 44 50 52 59 64 100 108 95 124 176 51 44 46 49 46 43 44 43 44
43 39 44 49 45 44 44 43 44 44 45 49 51 65 58 57 104 226 63 47 45 44 45 44 44 44 44
42 44 48 44 48 44 43 43 43 44 45 43 52 60 51 47 68 138 55 52 45 42 44 43 43 44 41
42 43 45 43 44 46 44 42 43 43 44 44 44 45 52 45 50 90 55 47 45 49 44 42 43 43 43
42 43 45 45 44 46 44 42 43 44 44 44 43 45 51 44 51 96 80 46 49 44 42 43 43 44 44
42 44 44 44 43 44 48 44 42 43 44 44 46 42 46 50 47 96 99 50 45 44 44 43 44 44 42
46 42 43 44 43 44 42 44 48 44 43 44 44 44 49 42 51 76 92 60 44 43 44 43 44 41 44
42 46 42 43 43 43 47 44 50 44 46 46 44 46 46 46 45 84 113 100 46 44 49 44 43 44 44
41 43 43 43 47 44 49 44 42 44 43 46 50 48 47 46 47 79 123 137 49 43 44 43 43 44 43
43 43 44 42 44 48 44 44 45 43 45 46 55 51 47 46 47 81 126 132 60 45 44 44 42 43 44
46 44 43 43 45 44 46 42 45 50 46 46 50 50 48 47 48 94 164 173 59 45 49 45 43 43 43
42 44 44 44 44 45 46 46 51 46 54 70 81 81 62 47 50 100 155 169 77 46 44 44 43 44 44
43 44 45 42 45 44 50 44 44 46 47 70 77 78 56 47 47 98 144 141 79 46 44 44 43 43 44
44 44 49 44 43 44 45 49 45 45 46 54 66 66 50 45 46 74 114 105 66 50 46 43 44 42 43
48 44 44 44 44 45 46 59 44 45 49 48 56 56 50 46 47 60 95 110 64 44 44 48 44 43 44
45 44 42 44 44 44 46 74 52 53 46 52 57 63 54 46 46 53 81 96 56 54 44 44 47 43 44
43 49 45 43 45 44 45 58 100 53 46 57 56 67 55 48 46 50 99 91 65 56 42 44 50 44 43
44 46 46 42 45 45 45 50 85 55 54 50 53 62 52 48 45 52 72 91 73 51 45 42 44 47 44
42 44 47 44 43 44 47 48 62 85 54 49 54 54 49 50 44 55 56 79 55 54 48 43 43 44 42
42 43 42 44 52 46 46 51 56 96 52 52 56 50 58 52 46 63 72 86 53 48 44 46 44 45 44
42 43 45 44 48 60 54 52 51 68 77 54 58 55 61 49 50 84 80 74 60 44 45 48 44 46 44
42 46 51 46 46 65 66 56 55 75 102 59 63 64 66 57 64 97 88 87 73 46 50 44 46 46 41
44 47 46 49 49 60 88 58 52 61 96 91 65 68 62 70 80 101 108 107 85 54 52 44 53 44 42
44 46 52 53 49 62 57 91 65 70 88 105 64 69 66 80 80 96 105 105 93 63 62 44 49 44 44
44 63 52 46 54 57 73 78 103 82 79 82 100 60 71 79 93 102 126 133 121 60 47 56 44 44 44
46 48 48 49 51 53 58 61 75 88 68 71 95 63 75 91 92 106 140 129 102 63 46 45 44 45 44
42 56 51 54 65 58 59 55 60 77 70 63 69 79 74 97 98 106 129 123 118 86 44 44 45 44 44
44 56 62 56 53 74 83 93 75 63 113 83 81 118 152 153 163 142 168 168 129 117 50 49 45 45 44
43 55 52 51 51 55 59 65 77 82 90 102 83 137 180 108 132 125 152 117 81 66 48 46 45 44 44
42 56 55 58 51 52 57 63 59 61 61 81 88 131 97 108 106 103 119 91 73 56 54 48 45 44 44
43 55 59 58 51 58 63 72 68 79 70 80 99 131 108 138 110 121 139 92 75 51 46 47 61 49 44
45 65 57 61 49 50 58 67 63 75 83 80 92 122 109 151 104 126 136 95 71 50 46 45 57 52 45
45 67 58 49 46 48 54 63 62 64 68 82 124 128 102 135 96 111 116 89 65 54 48 45 48 48 44
43 46 47 46 51 47 47 58 64 57 58 82 83 119 99 113 97 105 92 75 59 48 47 43 45 53 44
43 46 43 45 51 48 51 60 57 58 60 81 75 129 99 108 99 105 96 75 53 49 47 44 45 45 44
43 44 45 45 45 51 54 57 59 54 56 74 70 89 84 79 80 81 86 57 49 47 45 51 53 45 43
43 44 46 43 50 54 59 56 51 54 60 57 63 82 71 62 85 72 65 55 47 46 56 61 49 49 44
45 46 46 47 61 58 61 58 57 58 52 55 67 88 71 59 79 81 59 50 46 49 111 80 47 44 43
43 46 41 45 70 57 63 62 63 60 63 59 68 97 70 62 74 72 58 49 49 52 170 136 45 44 44
42 46 46 45 62 64 66 69 66 62 66 70 73 98 70 64 71 62 55 50 50 74 210 146 44 43 44
41 45 52 46 55 87 69 81 70 66 70 84 85 111 70 66 65 58 54 51 53 117 202 85 45 45 43
43 43 48 51 62 72 68 82 77 74 77 89 95 108 72 68 68 56 55 50 71 176 156 51 43 44 49
44 49 46 49 72 68 72 85 76 82 91 93 116 95 75 82 67 60 55 53 98 142 83 46 45 44 44
44 58 43 46 69 79 81 95 74 95 111 106 126 95 74 85 86 56 55 56 82 114 74 46 49 44 44
44 54 46 50 65 68 76 89 82 88 112 106 117 89 88 94 129 62 59 65 86 118 66 45 45 47 44
44 54 47 56 71 64 72 89 88 94 91 124 116 102 114 116 134 72 74 92 109 121 55 45 46 44 44
44 56 46 51 77 70 72 82 89 89 97 114 110 106 125 119 124 78 100 132 148 117 63 45 47 44 44
44 51 48 55 68 72 68 81 84 83 95 116 123 109 124 134 129 93 121 158 161 129 53 50 47 43 44
44 52 46 56 61 74 71 83 77 86 102 99 125 104 100 137 113 95 158 145 182 142 52 46 51 44 44
46 51 48 56 62 65 69 73 75 85 97 91 134 113 104 134 138 121 191 168 246 83 47 46 46 45 43
46 67 48 51 58 73 84 87 80 83 91 106 121 107 120 145 155 159 190 210 174 71 48 47 52 45 44
46 66 45 47 56 60 87 78 77 75 80 104 108 108 113 123 130 161 164 171 136 65 49 46 46 44 44
46 51 51 46 54 57 88 84 79 71 78 115 116 101 106 105 122 142 129 171 125 57 49 45 45 45 44
44 46 48 47 49 52 67 64 65 73 63 85 75 72 67 66 82 92 91 125 70 49 44 46 44 44 44
48 49 46 52 52 53 58 50 51 55 51 55 54 53 52 57 65 59 59 60 49 46 42 46 48 44 42
46 49 46 44 45 46 46 46 44 47 52 50 50 51 53 62 66 60 54 54 47 45 44 42 44 48 44
52 56 47 44 46 44 46 48 46 48 46 50 55 54 60 70 63 64 59 53 48 47 50 44 44 43 43
63 52 43 46 51 46 48 47 46 49 49 54 54 63 68 74 74 70 66 59 55 48 48 50 44 43 44
61 57 47 50 49 48 56 49 47 52 50 53 58 64 76 93 84 90 76 65 58 50 57 52 44 42 44
60 53 53 59 53 51 57 50 52 52 54 59 60 70 78 96 107 113 85 72 62 60 56 56 44 44 46
56 48 53 67 56 57 54 51 51 53 54 57 66 78 91 116 142 168 103 78 70 73 59 58 42 44 50
48 63 70 60 63 51 53 54 53 56 57 66 76 77 104 163 177 234 156 89 77 71 61 49 46 42 47
51 61 64 58 59 52 54 51 52 53 59 60 61 73 96 134 130 158 103 79 73 72 56 46 49 45 46
56 53 53 54 48 53 59 51 47 52 53 57 57 63 71 87 86 85 66 66 65 68 52 42 44 49 46
