44 44 43 44 48 45 54 180 251 79 54 45 45 44 46 47 48 46 44 44 44 44 44 44 44 44 44
47 47 43 43 44 43 48 93 182 102 133 48 44 44 45 44 43 49 45 44 44 42 44 44 44 44 43
66 43 44 43 44 40 44 59 66 57 78 45 44 43 44 44 43 43 43 48 44 43 43 42 43 43 43
110 46 45 42 44 46 44 47 50 54 70 50 44 44 42 43 42 43 40 43 47 43 45 43 42 42 44
94 44 45 44 44 43 44 44 47 50 90 53 48 44 44 44 42 44 43 44 40 43 42 43 48 44 42
69 54 47 44 44 43 43 45 48 46 114 86 48 44 44 41 43 44 43 43 48 44 42 43 42 43 44
58 50 50 44 44 43 43 43 44 45 73 92 48 44 44 42 43 43 44 43 42 43 45 43 42 42 44
58 45 45 44 44 43 43 43 44 44 66 109 72 44 40 44 42 44 42 43 43 43 44 43 48 44 48
133 50 43 44 44 43 44 43 44 42 53 83 91 47 44 44 46 43 43 48 44 43 44 42 44 49 44
119 65 44 44 44 43 44 41 44 50 52 84 109 60 44 44 43 43 48 43 44 44 41 44 48 43 43
104 121 51 43 44 43 44 44 42 44 51 87 115 99 51 44 46 44 43 46 43 43 44 44 44 44 47
84 175 83 45 44 44 44 44 42 44 50 82 99 112 58 45 43 44 44 44 42 43 49 44 43 45 43
62 187 132 63 50 44 44 44 43 44 45 71 90 118 74 47 42 44 44 43 45 42 44 47 44 44 44
49 158 163 87 49 44 44 44 46 44 45 53 81 115 85 45 42 44 48 44 44 44 43 43 44 43 44
43 96 141 105 70 44 44 44 47 44 43 45 63 89 86 43 44 43 44 40 44 44 44 47 44 43 43
43 110 179 134 110 46 44 44 43 44 45 45 62 109 101 49 45 45 46 43 45 44 44 44 44 44 48
44 74 211 138 125 54 46 43 44 44 43 45 50 86 65 46 41 43 44 45 44 43 43 43 44 44 44
43 49 113 110 100 67 46 43 44 44 44 44 44 74 83 47 40 45 44 45 43 44 43 43 45 43 44
42 44 56 101 113 91 45 44 43 44 44 43 45 64 88 57 48 45 43 44 44 43 45 44 44 48 44
43 48 45 69 82 89 49 45 42 45 46 44 44 55 93 73 50 47 43 44 44 43 46 43 44 48 44
42 51 43 48 73 122 74 57 46 46 45 43 45 58 87 85 66 52 46 44 45 44 44 45 44 46 46
42 44 45 46 51 102 136 78 51 46 45 44 45 64 99 105 79 54 46 52 46 45 46 44 45 49 44
43 44 45 42 51 84 127 104 80 47 46 46 45 66 106 100 85 72 46 47 52 46 47 47 46 46 45
43 44 44 44 46 68 121 127 128 68 49 46 47 63 105 105 87 90 58 49 53 48 47 48 46 46 46
45 44 45 44 43 54 113 120 149 105 54 47 48 58 124 98 94 108 85 59 51 50 48 57 55 50 46
44 44 46 44 44 50 89 110 114 109 67 53 51 52 102 124 120 98 95 63 50 50 49 48 57 59 46
43 44 46 44 44 48 78 81 89 82 69 51 50 48 70 106 88 85 95 81 50 49 49 46 47 55 50
44 44 44 46 45 50 90 101 97 99 95 63 55 58 85 120 142 132 123 130 63 53 59 48 54 70 48
43 46 44 44 45 46 72 89 102 95 93 74 53 60 74 94 109 107 93 95 57 53 48 49 54 57 46
44 46 48 43 45 44 61 80 76 84 90 95 72 75 67 96 83 87 80 74 57 51 49 46 43 57 51
45 68 51 46 45 45 54 77 75 89 100 108 96 120 84 115 95 94 88 88 65 54 55 48 47 54 45
50 59 42 46 50 46 50 78 86 94 104 109 108 142 107 135 97 96 89 93 69 60 52 49 54 55 49
46 53 49 45 46 46 46 63 78 92 97 108 119 152 123 113 88 99 88 80 68 63 51 51 49 54 46
46 43 48 46 45 48 49 53 66 86 86 117 106 157 129 91 81 85 79 76 72 63 52 48 50 99 49
47 46 50 46 44 45 47 50 62 83 81 110 116 134 118 107 81 85 77 82 73 59 53 49 48 93 62
44 46 46 51 45 43 45 46 52 74 76 102 97 109 88 72 64 68 65 68 60 52 50 46 49 98 65
42 43 45 44 45 47 46 44 46 59 67 69 72 83 66 59 62 60 61 57 52 47 47 45 52 99 70
43 44 46 44 47 45 44 45 46 48 56 62 69 75 61 60 74 59 61 58 54 47 48 44 54 101 86
43 44 44 43 47 54 43 46 50 48 52 61 66 69 62 59 61 59 65 60 58 49 49 44 57 124 134
43 48 44 44 46 67 57 51 48 46 48 56 65 67 69 63 58 63 63 67 61 50 50 48 55 156 133
43 44 45 44 45 76 81 60 52 49 48 55 63 70 72 70 63 65 69 88 70 62 56 51 58 428 81
43 44 45 42 45 68 78 75 52 46 47 49 56 69 73 74 63 66 74 89 82 68 56 61 59 117 69
43 44 44 44 45 51 85 94 65 50 49 47 54 75 73 84 81 67 95 95 88 80 68 68 57 73 63
43 45 45 44 43 46 83 155 95 52 50 50 55 73 73 91 91 79 117 103 101 97 78 70 61 62 63
45 46 45 45 45 53 66 164 393 64 54 52 63 76 84 99 110 101 123 127 126 140 115 98 73 63 68
46 45 48 46 45 48 56 74 394 62 56 59 60 85 108 116 130 125 130 176 178 223 190 148 150 76 94
46 46 45 46 47 49 56 59 87 65 55 56 57 81 125 134 138 140 160 178 209 274 313 172 285 103 84
44 46 46 46 47 46 57 64 72 61 58 55 59 92 141 152 166 159 175 214 223 327 325 199 230 137 76
46 46 46 46 47 51 52 58 72 62 63 54 56 95 116 161 150 149 165 189 259 392 289 219 248 189 73
46 46 46 45 47 49 52 56 65 55 65 54 57 89 110 172 164 138 163 194 261 266 243 178 216 204 78
50 46 45 46 45 48 51 54 63 50 53 58 64 77 98 153 150 142 144 206 194 243 269 170 170 182 73
45 45 49 45 45 46 47 49 56 48 48 53 59 72 81 98 109 117 117 132 134 208 178 134 112 73 56
43 41 44 48 45 46 46 46 49 46 46 50 50 61 67 74 82 99 87 100 97 119 111 73 64 57 49
48 44 44 44 43 44 45 45 47 42 45 50 48 50 53 59 67 74 69 73 78 78 70 55 50 54 52
43 48 44 44 44 42 44 44 45 44 42 45 50 47 49 53 59 63 63 73 64 64 60 51 51 57 47
43 52 45 44 45 43 44 45 46 45 42 44 49 47 49 53 57 61 66 80 66 68 66 56 54 52 64
41 54 49 45 47 45 44 45 47 45 46 42 46 51 51 54 59 65 66 77 73 78 81 69 66 57 51
44 56 43 45 50 44 48 46 46 46 46 45 46 45 52 63 60 64 70 86 79 87 95 85 88 73 48
47 49 50 48 49 45 47 51 50 46 46 46 47 50 50 58 62 70 79 89 89 109 108 103 113 83 47
53 49 50 50 48 49 56 50 50 48 46 46 48 47 54 64 68 82 84 100 102 128 125 129 129 72 45
47 47 48 50 49 54 50 51 54 47 47 48 47 51 63 64 75 103 103 108 116 161 152 149 140 66 49
47 48 46 51 51 50 51 56 54 47 49 48 50 54 58 67 85 131 135 103 120 150 145 154 112 63 50
56 51 46 47 55 50 53 52 51 48 51 48 48 50 58 70 70 96 96 88 104 148 123 131 96 53 52
65 52 48 47 48 50 49 50 48 48 51 47 46 49 51 57 60 65 67 74 83 112 98 100 75 47 47
