42 43 43 43 45 43 44 42 44 46 44 42 44 44 45 46 46 49 86 167 151 54 49 47 44 42 44
42 46 44 44 44 42 43 43 43 44 41 44 49 44 44 45 46 65 84 134 103 46 48 45 42 43 44
43 48 44 42 43 43 44 44 41 44 49 43 43 44 44 45 49 71 92 73 52 45 45 45 44 42 43
43 43 44 42 44 47 44 42 43 43 43 44 43 44 49 46 46 56 91 60 53 45 44 43 42 43 44
42 43 44 43 41 44 49 43 42 43 43 43 45 43 45 49 44 51 122 57 48 44 45 44 43 43 44
46 43 44 43 42 43 43 43 44 40 44 49 46 42 44 43 42 45 80 68 51 42 45 49 44 43 43
42 41 44 43 44 47 44 44 43 42 43 44 44 44 44 45 44 45 74 108 73 47 44 44 43 44 44
43 41 44 41 44 42 44 43 43 44 44 44 44 45 44 46 46 47 87 179 98 50 51 47 44 44 43
41 43 42 43 44 43 49 43 45 44 40 44 43 45 45 46 46 46 59 138 87 60 58 44 44 45 43
43 44 44 41 44 48 44 42 43 42 44 44 44 44 49 46 46 47 58 129 93 84 76 47 45 48 44
42 44 42 44 49 44 42 43 43 43 44 43 45 49 47 48 48 48 53 152 126 131 122 65 45 45 44
43 44 44 44 42 44 49 44 42 43 44 43 45 45 46 52 51 49 50 119 128 151 145 110 48 48 44
43 47 43 43 44 43 44 43 43 46 44 42 44 46 47 48 48 54 51 78 116 181 179 189 54 45 46
44 44 46 44 44 43 44 44 42 44 44 44 45 44 47 51 47 49 53 73 101 185 182 174 56 44 44
48 44 44 44 43 43 44 44 44 41 44 48 45 45 46 47 47 48 53 72 89 186 188 161 55 45 49
43 47 45 44 44 42 44 44 44 44 44 42 45 46 46 47 44 49 44 60 80 152 156 194 69 48 45
43 44 45 44 42 44 50 44 43 44 44 44 45 45 46 48 46 48 50 50 66 131 129 297 101 47 48
43 44 44 43 44 42 44 46 44 43 44 44 45 44 45 45 44 46 48 45 55 96 92 234 122 49 46
41 44 45 43 44 41 44 48 44 42 44 43 44 45 44 45 44 43 46 54 60 72 74 134 114 62 44
43 47 45 44 44 42 44 44 44 43 42 44 44 45 46 45 45 44 49 56 76 76 78 177 109 86 46
43 44 44 44 44 42 43 44 44 44 42 44 48 45 45 46 46 48 54 64 77 98 99 128 67 57 46
44 44 44 43 44 44 44 44 41 45 49 45 44 46 48 51 50 57 106 80 98 135 139 99 72 57 49
44 45 45 43 45 45 44 44 42 45 49 45 46 50 52 56 59 86 132 128 138 159 162 104 76 61 45
48 45 46 45 44 44 44 44 44 42 48 51 51 51 56 59 69 127 110 137 159 165 167 147 53 50 45
50 45 44 45 45 44 44 44 45 43 46 53 57 55 62 77 96 156 161 191 206 192 198 159 54 49 45
44 43 45 43 45 49 45 44 44 45 47 48 55 64 81 119 148 170 196 201 223 162 166 74 51 52 45
44 42 47 48 45 46 45 43 44 46 48 49 53 79 103 157 247 178 221 240 247 169 174 70 53 47 44
47 47 47 49 46 44 45 45 45 46 46 52 72 140 266 371 361 329 286 274 230 177 181 73 54 49 46
45 48 45 46 45 43 45 45 45 46 46 52 79 127 257 349 306 225 159 154 119 85 87 58 50 44 46
43 44 45 45 47 44 43 44 44 47 47 53 88 176 233 327 213 180 115 110 97 66 67 52 47 46 45
43 45 47 44 46 44 43 44 44 45 46 49 93 217 234 354 220 156 108 106 76 63 64 50 47 50 45
44 47 45 46 45 42 44 46 44 45 49 58 104 210 199 298 172 126 115 82 67 58 59 51 46 45 49
43 44 47 44 45 43 44 44 44 48 46 59 98 202 178 184 130 104 101 67 60 54 54 49 44 45 49
43 43 48 42 44 44 43 44 47 45 47 56 91 131 151 159 132 100 70 63 54 52 51 47 46 43 44
43 44 44 44 44 42 44 49 44 44 45 51 109 129 142 136 103 88 65 67 58 51 51 46 44 44 45
42 43 44 44 41 43 49 44 43 44 44 50 78 106 127 99 67 61 64 48 50 54 49 44 44 42 43
42 43 44 44 44 43 44 43 47 44 43 45 59 85 81 80 57 52 60 48 48 51 47 43 43 42 44
42 46 44 43 44 41 44 49 44 43 45 44 61 84 66 69 67 57 63 60 51 46 47 44 43 44 44
43 49 44 42 44 42 43 44 43 44 46 42 60 77 70 72 69 59 57 59 49 46 48 44 43 44 43
42 44 45 43 44 42 43 44 43 44 45 46 56 70 74 80 75 59 53 54 55 48 48 45 42 43 44
43 42 45 42 43 44 44 44 41 44 44 44 52 71 79 80 85 66 51 54 48 50 56 46 44 44 43
43 42 44 43 44 44 42 44 48 44 44 45 55 78 78 79 83 60 53 51 54 55 57 50 44 44 44
46 44 42 43 43 43 44 43 43 47 45 45 62 100 79 89 76 57 52 53 59 71 74 56 45 44 44
45 44 43 44 44 44 44 43 44 48 44 44 65 91 74 88 72 58 60 64 109 147 144 63 47 44 44
44 41 46 49 45 46 45 43 44 44 45 45 59 81 89 106 91 70 80 115 163 252 260 81 55 48 45
45 42 46 50 46 44 45 43 44 45 45 45 57 98 100 109 105 89 129 178 201 279 289 117 57 48 44
45 50 46 46 46 44 45 45 44 44 42 45 61 100 109 104 90 119 144 173 174 179 189 153 57 47 46
45 45 46 45 45 44 45 47 45 43 44 45 59 102 109 106 99 172 165 192 195 96 101 134 86 50 47
45 44 45 45 45 45 42 44 48 44 44 44 53 95 95 95 117 150 190 202 221 79 81 120 68 49 49
42 45 50 46 45 45 44 44 44 45 45 43 58 95 104 136 184 176 218 315 219 77 78 72 69 49 45
45 43 46 48 46 46 45 43 44 44 45 46 52 92 122 183 209 206 273 284 147 77 79 68 60 51 47
44 45 49 45 45 45 45 47 44 44 45 46 54 78 105 178 202 239 303 271 117 79 80 63 53 48 53
46 46 49 45 46 45 43 45 48 45 44 46 55 76 118 185 236 384 361 214 114 80 80 64 53 48 49
45 46 47 47 47 43 46 48 45 44 46 46 56 73 85 151 215 526 369 151 103 78 78 65 54 49 57
47 46 46 44 44 46 48 44 42 44 44 45 50 51 57 73 109 133 110 81 69 64 61 50 47 46 55
45 53 45 44 48 45 43 43 48 44 43 45 45 49 51 56 66 68 68 67 70 73 69 56 52 48 48
49 50 46 46 46 42 45 49 45 45 45 44 46 50 52 57 62 61 71 78 79 80 82 67 63 59 47
58 52 52 46 46 45 44 45 46 46 44 44 46 48 53 57 59 66 72 82 76 84 89 85 81 76 46
52 53 53 46 46 50 47 47 46 46 45 46 46 51 55 57 61 69 73 87 81 98 97 97 108 99 46
57 52 53 56 49 46 60 47 46 50 46 44 47 50 54 58 64 76 72 81 85 106 113 116 114 90 46
49 58 56 51 53 55 46 47 51 46 45 46 47 52 56 59 72 90 83 82 90 120 125 142 119 59 46
51 63 48 60 53 52 48 46 45 46 49 46 50 54 56 65 78 106 101 79 90 102 106 124 105 59 45
58 56 51 57 61 50 49 43 46 51 50 45 47 51 53 63 62 81 76 68 76 104 101 104 81 49 44
65 47 55 59 50 53 52 45 44 46 49 45 46 48 50 59 53 60 60 60 69 89 87 83 58 45 44
