44 44 44 44 45 50 45 44 45 45 50 60 71 70 93 174 180 123 62 46 46 43 44 48 45 42 44
43 44 45 47 45 44 45 45 45 46 46 51 68 62 54 67 210 296 67 49 46 44 47 44 42 43 44
43 47 46 42 46 43 44 44 43 44 47 45 62 51 48 46 68 82 49 45 44 42 43 44 39 43 48
43 45 44 42 44 43 44 44 42 44 49 44 61 47 46 45 67 79 48 49 43 43 44 42 43 47 44
42 43 47 44 43 43 43 44 44 43 45 47 56 46 46 44 78 103 63 45 44 44 44 43 44 42 44
44 44 46 44 43 43 43 44 44 42 46 49 47 46 45 44 55 89 75 45 44 42 44 46 43 44 44
43 42 44 44 44 41 44 49 44 43 45 43 47 45 43 45 58 73 81 44 43 43 44 43 44 43 44
43 40 44 44 44 44 44 43 44 42 45 41 51 44 45 50 55 78 103 50 46 44 49 44 46 44 45
42 43 43 43 43 43 43 44 43 44 44 46 63 46 46 46 56 78 115 75 42 43 44 43 44 44 44
42 43 44 42 44 49 45 44 44 43 45 50 67 46 47 46 62 80 129 95 44 43 43 43 44 44 44
43 44 42 44 50 44 44 44 43 44 47 52 56 46 47 48 62 96 153 142 46 43 44 42 43 44 43
43 44 44 44 42 44 49 45 44 44 44 46 48 46 46 48 70 105 137 133 45 43 45 43 43 44 44
42 46 43 44 45 44 44 42 44 48 45 43 46 45 46 47 60 118 130 109 47 43 44 45 43 44 42
44 43 46 44 44 44 44 44 44 42 45 48 46 44 45 46 51 97 115 104 50 42 43 44 43 44 44
42 43 44 44 44 42 44 49 44 43 44 44 46 45 43 46 48 71 96 95 46 44 48 45 42 43 44
43 43 44 44 45 44 44 44 44 49 45 44 46 44 45 45 46 63 78 71 49 46 47 44 42 43 45
43 46 44 44 44 46 42 44 48 44 43 49 54 46 46 43 46 58 72 86 48 47 43 50 44 42 44
43 44 43 43 44 44 44 44 44 44 44 46 45 45 46 45 46 57 77 62 47 51 44 44 44 42 43
41 43 43 44 45 43 44 46 44 45 44 43 45 45 45 47 52 62 73 56 46 46 44 42 43 43 44
42 43 44 46 45 43 44 44 45 46 46 46 46 46 46 49 64 85 80 70 46 45 44 43 43 44 43
43 44 44 46 45 43 45 45 45 45 43 47 52 47 46 54 84 99 89 68 54 46 46 46 42 43 44
44 46 46 44 45 46 45 46 44 46 58 50 47 48 53 79 93 112 98 74 54 49 42 44 49 44 43
44 45 46 44 46 46 48 49 44 47 59 61 48 50 71 91 109 130 110 98 56 49 45 42 46 48 44
46 45 47 46 45 45 46 54 49 46 53 68 51 55 75 99 105 113 109 93 56 58 43 48 51 41 44
49 47 47 46 45 46 50 49 68 49 53 62 64 57 85 108 108 116 129 110 81 44 44 63 44 43 44
45 45 47 46 47 52 54 54 61 92 62 56 74 69 105 133 118 147 145 116 64 46 45 49 44 47 44
45 43 49 49 51 63 70 71 76 89 79 62 62 93 121 140 121 123 139 101 89 46 43 45 48 44 43
48 53 59 69 64 74 85 99 107 106 146 92 111 180 171 186 234 196 159 124 82 48 47 45 44 45 44
52 60 68 83 69 82 85 95 102 94 97 148 113 162 155 146 179 142 118 84 60 46 48 45 45 43 45
49 58 66 65 67 63 74 78 80 73 94 115 116 134 115 123 136 111 85 71 51 46 54 46 44 44 44
47 56 58 71 62 65 83 89 79 104 86 92 120 137 129 142 151 151 82 64 48 50 53 58 44 47 45
47 58 63 63 58 56 73 103 86 91 97 109 147 159 121 161 131 156 75 65 49 46 49 54 44 44 45
49 52 52 56 50 50 61 83 84 95 81 108 126 143 110 138 109 136 65 59 48 45 47 47 43 44 47
46 50 57 51 49 50 59 71 74 69 103 100 111 138 115 108 95 88 72 53 46 45 46 45 44 44 44
46 48 49 51 52 50 60 88 76 67 116 76 95 135 119 108 98 87 58 52 53 46 48 45 42 44 44
44 48 50 52 52 57 67 75 74 72 95 63 78 110 122 92 76 69 52 45 47 59 76 45 44 42 44
44 50 51 51 58 59 62 68 70 60 69 60 66 95 93 79 58 58 49 43 47 72 78 44 43 42 44
51 72 70 63 67 63 65 74 65 60 58 57 55 87 79 83 65 50 49 53 55 84 88 42 43 44 44
46 59 56 56 62 63 66 78 67 70 69 62 56 81 72 69 58 48 48 53 63 103 67 42 43 44 44
47 57 58 66 65 70 72 92 82 72 62 69 63 76 71 64 54 50 46 54 78 102 48 44 42 43 44
50 72 62 64 68 80 78 104 95 77 63 76 70 82 70 63 53 49 48 63 93 70 48 44 44 44 42
46 58 67 70 66 81 79 109 104 81 66 79 87 92 81 65 62 53 52 93 94 49 45 44 44 46 44
55 61 57 60 79 89 96 113 92 82 70 87 100 96 93 78 58 53 58 95 68 46 45 46 44 44 44
59 73 53 63 72 107 105 132 88 88 74 87 99 109 84 85 55 55 61 74 63 48 45 46 44 42 44
51 68 74 84 76 101 98 120 85 89 74 78 97 124 106 99 60 59 71 79 60 47 46 44 44 46 44
55 59 73 88 81 94 102 107 99 87 81 74 113 146 138 110 78 74 85 103 66 51 46 44 46 44 43
57 65 69 88 88 95 103 102 98 88 95 71 128 148 148 117 88 100 106 116 70 50 50 43 52 45 42
53 75 74 80 85 91 89 102 88 88 93 69 117 145 160 137 96 115 119 142 78 46 46 44 47 42 45
67 84 70 76 95 92 91 105 93 94 106 65 100 154 123 134 98 123 127 121 85 48 46 45 50 46 45
57 70 73 76 87 87 88 98 87 79 99 60 102 158 126 146 142 147 135 177 71 46 46 44 45 46 42
51 64 70 74 84 87 88 95 80 69 84 68 103 127 144 164 164 146 153 186 54 49 46 45 48 45 45
50 62 75 85 92 87 99 93 76 76 69 62 78 113 142 145 127 136 152 146 53 50 46 45 42 45 48
46 59 58 57 61 72 89 80 74 67 59 60 69 79 112 121 122 123 126 110 48 46 45 44 44 45 44
46 49 49 49 49 56 58 54 54 49 50 58 54 61 74 80 91 88 78 62 52 45 44 44 42 44 44
53 56 46 45 43 45 56 46 46 46 47 50 52 51 58 63 59 54 52 42 45 50 45 43 44 42 43
47 50 45 45 46 47 44 46 52 46 46 49 51 52 55 59 60 51 51 42 46 49 44 42 43 42 43
53 60 47 46 49 43 47 56 48 47 48 50 52 56 62 65 63 56 56 54 48 46 45 42 43 44 43
67 55 48 54 49 47 52 48 47 50 50 57 54 63 68 71 71 65 60 60 53 52 48 43 44 44 43
72 62 53 52 53 49 51 51 49 53 54 56 59 71 78 85 81 85 69 62 61 53 58 46 43 43 44
90 51 57 65 56 52 55 50 53 53 54 58 61 70 80 91 103 104 79 65 59 63 55 58 48 44 42
70 52 60 71 56 56 51 51 52 54 56 59 63 73 91 108 139 156 104 73 66 70 53 58 45 47 45
57 74 78 57 59 51 53 54 54 56 59 62 74 76 106 146 172 204 157 79 68 68 54 48 46 46 46
62 69 65 54 58 50 52 51 53 54 58 63 62 69 88 128 120 143 100 72 65 70 50 49 48 43 46
56 54 54 49 53 55 53 47 49 53 54 54 53 57 66 85 76 76 64 62 62 68 47 47 45 42 44
