44 42 44 48 75 262 181 54 53 48 48 47 46 46 51 98 378 191 99 50 49 45 48 44 43 44 44
44 43 43 46 72 103 153 51 47 45 44 44 45 45 46 50 91 89 144 46 45 41 44 49 44 43 43
40 43 49 44 87 66 65 47 45 44 44 43 44 46 44 45 51 64 57 44 44 42 43 43 43 44 42
42 41 46 49 74 64 53 46 44 44 44 42 45 48 45 45 49 89 85 43 44 43 43 44 41 43 47
42 47 48 46 59 76 48 46 44 44 42 44 49 44 43 44 43 76 76 49 44 42 44 43 44 40 44
41 43 47 44 72 149 53 45 44 44 44 44 44 44 49 44 46 72 71 46 44 44 42 43 48 43 42
43 43 41 43 59 145 64 45 43 44 43 44 45 44 46 47 48 76 68 46 44 43 44 41 43 49 44
42 47 41 43 52 127 61 46 45 44 45 43 45 44 45 45 45 80 93 46 44 43 44 42 43 42 44
42 44 44 48 55 112 76 43 45 44 45 44 45 44 44 45 57 80 115 47 50 43 43 43 42 43 44
42 43 44 44 53 98 98 49 44 45 44 44 45 44 45 47 63 86 132 51 44 49 45 43 43 42 43
43 44 46 42 75 146 133 68 46 45 46 46 46 46 49 47 80 110 164 95 51 45 44 44 42 43 44
42 43 44 45 87 159 153 91 47 47 46 46 47 46 47 52 93 126 171 111 46 44 45 43 43 45 43
45 42 44 44 81 157 129 96 51 47 47 46 45 46 47 52 101 136 165 110 44 44 44 44 44 42 44
43 43 43 44 60 119 140 101 49 49 47 46 47 44 46 49 94 128 132 100 46 45 45 43 42 43 44
43 43 44 44 47 103 136 99 52 47 46 46 46 46 48 46 96 137 142 58 45 44 44 48 44 43 43
42 44 43 43 51 111 144 109 50 51 47 44 46 45 47 49 93 127 123 48 47 45 45 44 44 44 44
42 43 43 44 50 74 132 102 53 48 47 45 46 46 46 48 107 151 87 48 45 44 47 44 45 44 42
44 42 44 43 47 53 108 90 56 47 48 46 44 45 46 48 93 136 58 46 45 44 44 44 44 43 44
43 42 43 43 45 49 80 102 63 49 47 46 45 45 46 49 111 86 53 48 49 44 45 44 42 43 44
43 44 44 44 46 48 67 122 89 56 48 43 46 51 47 49 87 83 55 45 45 45 44 46 44 42 43
43 44 43 45 45 51 56 97 92 67 48 46 46 44 48 72 93 92 56 44 45 47 44 45 44 42 43
46 44 45 44 46 51 53 102 127 94 54 54 49 47 56 90 97 100 64 45 46 44 46 44 43 44 49
43 44 44 44 47 50 58 90 135 105 66 51 50 52 67 95 95 97 76 48 47 46 46 45 43 44 46
43 49 44 43 47 46 66 98 130 123 87 53 56 51 81 98 90 95 95 51 44 45 46 44 44 42 44
42 44 49 44 47 49 67 99 125 116 94 59 58 54 100 104 98 106 87 59 47 48 46 45 47 44 42
44 43 41 44 45 52 74 94 98 98 80 59 57 54 89 114 111 105 92 62 48 47 46 42 44 47 44
43 45 44 44 46 49 76 85 86 77 73 57 54 58 72 104 99 88 92 80 54 48 46 42 44 46 44
44 44 44 44 52 65 99 113 117 119 96 67 61 71 120 141 129 141 125 83 53 51 47 43 46 44 43
43 44 44 42 47 61 86 113 127 129 95 78 62 73 115 132 116 113 87 77 48 49 47 44 44 44 42
43 42 44 47 47 51 78 95 85 106 89 95 73 95 97 105 97 92 78 61 52 49 45 44 43 44 44
43 44 43 45 49 50 76 104 92 102 103 107 102 120 99 126 104 103 84 59 51 47 48 44 43 44 48
44 43 44 44 49 52 74 118 122 110 119 121 110 151 116 150 109 101 88 62 48 48 48 44 44 44 45
43 43 44 45 48 49 62 106 113 112 128 123 110 162 124 149 98 95 80 61 52 49 48 44 43 44 44
44 44 43 44 48 48 59 89 95 110 95 124 88 148 121 110 92 87 78 63 48 46 48 43 43 44 43
42 44 44 44 48 48 57 95 98 109 99 106 86 140 119 109 87 87 80 56 47 48 48 44 44 46 44
42 43 44 44 47 46 51 83 93 96 86 91 72 127 89 86 76 72 61 53 46 47 48 44 46 44 42
43 43 44 43 45 46 47 59 70 72 76 69 61 88 64 68 67 61 57 49 46 45 46 44 44 43 43
43 42 45 48 46 44 46 52 70 71 64 66 63 83 62 71 64 56 52 45 45 46 46 46 44 44 45
43 44 45 44 46 46 45 52 71 86 81 72 66 73 68 64 70 60 54 46 44 46 52 49 44 44 44
42 43 49 47 50 47 46 49 71 89 85 90 72 71 70 68 66 58 50 45 47 56 69 52 44 43 44
47 44 46 50 55 51 47 48 62 89 91 92 78 74 74 66 62 53 54 46 49 62 103 70 45 44 43
40 44 52 65 87 60 46 49 54 88 113 98 92 86 83 66 63 53 52 48 52 163 554 67 44 44 48
44 49 48 145 446 94 50 51 55 86 131 116 111 91 82 78 64 56 54 54 49 275 437 53 46 42 45
43 45 52 69 171 116 51 51 56 91 128 138 130 94 80 78 67 57 53 52 52 108 92 53 46 44 43
44 44 45 58 95 76 58 54 66 89 118 128 138 113 97 99 80 64 54 52 55 90 84 53 44 46 44
43 45 46 54 82 70 50 58 80 110 108 142 158 121 121 113 98 77 65 51 57 97 71 49 44 44 45
44 43 44 49 77 76 55 68 96 117 131 152 144 130 153 132 108 84 68 52 61 94 64 48 45 45 44
46 44 44 46 66 80 58 85 100 124 150 148 159 134 147 132 106 106 77 60 63 89 60 44 44 45 42
44 44 45 47 59 76 68 107 148 187 171 132 141 129 104 110 140 106 91 76 65 96 54 45 46 45 45
44 45 46 46 52 74 77 101 143 175 170 133 146 115 93 107 139 126 94 107 89 79 54 45 44 44 45
43 44 42 46 56 58 79 101 115 129 134 136 115 91 86 98 142 107 90 119 82 61 51 45 45 42 45
42 44 42 44 49 49 76 94 88 97 94 118 95 78 75 81 100 82 76 102 68 52 49 44 44 42 44
42 45 42 44 47 46 55 65 84 79 70 98 84 69 69 75 75 76 63 62 58 46 46 44 43 44 42
42 43 44 44 46 42 47 57 58 59 62 78 68 64 59 62 60 56 52 46 49 43 45 49 44 42 43
42 44 45 44 47 43 47 57 52 54 63 75 67 64 54 59 60 60 47 49 44 44 50 44 42 43 42
42 45 49 45 48 47 46 56 59 60 67 72 68 67 66 63 64 60 54 49 46 46 41 44 48 44 43
43 57 45 47 52 48 48 59 63 64 66 71 70 72 76 72 65 64 55 50 52 47 46 45 42 43 44
44 63 50 51 55 48 48 52 56 61 62 68 69 76 78 77 67 66 56 54 49 50 53 45 42 43 43
48 50 51 54 54 50 50 52 56 57 61 75 74 82 82 79 70 72 62 57 51 51 52 44 43 43 44
51 47 46 57 58 55 56 55 59 65 63 72 81 89 89 85 88 88 71 57 55 53 51 49 44 44 44
46 46 46 56 58 59 56 56 59 67 63 79 94 94 98 106 116 120 87 59 60 62 51 48 48 45 44
48 50 46 50 60 59 64 63 60 64 74 87 102 98 123 155 143 152 112 68 61 62 55 46 44 49 45
49 50 45 45 57 59 62 60 57 63 75 78 87 85 111 134 108 107 84 63 59 66 57 44 44 46 44
61 49 42 46 55 60 62 57 52 58 65 69 67 69 80 97 75 71 60 63 60 64 50 46 44 45 44
