43 43 45 42 45 48 44 44 44 44 52 133 280 136 62 48 46 51 47 56 132 192 97 58 46 46 46
43 43 48 44 48 44 43 44 47 44 47 129 101 96 54 45 46 45 48 46 67 138 78 71 45 43 44
42 43 43 44 44 44 45 44 46 44 46 172 73 54 46 42 44 44 44 41 53 69 65 70 44 42 44
42 43 43 42 44 43 43 43 45 44 46 104 61 45 44 44 43 43 44 41 47 56 55 54 43 42 43
41 43 43 43 45 43 44 44 44 44 45 96 88 45 44 44 43 43 43 44 45 49 60 53 46 44 42
43 43 44 43 44 44 44 43 46 46 44 123 100 44 44 44 44 42 44 48 46 49 91 73 44 44 44
43 45 44 47 44 42 43 43 43 45 42 110 107 46 43 44 43 44 43 44 47 47 87 86 44 44 44
42 43 42 44 44 44 44 44 43 44 44 119 94 44 45 44 44 44 50 44 45 49 89 95 46 44 44
46 43 44 42 44 42 44 44 43 49 45 95 94 50 45 44 48 45 44 46 49 55 100 105 45 44 45
42 43 44 43 44 43 46 44 44 45 47 86 95 51 44 45 47 46 44 43 47 57 101 95 46 44 44
45 44 42 43 43 43 44 43 44 47 56 101 95 66 46 46 45 44 49 44 47 80 114 103 55 45 45
43 47 45 42 44 43 44 44 43 45 58 107 99 83 46 46 44 46 46 44 48 102 119 125 62 44 45
43 40 45 47 44 44 44 42 43 44 62 96 88 86 52 48 45 46 47 48 48 124 130 136 75 46 44
43 44 41 44 46 44 46 44 43 44 60 94 97 95 49 47 45 46 47 48 46 110 125 143 63 46 44
43 47 44 44 44 42 43 44 44 44 48 79 90 91 46 46 46 44 48 46 46 91 112 103 46 42 45
42 44 46 43 46 44 43 43 43 47 50 89 84 91 49 46 45 46 42 47 50 81 105 106 49 45 46
41 44 47 44 45 44 42 43 44 46 46 74 80 75 48 46 45 46 46 49 52 83 120 95 56 45 42
44 43 44 45 44 45 44 42 44 44 45 54 73 66 51 46 45 45 46 46 48 76 103 76 52 49 45
42 43 43 44 44 43 44 41 43 47 45 44 63 56 47 46 44 44 45 44 47 83 86 55 46 43 44
43 40 44 48 45 42 44 43 43 44 44 46 59 69 51 46 44 45 45 47 50 82 80 56 48 45 44
44 43 45 44 45 43 42 44 47 44 44 45 58 71 72 46 50 46 45 49 50 76 71 48 45 44 44
42 43 44 44 42 43 48 44 42 44 46 48 71 86 107 65 46 49 48 44 56 90 72 50 45 45 45
42 44 44 44 42 44 49 44 44 44 46 46 68 92 109 71 47 48 48 45 72 102 87 53 46 44 45
42 43 44 44 45 43 44 48 44 44 47 49 76 98 105 78 48 47 47 60 79 108 94 62 47 46 46
47 47 43 43 44 44 45 43 44 48 48 58 86 92 106 81 56 48 51 74 94 113 100 86 48 47 47
43 49 45 43 44 42 44 44 44 44 48 62 92 89 106 84 61 53 49 64 91 105 100 88 47 46 47
43 44 45 43 46 43 46 44 45 45 49 73 83 86 86 82 66 55 53 76 112 126 110 111 56 48 48
44 43 44 43 45 44 45 68 56 48 52 76 101 120 135 108 108 61 63 81 136 162 143 143 76 54 52
48 44 45 44 45 44 50 49 42 48 54 73 85 122 120 104 69 56 55 73 93 99 105 110 63 47 47
44 43 44 43 44 44 52 43 44 52 46 57 70 86 89 96 78 65 64 77 83 86 88 74 70 47 46
43 45 44 43 44 44 45 46 44 45 48 63 78 91 84 120 90 97 83 100 96 116 93 88 67 48 48
45 41 44 49 45 44 44 45 44 46 49 64 101 118 93 151 101 111 106 132 106 132 105 102 75 56 48
43 43 40 44 48 44 45 47 46 45 48 56 85 111 93 122 102 112 109 120 100 123 105 91 72 55 48
43 44 42 44 46 44 46 45 45 45 48 59 80 98 98 123 116 110 104 103 107 105 116 100 72 55 50
44 44 45 44 48 44 43 44 47 46 50 52 78 101 106 110 100 110 133 94 102 115 146 98 66 59 52
43 44 47 44 43 44 44 44 50 45 48 54 62 90 92 85 78 79 86 86 84 114 145 88 68 50 58
43 42 44 48 45 42 44 43 46 50 46 48 57 77 68 70 67 64 76 74 72 93 119 69 52 50 77
43 41 44 48 44 43 44 43 46 59 48 47 49 63 63 70 67 60 78 65 68 79 136 57 47 53 117
44 43 47 43 45 44 42 44 55 69 55 47 50 60 62 63 69 61 77 68 76 89 154 60 50 65 152
43 42 46 44 44 44 42 45 57 74 62 47 52 63 67 66 72 64 64 77 81 96 134 58 50 73 141
43 44 44 44 42 44 49 46 54 74 62 51 51 55 64 69 68 63 64 81 76 85 92 54 45 89 181
43 44 44 43 46 44 44 46 49 81 74 51 49 52 63 72 76 70 70 93 85 90 80 48 48 101 211
48 44 44 44 44 44 44 45 50 78 135 56 52 56 67 78 81 80 88 89 93 106 86 54 51 218 203
44 47 45 44 45 46 49 51 50 63 520 55 54 60 62 83 95 93 91 104 111 124 94 56 55 76 72
44 48 45 43 44 44 44 45 50 53 87 57 56 61 71 101 111 106 107 113 126 145 105 68 63 63 64
44 48 45 43 45 44 45 46 47 52 69 57 63 69 96 119 133 137 124 151 162 165 125 95 79 68 68
44 45 46 44 45 46 44 45 49 50 66 61 61 92 115 127 132 127 132 149 193 187 157 121 105 81 81
45 48 46 44 46 45 46 45 43 48 72 67 70 89 121 136 143 142 140 161 189 216 161 122 114 94 85
44 46 44 45 47 45 46 43 47 54 76 71 80 98 115 149 141 135 157 156 232 381 229 149 196 139 81
46 46 46 46 45 45 46 46 47 48 72 72 94 105 130 184 142 134 150 185 239 374 243 159 168 187 79
45 46 46 44 46 46 46 46 44 50 68 68 92 99 128 176 136 123 150 192 203 302 280 154 170 181 78
45 46 44 45 46 45 46 46 46 52 57 68 95 85 99 129 108 109 114 159 164 258 216 154 157 146 66
44 46 48 43 45 44 44 45 48 46 51 61 75 72 75 83 87 92 93 112 142 142 160 103 78 65 53
44 43 44 45 44 44 44 44 44 45 47 51 60 58 56 66 72 72 70 92 96 83 79 58 53 60 48
47 44 46 44 43 45 44 44 44 42 47 53 52 54 58 66 85 73 74 88 76 67 61 53 47 49 53
44 46 45 48 46 44 44 44 44 45 47 47 52 57 60 75 88 78 80 93 71 67 60 52 47 48 52
44 50 46 47 48 44 45 44 44 46 46 48 56 55 66 81 87 87 85 92 72 71 61 56 54 48 46
45 50 47 48 48 45 49 44 46 47 48 48 50 56 65 76 90 90 88 97 71 70 65 60 58 48 46
49 47 51 51 48 48 51 45 47 48 48 48 52 57 66 78 99 109 101 104 76 76 72 65 58 53 48
49 47 58 53 53 52 51 47 48 48 52 50 54 56 65 81 119 135 120 114 92 92 82 77 57 50 52
50 48 59 54 54 51 49 48 47 48 56 53 57 62 72 102 165 223 156 126 107 117 103 89 60 56 52
56 56 48 52 55 51 52 49 48 49 57 57 61 63 82 131 206 320 242 140 118 117 107 98 58 55 54
62 61 49 48 55 57 51 51 48 48 56 54 57 61 74 114 151 215 156 121 103 109 91 80 54 53 49
72 60 50 49 50 54 55 51 44 51 59 53 52 56 65 83 101 112 94 101 94 97 81 67 50 50 49
