44 44 46 49 47 51 50 65 104 102 57 62 226 569 191 57 46 44 45 44 45 43 44 47 44 43 44
44 41 46 44 46 51 50 56 283 86 59 58 65 197 71 54 46 43 44 44 44 44 42 43 48 44 43
43 41 44 49 45 43 45 51 103 69 46 48 55 68 61 51 45 43 45 39 43 49 44 43 43 42 43
41 43 44 44 45 42 45 55 84 48 44 51 46 51 48 45 43 42 42 44 42 43 47 44 43 43 42
42 42 44 44 45 45 45 81 93 47 44 47 44 45 47 44 43 43 41 43 44 44 43 43 42 43 44
42 44 43 45 50 46 47 132 95 45 46 47 46 49 45 44 46 44 43 43 43 43 44 43 44 45 44
42 46 43 44 45 45 58 97 68 52 44 44 45 44 44 44 43 44 44 44 44 43 42 43 43 43 44
42 46 44 44 46 48 71 120 76 45 45 45 45 45 44 44 44 40 44 42 45 43 44 44 43 44 43
42 44 45 45 49 53 120 113 74 46 42 45 46 46 46 45 43 43 44 47 45 43 44 43 43 42 43
43 44 46 46 49 59 127 111 76 44 45 47 50 48 44 46 44 43 42 44 46 44 46 44 42 43 44
43 46 48 50 55 85 155 139 91 49 45 61 78 78 71 62 54 46 46 42 45 43 44 43 44 44 44
43 47 49 50 53 118 168 143 84 48 48 61 73 89 83 78 60 47 51 46 45 44 43 44 44 44 44
44 46 49 49 56 128 128 121 75 45 47 62 66 78 82 66 58 45 46 49 46 45 44 42 43 44 44
43 46 47 48 53 102 116 102 68 46 46 47 64 74 74 63 53 43 46 50 45 45 45 42 43 44 44
43 46 46 47 56 115 123 81 54 51 46 48 57 66 70 61 49 46 51 46 45 44 41 43 49 44 43
43 46 47 48 67 102 108 70 51 46 47 59 56 66 70 67 64 57 60 51 48 45 47 45 46 46 44
44 44 46 48 65 101 95 60 49 46 48 50 49 57 59 59 70 63 56 57 49 48 52 55 56 70 60
49 46 47 48 60 106 85 61 48 46 47 48 50 54 55 58 61 54 49 50 49 55 53 57 57 76 56
47 46 47 47 53 95 94 62 48 46 46 48 49 51 56 57 50 49 53 51 49 50 48 50 50 50 45
43 42 49 50 58 113 103 77 51 46 46 50 50 51 58 64 50 49 51 47 49 49 46 47 46 43 45
44 43 50 55 80 123 109 97 57 47 54 61 49 56 63 56 51 50 50 51 48 47 45 45 47 46 44
46 48 56 58 98 120 135 109 75 52 55 62 56 68 68 59 55 54 54 49 50 49 51 49 45 53 54
45 56 63 61 98 132 143 112 91 63 55 63 65 67 70 61 53 56 51 53 49 56 63 53 54 46 52
43 50 61 65 99 138 153 112 107 74 67 64 65 68 76 64 57 58 52 56 54 67 73 58 59 53 48
44 51 62 75 112 158 149 133 132 71 64 71 71 71 78 68 65 58 55 73 77 72 61 66 51 54 47
46 56 59 76 115 161 125 127 116 64 60 67 71 72 80 78 69 67 78 67 63 57 51 50 47 45 45
46 52 55 81 107 160 125 117 95 67 65 63 64 71 62 82 71 56 59 54 55 53 49 46 42 46 49
46 55 62 94 121 185 198 160 134 93 98 87 78 92 99 76 77 68 66 59 60 52 52 48 46 44 44
49 59 61 113 136 186 174 151 120 95 79 85 83 89 88 71 62 60 55 59 56 49 46 46 44 45 46
51 61 56 75 89 147 133 116 90 83 77 78 70 73 63 66 52 55 54 52 50 47 48 44 44 45 43
50 60 59 70 95 205 138 136 95 96 103 100 94 81 64 66 57 56 56 57 53 50 45 45 48 45 43
45 53 53 67 86 142 112 156 116 131 90 85 88 89 72 88 59 58 56 56 52 49 47 47 45 46 49
44 53 52 57 70 80 82 166 114 114 85 99 83 86 73 69 58 58 55 55 50 45 46 44 46 45 43
44 48 52 51 65 67 96 116 101 95 67 92 72 80 74 60 55 56 55 52 56 50 47 44 44 44 44
43 49 52 54 78 72 106 118 112 89 57 81 72 79 72 62 55 57 54 57 53 52 53 45 44 44 43
48 50 53 54 63 85 124 121 113 69 54 77 65 67 66 58 56 53 52 52 55 53 46 46 44 45 45
54 62 53 53 60 140 112 95 80 56 52 60 62 63 54 54 53 51 53 52 52 50 46 43 44 46 44
84 89 57 54 64 124 108 99 81 53 58 61 60 59 55 54 52 51 53 52 52 46 45 49 46 43 44
110 103 64 54 63 97 104 107 71 53 61 58 60 55 54 56 51 50 53 51 52 51 45 45 44 43 44
107 194 91 59 63 90 99 106 80 56 62 67 58 58 58 53 50 50 52 55 50 47 48 44 45 46 43
66 317 191 64 67 97 103 120 100 68 68 71 67 66 56 52 51 53 57 57 50 47 51 46 42 45 49
49 187 247 90 67 95 106 118 116 73 74 75 76 63 54 54 46 51 54 59 49 47 47 45 47 44 44
52 160 129 84 68 111 129 137 107 76 94 78 77 67 62 55 48 53 58 59 48 46 47 45 45 45 45
46 128 125 97 81 141 165 213 114 97 101 86 93 76 59 56 57 54 59 60 52 51 50 45 46 50 45
47 104 150 132 113 143 184 221 127 95 106 95 91 75 65 60 59 59 63 63 56 61 49 49 45 48 45
48 104 177 191 136 156 222 212 150 106 97 113 95 79 71 71 67 63 65 71 61 64 65 51 46 46 48
50 123 209 260 197 163 231 197 164 111 104 116 94 85 78 74 68 64 69 78 70 72 58 47 55 47 44
50 113 212 275 219 159 236 216 140 108 106 110 102 87 81 77 71 68 78 83 76 61 49 47 50 47 46
50 115 216 246 321 204 202 236 136 125 116 103 110 83 71 75 65 67 73 84 85 67 55 48 49 48 46
52 108 246 287 317 256 213 199 124 117 117 103 121 90 72 79 71 70 80 94 96 69 54 48 48 52 46
57 113 252 283 282 305 256 215 127 116 108 114 110 89 76 80 76 75 86 106 94 64 53 52 48 57 47
52 127 301 313 301 279 262 189 119 117 107 123 111 89 80 80 74 81 88 97 86 68 51 52 50 49 46
51 76 174 212 226 213 214 142 82 88 100 92 84 75 75 75 70 78 86 98 96 70 58 48 48 49 48
45 64 95 133 120 97 92 82 61 55 53 56 59 57 50 50 48 46 46 51 50 47 51 47 57 65 43
51 52 62 72 67 71 58 58 63 49 47 49 47 46 46 45 47 46 45 44 47 46 44 45 46 46 45
45 66 54 63 65 78 61 63 63 52 48 46 46 45 46 44 46 44 46 43 46 42 44 48 44 44 44
48 67 56 61 63 78 66 63 60 61 54 47 47 45 45 46 45 45 46 43 45 50 44 44 44 44 44
60 62 65 63 60 76 67 66 63 60 56 50 48 48 47 46 47 47 47 43 46 50 45 43 43 43 43
61 61 77 73 66 78 71 76 69 64 57 51 49 49 51 48 48 50 47 48 44 45 52 44 44 44 43
78 63 97 82 79 107 103 101 89 74 62 58 53 53 51 50 54 55 53 50 49 48 44 46 47 45 44
51 74 101 87 89 123 113 111 94 75 66 58 57 55 51 54 56 63 56 58 49 49 46 45 44 47 44
51 79 91 92 101 111 120 115 95 73 67 60 63 56 56 59 62 71 63 57 50 48 46 44 45 48 45
58 83 89 88 107 95 106 103 93 72 78 64 57 54 55 59 52 62 54 50 50 47 46 45 44 46 45
63 71 72 75 103 103 112 96 79 72 69 65 55 53 54 53 50 51 53 50 49 47 45 47 44 46 44
