43 45 43 46 50 54 99 236 75 56 55 52 50 52 82 300 120 166 53 47 44 45 45 46 45 41 44
43 46 44 44 46 83 198 58 50 46 45 44 47 47 45 52 58 140 52 45 44 44 42 44 46 44 42
43 42 44 48 48 63 106 47 47 45 44 44 48 44 44 45 56 62 54 45 43 43 43 43 43 43 44
42 43 42 44 45 59 84 46 42 44 47 44 43 44 44 45 70 79 50 41 44 44 44 46 43 42 43
41 43 43 44 45 71 99 44 45 48 45 43 44 44 45 46 79 86 51 45 45 44 42 43 48 44 42
43 44 44 44 44 136 147 48 45 46 45 50 45 43 44 46 55 82 58 47 45 46 44 42 45 43 43
42 42 43 44 46 130 110 47 45 50 45 43 45 44 45 46 55 76 62 47 44 42 43 43 45 44 41
43 44 46 42 45 116 101 48 45 45 46 44 45 44 45 46 56 78 80 46 44 44 44 44 44 44 41
43 43 44 43 45 115 112 53 46 46 46 42 45 44 46 51 58 83 106 45 45 46 44 46 44 42 45
42 43 44 44 46 110 108 58 46 48 46 44 45 45 46 46 65 85 120 65 44 44 44 41 44 48 45
48 44 45 50 58 156 139 82 48 44 47 51 47 45 47 48 73 103 159 108 45 45 44 44 41 44 51
43 46 45 48 75 141 124 91 48 48 45 47 52 47 46 49 78 106 152 121 45 44 45 42 44 49 45
45 42 46 42 84 137 108 85 47 46 46 46 46 46 50 48 67 106 129 116 45 46 42 44 49 44 45
45 43 42 45 58 99 104 74 47 46 45 45 46 45 46 47 55 99 107 84 47 43 44 44 41 44 49
43 41 44 50 47 86 97 59 46 46 46 45 46 45 46 46 48 83 104 70 46 44 43 44 44 43 45
43 44 42 44 53 74 82 52 44 44 46 44 45 44 45 48 47 64 72 57 47 44 44 44 39 43 46
43 42 44 44 47 65 62 47 47 45 46 44 43 44 45 46 55 62 76 57 45 44 45 45 44 45 52
47 44 45 44 44 52 76 55 49 46 46 46 46 43 45 47 58 68 85 51 45 44 46 44 43 43 47
43 44 46 42 47 61 102 85 50 47 46 46 46 46 48 49 62 97 89 58 46 43 44 44 43 44 44
44 43 50 43 45 57 90 92 63 49 52 48 46 46 47 55 78 108 92 58 46 44 43 45 44 44 44
43 43 49 44 47 74 102 106 79 61 54 49 47 48 50 75 86 123 108 64 47 45 43 44 45 44 44
46 43 47 47 51 88 128 129 121 93 56 53 51 52 63 105 109 140 129 81 49 44 45 50 46 43 46
44 46 48 46 52 103 168 125 161 114 78 62 53 56 89 120 144 158 152 115 57 52 46 49 45 44 45
43 46 50 48 54 113 152 152 184 150 101 69 60 62 103 126 143 152 138 114 64 55 49 50 47 52 44
45 51 61 51 56 113 174 170 200 156 113 86 77 68 135 129 144 151 138 129 69 53 48 54 54 54 45
45 74 110 76 53 108 152 176 158 145 109 79 95 88 141 159 150 144 133 120 69 57 55 57 61 85 46
46 101 68 62 58 95 145 149 130 139 104 90 87 107 127 151 140 135 140 122 93 99 50 48 46 52 58
63 61 54 56 86 110 200 234 153 167 161 141 119 151 180 250 202 222 198 173 74 95 53 55 51 51 53
57 53 55 52 55 105 148 169 158 154 156 128 97 154 168 184 159 156 160 122 56 88 63 49 59 52 46
55 70 104 64 74 62 135 140 133 153 130 124 95 120 140 149 134 126 127 80 51 63 85 59 63 46 50
46 84 169 157 74 64 106 144 135 159 136 140 110 151 135 166 143 131 117 83 55 54 88 163 76 45 46
49 57 187 193 61 62 104 155 140 157 136 146 130 178 142 183 123 129 113 76 51 54 54 148 70 49 49
45 78 98 144 51 56 85 144 150 143 140 145 149 195 134 148 113 121 106 76 51 56 56 68 53 50 50
45 74 65 73 51 53 78 125 116 125 127 136 120 159 132 139 102 104 79 62 53 56 65 72 46 50 46
45 56 55 88 56 52 78 101 118 142 127 121 101 153 123 117 100 84 87 78 50 53 110 92 50 46 45
44 45 52 61 51 53 85 124 154 110 96 106 85 108 97 92 93 85 76 57 49 47 81 83 47 47 45
48 46 76 106 55 58 62 88 90 91 79 67 78 79 75 80 77 72 74 51 46 51 54 47 45 58 47
53 46 51 96 61 59 55 73 86 99 77 67 76 85 66 82 80 77 63 46 46 53 89 49 46 44 44
45 42 48 87 78 52 52 61 88 79 79 65 92 79 67 73 68 68 53 48 47 48 51 46 44 45 42
44 47 55 62 60 54 53 63 88 88 85 78 92 82 69 79 78 69 53 48 46 49 53 48 44 43 44
43 58 49 55 64 53 57 62 128 126 101 105 102 89 79 78 74 69 60 45 50 57 51 48 44 44 44
43 47 47 49 64 57 56 63 93 99 116 85 116 95 73 74 70 64 59 44 47 73 63 57 44 43 44
44 47 47 49 94 72 53 64 78 121 126 127 121 93 91 87 79 74 66 51 47 78 90 48 45 44 45
48 45 45 47 121 98 54 59 62 122 131 122 112 82 71 82 72 60 58 55 50 101 56 44 44 44 44
44 51 48 51 217 111 59 61 64 90 114 126 125 87 84 94 90 71 55 53 56 204 56 46 43 44 44
44 46 51 54 164 100 66 62 67 111 111 140 132 99 110 108 115 81 58 55 57 181 50 50 44 44 45
44 46 52 57 95 107 62 61 66 104 122 123 136 107 112 106 104 86 65 54 53 105 49 45 45 49 45
50 46 50 52 66 91 68 59 74 89 117 118 140 123 110 118 102 88 72 56 71 89 50 50 45 46 44
48 46 48 51 60 92 61 63 83 97 125 118 139 123 98 111 91 88 91 57 79 79 48 48 44 44 47
44 51 49 48 52 64 59 63 84 99 128 124 147 122 95 115 110 100 95 71 78 81 47 47 46 45 46
44 50 50 48 53 54 58 74 98 115 131 137 134 110 105 125 154 118 101 108 86 76 47 48 48 45 44
44 46 45 49 52 54 64 78 96 122 131 144 122 101 100 112 145 135 103 105 79 58 49 48 46 45 44
45 46 45 50 53 53 63 74 93 111 123 149 120 89 93 112 150 134 102 111 83 52 48 47 45 47 46
44 46 46 47 53 51 54 65 75 86 96 126 96 73 75 93 112 100 87 88 54 49 47 46 44 42 47
40 45 51 46 47 50 51 59 69 75 83 97 76 66 63 76 92 85 77 72 50 47 45 46 44 44 42
44 46 49 52 51 52 62 67 77 86 89 92 76 73 75 99 115 95 87 95 53 47 46 46 44 44 42
48 49 51 52 58 58 67 77 92 97 92 88 76 79 95 100 103 103 96 81 62 49 46 47 44 44 51
46 59 55 52 57 55 64 72 84 93 88 86 71 83 89 107 103 101 90 78 61 51 46 46 44 44 43
48 56 63 55 54 52 55 61 74 81 71 80 72 83 87 95 99 99 80 71 58 53 49 47 44 41 45
61 49 60 58 53 51 62 58 63 70 63 71 72 75 78 89 91 95 75 63 58 57 55 49 43 44 43
57 52 57 57 54 52 63 58 61 67 63 72 78 77 87 101 108 114 76 59 59 68 59 50 44 43 44
47 52 53 60 62 56 66 67 66 66 76 89 95 89 111 151 144 158 113 68 65 65 63 50 45 46 46
49 51 51 55 64 57 67 68 65 67 85 96 92 95 118 159 128 132 87 70 66 74 64 48 44 45 45
59 56 49 50 60 65 69 63 59 68 81 95 85 103 103 119 105 83 63 67 69 77 62 48 44 45 45
