42 43 44 45 45 43 44 46 44 44 50 63 82 74 77 117 136 148 51 49 46 44 46 44 43 44 42
43 44 44 42 44 43 43 44 43 44 47 50 51 54 53 80 93 99 46 45 45 44 44 41 43 49 44
40 44 51 43 46 43 43 43 44 44 44 46 50 54 53 50 79 153 61 46 46 44 44 44 43 43 43
43 41 44 48 44 43 44 42 42 44 44 44 44 47 51 45 52 77 55 44 45 43 46 42 42 44 43
42 40 44 49 44 42 44 42 43 44 44 44 45 44 47 44 44 66 69 46 44 44 46 43 45 44 42
43 42 43 43 44 44 44 44 44 44 45 44 43 44 47 45 46 95 117 67 47 46 45 44 44 43 48
43 43 42 43 44 44 42 44 47 44 42 44 44 46 46 42 50 63 102 84 46 46 45 44 44 42 44
42 45 42 43 44 43 43 44 43 44 44 44 49 46 51 45 45 57 108 110 55 48 45 44 44 43 44
42 49 44 42 44 42 44 44 45 45 45 45 46 48 45 46 46 51 119 154 86 60 46 45 42 44 44
42 44 44 44 43 44 47 44 45 44 44 45 47 47 48 46 46 49 119 136 86 82 47 46 44 44 44
43 44 44 42 45 47 45 46 45 44 46 50 58 60 52 49 46 50 108 191 111 89 50 45 43 43 44
43 44 44 44 44 44 46 45 48 46 45 53 67 70 57 46 46 51 97 170 129 115 48 45 43 44 44
43 40 45 44 45 43 45 45 46 46 44 48 66 71 56 49 46 52 87 155 129 142 52 45 44 44 44
44 42 46 44 43 43 44 47 45 45 46 51 50 60 53 46 46 46 59 91 94 103 62 43 43 43 44
42 44 46 44 44 43 46 51 43 49 52 46 45 51 48 46 45 46 51 55 76 99 56 48 44 42 43
42 45 44 44 45 45 51 56 51 60 51 46 46 47 49 46 44 44 49 49 57 84 54 47 48 44 42
45 44 56 45 51 52 49 53 62 49 57 51 46 45 48 46 45 44 49 49 51 89 67 51 46 44 42
47 44 52 46 45 56 53 50 63 51 58 54 45 46 47 48 48 46 46 57 56 85 66 49 43 48 44
54 51 48 47 46 51 60 48 55 68 49 54 52 47 47 46 44 47 48 54 60 75 61 50 42 45 44
47 46 49 45 52 53 60 55 52 78 52 52 55 54 52 46 46 47 52 59 65 79 54 54 43 45 44
46 49 49 45 51 61 66 61 53 61 66 49 56 54 53 53 46 49 59 67 69 85 59 52 44 46 44
51 57 55 48 49 54 67 55 58 59 77 56 53 62 55 52 50 59 76 79 81 91 82 52 44 46 46
54 62 54 51 51 52 71 56 52 58 78 76 55 59 73 57 56 69 100 110 101 103 105 66 42 44 49
52 61 65 49 48 48 52 67 57 59 64 88 66 63 65 56 62 77 97 122 104 157 124 55 45 42 44
47 79 65 48 52 51 52 61 82 63 63 66 80 73 66 60 70 85 117 140 141 148 121 68 42 49 49
50 49 47 49 50 49 50 53 63 67 64 65 84 62 67 67 76 90 124 135 136 145 92 61 44 45 45
43 46 56 55 54 50 51 53 56 63 62 67 65 82 71 78 93 105 149 157 184 193 104 56 45 42 45
47 53 47 55 56 63 73 89 66 59 88 76 74 113 142 151 170 158 223 256 203 278 124 57 46 48 46
44 49 47 44 47 53 53 58 67 76 82 75 70 125 138 107 125 145 199 176 124 131 87 59 45 45 45
44 48 51 45 48 51 47 51 52 56 55 71 94 107 99 109 100 118 174 162 120 90 67 50 44 46 45
44 46 47 46 46 49 58 59 57 62 60 72 84 91 118 150 97 140 220 178 133 96 62 52 49 49 45
44 51 47 46 48 48 48 52 56 56 62 69 81 106 97 128 107 139 205 188 139 95 61 51 48 88 49
44 46 49 45 46 46 51 60 60 65 60 67 72 121 104 121 102 120 149 138 103 78 57 49 46 58 50
44 51 46 46 46 46 52 58 58 59 65 75 79 96 104 105 94 98 100 107 86 66 54 47 45 46 46
43 46 46 46 47 48 54 57 57 63 58 76 75 100 114 93 95 105 97 102 69 63 51 49 51 47 44
43 46 46 46 48 52 56 55 59 60 59 69 68 78 101 73 76 78 83 80 58 57 55 47 48 47 44
43 44 49 45 52 56 53 54 54 56 55 57 60 73 72 72 78 72 72 62 53 53 52 49 56 62 44
43 50 53 49 58 57 55 57 57 56 56 55 61 71 63 66 74 77 65 56 55 52 60 64 76 49 44
43 47 48 49 54 54 53 58 64 55 57 53 62 72 62 64 66 69 69 55 52 54 73 116 99 44 43
44 48 46 47 50 59 65 77 59 58 57 58 59 72 64 73 63 65 63 56 53 59 117 231 87 44 43
46 47 53 48 52 69 63 72 64 56 59 67 64 76 67 67 63 63 62 57 56 67 214 362 59 45 49
44 46 53 50 54 66 69 76 63 60 63 59 71 78 71 72 64 65 70 61 63 107 281 236 49 45 47
44 56 47 49 51 59 71 78 65 63 63 64 80 78 72 76 62 72 67 66 65 130 200 186 46 42 44
43 53 50 54 54 61 74 77 66 68 66 70 80 82 74 78 65 66 63 64 71 113 183 97 50 44 43
47 68 50 56 58 63 70 80 68 66 68 71 83 78 75 92 92 76 68 80 94 140 163 61 46 49 44
47 56 49 52 66 59 68 80 74 69 68 84 89 95 96 102 122 103 91 142 164 207 167 58 46 48 45
46 68 48 64 68 63 69 74 74 69 74 88 97 104 110 114 114 110 135 221 231 280 202 62 46 46 45
46 56 49 58 71 65 63 76 70 67 76 91 100 106 113 124 109 111 165 260 263 286 141 60 46 45 45
54 59 52 54 67 66 61 76 71 71 78 84 108 106 102 127 104 114 223 242 301 341 117 60 46 46 46
48 64 56 54 60 61 62 71 68 70 74 82 116 113 102 148 132 137 276 288 400 274 102 61 47 47 45
48 64 51 61 57 65 72 78 71 73 76 93 117 105 122 152 152 192 293 347 314 289 102 62 48 47 46
47 54 49 59 58 58 60 68 70 70 72 88 101 119 101 124 135 209 241 295 282 323 108 61 46 47 46
46 50 48 52 58 54 60 64 72 69 68 92 96 92 96 104 114 175 182 252 246 235 84 56 46 46 45
45 48 49 48 60 48 54 57 62 66 58 80 81 76 72 87 75 108 128 196 195 132 64 51 46 46 45
48 48 48 50 57 46 49 54 49 48 48 50 53 53 54 57 59 63 71 108 79 67 55 46 45 46 42
45 46 46 45 46 45 44 46 49 46 45 47 47 48 50 57 65 61 61 67 58 52 48 49 46 44 44
49 53 47 45 46 44 43 46 50 47 46 46 47 48 52 62 63 67 63 67 62 57 51 49 50 49 44
58 51 50 45 46 45 46 46 46 48 47 45 48 55 55 63 68 71 71 66 62 65 57 55 48 47 44
52 54 48 47 51 46 51 48 46 49 48 49 50 51 58 74 76 89 83 74 71 70 74 61 50 44 44
52 48 47 52 57 48 57 48 48 47 50 56 52 55 60 74 93 109 95 84 78 80 76 81 52 45 49
48 48 48 59 58 56 50 49 50 50 51 56 58 62 67 86 127 164 121 99 95 105 92 93 51 45 46
47 59 59 53 58 53 51 51 51 52 56 58 63 65 75 109 162 240 174 121 108 111 95 89 51 46 47
47 55 61 53 54 50 51 50 49 52 56 55 59 61 70 97 121 171 118 99 93 105 87 76 47 45 44
55 50 48 51 51 50 54 49 46 50 52 52 53 54 58 78 79 90 73 78 78 88 76 63 44 48 45
