42 43 42 45 44 43 44 41 43 49 44 46 46 45 46 49 72 46 46 44 45 46 44 42 43 42 43
43 42 44 49 45 42 44 43 44 44 44 49 56 50 61 100 124 52 46 45 44 43 48 44 42 43 43
43 47 44 42 44 42 43 44 44 45 47 56 72 99 143 118 63 45 46 45 42 44 48 43 42 43 43
43 44 44 44 44 44 47 45 44 46 50 130 451 254 100 68 49 47 50 44 47 48 45 43 44 43 44
42 43 45 43 45 41 44 49 45 44 46 125 210 155 97 50 46 46 46 46 46 44 44 49 44 42 44
42 43 44 44 46 43 44 47 44 43 46 59 122 155 112 48 45 45 46 48 45 42 43 42 43 44 42
44 49 44 45 44 43 43 44 44 45 43 47 77 100 113 51 44 45 45 44 44 43 44 42 43 44 43
42 45 44 42 44 42 43 42 43 44 45 48 53 74 93 74 47 49 45 45 44 42 44 42 42 43 43
42 44 42 44 42 44 42 44 43 44 49 45 47 66 105 132 63 46 45 49 46 44 44 44 43 44 44
42 42 43 44 44 44 41 44 49 44 44 48 46 56 106 145 110 50 47 42 45 42 44 48 44 42 44
43 44 42 43 45 43 44 43 44 50 45 46 50 51 105 153 143 71 56 46 46 46 42 44 44 44 44
42 44 42 43 45 44 45 42 45 50 46 46 50 51 108 120 156 124 56 46 47 51 45 43 45 42 43
43 40 44 49 44 43 44 43 44 46 45 46 47 56 84 104 138 174 87 52 46 46 50 44 46 44 42
43 43 44 43 43 48 45 45 45 44 46 47 47 50 68 109 122 185 109 53 46 47 51 46 44 44 43
43 49 44 43 44 42 44 45 44 46 45 47 51 49 58 92 131 177 150 58 48 47 46 45 46 42 44
43 44 44 43 44 44 44 43 44 46 46 46 46 48 58 65 122 157 127 61 48 47 46 44 45 43 44
40 43 51 43 44 43 43 44 45 44 46 44 46 49 50 54 75 121 103 76 49 44 45 45 44 44 43
43 41 44 43 44 43 44 44 43 44 45 45 46 45 47 55 58 80 125 85 53 50 45 46 45 42 43
41 43 43 42 45 43 44 44 44 46 45 43 45 45 46 50 54 65 95 87 51 49 45 42 44 43 44
43 40 43 46 44 42 43 44 44 44 44 43 46 45 46 48 50 61 91 80 53 47 45 44 48 44 44
43 44 43 44 43 44 45 44 45 45 43 44 46 45 46 46 54 74 85 78 62 47 45 44 44 46 44
43 44 44 44 45 44 47 45 44 45 46 46 46 46 45 51 59 101 115 96 72 63 45 45 45 43 44
42 44 44 44 46 44 46 45 43 46 46 47 49 46 52 59 77 129 132 108 89 68 48 43 46 48 44
48 44 44 44 43 43 44 45 45 43 47 54 50 50 58 55 87 126 122 108 93 81 47 44 45 44 43
44 43 45 41 44 49 45 45 46 46 49 57 57 54 62 59 103 135 123 120 100 81 47 46 46 44 43
43 45 45 43 44 44 45 47 46 56 70 78 71 64 62 90 123 140 141 144 90 88 49 45 46 45 44
43 44 44 43 44 44 45 49 62 66 75 78 79 96 92 125 111 128 149 145 102 122 48 46 48 44 44
44 43 45 44 45 45 49 70 79 82 98 124 123 167 157 174 190 187 178 167 118 112 54 49 55 46 44
43 43 44 45 44 46 54 70 76 86 92 98 122 175 151 200 127 142 135 108 79 89 50 51 48 44 44
42 44 43 44 45 48 55 63 65 84 85 88 103 128 110 145 102 110 129 96 71 71 51 44 45 44 45
42 44 47 44 46 46 67 69 70 93 103 110 130 145 117 213 136 122 121 98 76 68 50 45 48 49 44
43 48 44 44 46 44 56 85 89 91 103 140 122 175 165 179 150 136 140 98 90 58 51 48 48 45 44
43 47 45 45 45 44 54 69 82 95 97 127 121 169 205 130 136 109 105 84 75 53 49 47 46 46 44
43 44 44 44 46 44 49 66 70 83 82 107 115 148 137 127 122 112 120 86 61 53 47 50 47 44 44
43 44 45 43 44 44 51 68 68 89 97 97 113 150 107 139 112 121 114 108 62 52 49 44 47 50 44
46 44 45 44 43 45 53 61 68 78 80 93 103 108 87 91 78 87 80 75 54 51 46 46 43 44 49
42 44 41 44 47 47 49 59 59 65 67 66 78 93 66 61 61 70 64 75 55 49 45 45 42 43 49
43 45 44 46 45 46 52 55 59 62 62 67 77 73 63 61 72 81 81 79 70 53 46 45 50 44 44
44 43 42 43 45 46 51 62 58 63 68 69 73 73 64 63 73 77 89 85 74 56 46 46 51 44 43
43 43 42 44 42 46 57 61 64 65 68 74 77 72 63 69 79 78 83 103 81 59 49 45 46 48 44
42 44 43 44 44 45 53 68 67 65 67 75 80 71 68 72 79 83 103 109 91 63 47 46 47 43 44
42 44 43 44 49 44 49 67 68 71 78 75 87 80 65 82 89 100 124 123 125 64 50 47 47 45 43
43 44 45 42 44 49 51 65 71 72 78 83 89 80 66 93 104 111 161 146 107 60 52 47 48 45 44
43 43 46 42 45 50 56 75 74 76 76 98 87 87 69 85 127 122 170 149 100 57 54 50 50 48 50
44 43 45 43 44 46 53 77 74 71 74 93 89 87 77 91 164 140 174 156 102 59 55 54 61 47 49
44 44 47 44 45 46 54 76 74 76 76 97 97 92 81 113 173 178 194 189 123 65 58 111 220 75 45
44 43 45 45 45 47 57 77 71 74 80 88 99 78 89 108 130 181 197 187 128 70 95 168 220 55 45
44 44 45 45 45 48 60 78 74 72 78 93 102 81 87 123 140 232 266 233 132 130 171 153 156 46 45
46 45 45 45 47 47 57 72 70 78 82 80 95 77 72 89 121 177 268 252 214 263 181 140 96 54 46
43 45 45 45 46 45 54 65 67 71 76 79 88 77 66 78 114 168 243 315 280 274 194 109 62 55 45
44 44 46 44 45 45 49 63 64 68 75 82 79 71 63 73 112 168 238 358 283 302 229 63 58 46 45
45 49 46 44 46 43 47 54 59 64 65 76 76 65 58 66 87 149 199 307 271 329 108 56 52 46 45
44 44 47 44 45 44 44 49 50 52 59 62 62 61 57 62 66 98 151 239 225 128 62 51 53 49 43
43 44 45 43 44 44 44 46 44 47 52 48 49 50 49 54 58 61 71 120 101 58 54 43 46 49 44
47 48 46 44 43 44 44 44 44 42 46 50 46 44 46 46 48 49 56 60 59 46 45 44 44 43 44
48 44 47 45 44 45 45 44 44 42 44 48 45 43 45 46 47 46 51 50 48 45 44 44 41 43 48
42 49 47 46 49 43 44 44 43 44 42 44 49 44 44 45 45 44 47 50 46 45 42 44 50 44 44
44 44 49 46 49 42 46 49 44 43 44 42 44 44 44 45 44 43 45 48 44 44 42 44 50 44 44
44 44 62 57 51 47 53 46 44 44 43 44 46 46 46 50 45 46 44 47 45 44 45 42 47 50 45
43 46 80 67 62 53 52 47 47 44 45 46 44 47 54 52 47 49 52 49 45 47 46 47 48 42 44
43 50 82 70 65 51 49 51 46 44 46 46 47 52 50 54 48 52 51 54 49 49 48 51 47 48 42
44 56 75 74 63 51 55 56 46 46 47 49 49 44 50 61 50 57 53 53 49 49 49 52 54 46 42
46 54 65 66 56 54 56 50 48 46 46 48 46 47 54 52 46 61 49 47 47 51 53 55 54 45 48
46 45 53 52 50 49 51 48 46 44 46 46 46 44 46 48 44 52 46 45 46 51 51 52 48 44 50
