43 42 43 44 43 43 42 48 50 44 42 43 43 44 44 42 43 53 43 46 50 44 42 43 42 43 44
43 43 43 44 42 43 46 51 49 44 44 42 43 44 45 45 45 46 48 48 47 45 41 44 48 43 43
43 41 43 49 44 43 49 56 59 48 44 44 43 44 47 45 44 53 66 59 45 44 43 44 46 44 42
43 42 44 44 44 45 49 89 194 51 46 46 44 45 49 45 48 57 113 87 48 44 43 44 44 41 44
42 44 43 44 48 46 48 99 221 53 50 45 46 50 46 45 46 51 262 171 49 43 44 43 43 44 42
43 43 44 42 45 53 48 90 92 51 44 44 46 42 44 49 46 53 106 133 46 43 44 42 43 47 44
42 46 42 43 44 48 46 59 80 51 45 42 44 43 43 45 43 52 73 73 49 42 43 43 42 44 41
43 44 44 42 44 43 43 52 59 45 44 44 44 42 44 42 44 43 58 52 47 46 44 47 44 43 44
42 43 43 44 44 44 42 57 56 44 44 44 43 43 42 43 44 43 53 54 44 43 43 43 43 41 43
42 44 44 43 47 45 48 88 64 44 45 44 44 44 44 44 43 45 52 98 52 44 43 43 42 43 44
42 43 44 44 42 44 70 125 82 46 44 44 46 44 45 46 44 44 99 159 50 49 44 44 44 42 44
41 43 45 44 45 43 76 148 92 48 46 44 45 45 45 45 45 46 113 167 68 44 44 44 42 43 44
43 44 45 45 43 51 81 134 95 55 46 49 46 44 45 45 45 45 130 159 74 44 45 42 43 44 43
44 47 44 44 44 44 100 155 117 70 44 46 50 46 44 45 44 58 132 132 83 49 45 44 43 42 44
42 43 43 44 46 45 88 134 120 86 48 45 46 46 45 46 45 91 138 149 78 45 42 44 48 44 43
43 43 44 42 44 54 86 138 135 98 54 47 47 47 46 46 48 102 142 165 81 45 46 44 44 43 44
43 42 44 46 44 51 70 125 115 79 49 47 44 46 50 46 46 99 135 148 70 45 43 44 43 43 45
43 44 43 44 44 46 57 96 90 73 46 46 46 43 45 51 46 64 119 108 57 44 44 43 44 41 44
48 43 43 44 43 44 46 65 86 58 46 49 46 43 44 44 44 53 97 71 46 41 44 48 43 42 44
43 40 44 41 44 48 54 65 98 56 46 46 45 44 47 45 45 46 84 73 45 44 41 44 43 43 44
42 40 44 42 44 48 45 78 76 54 44 45 44 44 48 44 44 43 56 53 44 44 41 43 48 44 42
43 41 44 48 44 43 46 52 95 68 46 45 46 44 45 44 45 47 72 48 44 44 42 43 44 43 44
43 43 45 41 45 49 45 54 93 109 58 48 46 46 48 46 46 65 100 59 44 44 43 43 44 43 44
42 44 42 44 50 45 44 69 115 111 81 50 49 49 46 47 50 72 86 77 47 44 45 42 43 44 44
43 43 44 44 42 45 49 78 131 120 100 53 53 46 48 54 56 85 98 90 47 45 47 42 43 49 44
43 46 43 43 46 44 48 88 124 106 99 67 56 49 49 52 68 96 103 94 49 45 46 45 43 44 48
43 43 48 44 45 46 46 75 98 102 88 63 61 47 48 58 68 85 86 90 62 45 46 46 41 43 49
43 43 45 43 46 49 49 94 115 108 104 82 68 53 51 85 72 98 113 118 74 48 48 47 42 43 44
43 43 44 45 46 45 54 87 109 107 87 70 62 52 49 66 61 81 83 90 66 46 44 46 42 43 45
42 43 44 49 64 45 51 74 77 91 76 64 74 51 51 67 63 74 86 66 56 53 46 44 43 43 44
42 43 45 47 53 44 48 78 88 99 103 101 138 104 72 107 119 95 100 89 62 51 47 46 44 43 45
43 45 44 45 49 49 47 72 98 122 116 158 151 168 127 175 159 102 100 93 69 54 52 46 44 45 44
42 48 45 43 50 51 48 68 100 131 127 184 145 212 142 153 135 127 100 100 64 54 53 47 44 44 43
43 45 44 44 49 47 47 57 92 136 119 162 151 182 131 138 113 105 99 84 67 54 51 48 43 44 45
44 43 45 44 50 50 47 58 86 132 148 151 185 199 141 135 97 156 102 86 63 54 54 49 43 44 47
43 42 44 44 48 49 47 53 81 115 127 128 138 148 146 111 92 120 70 71 58 60 53 46 44 47 44
47 43 43 45 48 46 46 47 64 90 100 105 104 104 108 81 76 81 62 65 54 50 50 44 43 44 44
47 44 43 48 70 46 46 46 52 75 76 84 87 86 81 67 69 84 64 50 48 47 54 59 44 42 44
43 40 44 53 85 56 46 45 50 60 70 77 73 77 85 60 62 68 61 50 49 50 77 108 44 44 44
43 40 44 62 110 71 46 46 53 71 76 82 87 85 79 70 69 65 64 55 46 53 124 174 44 44 42
43 48 46 63 148 109 47 47 54 68 77 90 107 74 66 69 65 61 65 53 46 59 135 181 46 44 42
43 48 47 59 226 175 48 48 53 72 91 93 118 80 68 70 63 62 62 53 46 81 190 145 46 42 44
42 44 50 56 163 133 48 48 53 77 101 104 124 94 74 83 71 67 61 52 48 154 277 90 44 44 44
41 44 50 48 100 105 52 51 57 88 105 155 139 113 84 84 84 70 64 50 48 142 234 86 44 48 45
43 46 44 46 82 93 55 60 64 90 119 163 148 128 102 105 114 83 69 51 48 104 139 76 42 44 49
43 45 48 46 77 78 60 55 76 101 115 188 177 139 129 133 130 97 75 54 51 123 113 62 42 44 48
44 44 45 43 65 96 70 58 88 101 127 152 178 148 153 136 122 99 81 58 61 127 99 51 43 44 45
43 44 45 46 60 81 69 76 92 110 156 163 187 157 157 154 137 121 92 70 60 126 67 51 44 44 45
43 45 45 46 53 81 76 79 118 158 196 159 180 134 120 140 146 140 104 84 59 122 57 50 44 44 44
43 44 45 45 52 68 75 85 116 129 160 165 167 140 119 135 159 128 105 109 56 87 55 50 44 44 44
43 44 45 45 50 54 73 82 98 99 122 150 138 110 112 126 131 96 96 116 67 58 52 47 44 44 44
43 48 44 43 47 46 60 72 65 74 81 110 100 79 94 93 74 82 78 93 58 49 48 45 44 44 42
44 43 44 40 46 51 48 51 51 54 57 76 71 67 66 72 51 60 52 53 46 46 43 44 49 44 43
44 40 44 48 45 45 46 46 45 46 49 51 50 49 48 50 45 46 41 45 43 44 49 44 42 44 43
44 42 44 44 44 44 42 44 49 45 44 45 44 44 45 44 47 44 44 41 44 41 43 48 43 43 44
43 44 43 43 44 45 45 42 44 50 45 44 45 44 44 44 45 43 45 41 44 41 44 49 44 43 44
42 43 44 43 45 45 45 42 44 49 44 43 45 43 44 45 43 43 45 41 44 49 46 44 44 42 44
42 38 46 51 46 46 46 44 44 44 44 45 44 44 47 44 43 44 44 44 45 42 45 50 46 44 45
43 38 48 57 50 48 50 48 46 46 46 46 47 46 47 46 44 46 48 48 44 48 52 48 46 46 44
44 48 58 63 61 53 56 53 48 47 48 48 51 49 47 49 46 50 53 52 50 49 51 55 47 44 46
43 42 72 74 63 59 57 58 50 46 50 50 49 48 47 53 47 54 51 52 54 55 55 58 49 46 45
43 42 72 72 61 56 56 55 53 48 48 50 50 47 50 52 51 57 56 45 48 54 56 55 51 45 45
40 43 76 70 56 53 52 53 50 48 48 51 48 49 48 50 46 54 47 46 46 52 54 51 53 49 44
42 44 61 61 52 49 51 54 46 45 46 46 46 46 43 47 45 46 46 43 44 50 51 50 49 44 44
