44 43 42 43 44 43 45 47 63 69 47 46 58 49 44 44 42 44 44 41 44 46 43 44 43 42 43
43 40 44 47 45 47 50 54 91 224 92 79 142 132 53 46 44 44 44 45 45 43 44 44 44 44 41
42 44 45 42 46 50 50 54 88 106 76 69 196 282 53 46 44 45 40 44 50 43 44 44 42 43 44
42 45 44 44 43 44 50 51 88 62 46 46 68 74 50 43 43 44 45 39 44 46 44 43 43 43 44
42 43 43 45 43 44 50 49 76 49 44 45 74 50 46 45 43 43 44 38 43 48 43 44 43 42 43
41 43 43 44 45 42 47 56 76 48 46 44 51 46 45 44 43 43 44 48 44 45 43 42 43 43 44
43 44 44 44 49 45 53 74 91 54 49 44 49 50 46 45 44 43 44 44 44 47 44 43 43 43 43
44 41 44 46 46 50 63 121 108 58 48 46 47 47 46 45 44 43 44 42 44 47 44 46 45 42 44
43 44 44 46 44 47 74 142 110 67 50 46 48 45 46 51 44 43 44 45 44 46 45 42 44 43 43
42 44 45 45 46 51 105 137 103 71 52 51 48 48 44 46 45 44 43 45 46 44 46 44 42 43 43
43 43 44 45 47 64 168 168 132 97 62 54 54 52 49 48 49 46 45 45 46 44 42 43 44 44 44
45 46 43 45 57 71 181 181 132 93 66 69 65 63 65 63 59 47 48 45 43 43 44 45 44 42 44
44 45 44 45 49 70 173 163 128 84 63 95 102 129 115 90 76 51 47 46 45 47 44 47 44 43 44
43 41 45 46 47 63 163 149 137 73 62 78 91 124 117 84 71 47 46 46 44 45 43 44 47 46 43
43 43 45 49 47 86 149 141 103 63 60 64 76 112 116 82 68 48 49 43 46 43 45 45 42 44 48
43 44 44 49 54 67 146 127 89 59 57 61 72 96 108 83 70 47 53 45 44 44 43 43 44 43 44
42 44 43 46 54 60 137 120 85 55 59 57 62 78 87 86 62 51 47 47 44 48 44 45 44 44 44
42 43 46 44 53 53 131 103 76 52 58 52 56 76 81 79 58 49 50 48 45 48 44 45 44 48 42
43 43 47 42 47 54 120 93 75 57 51 51 49 58 62 60 52 49 49 44 44 44 43 44 44 43 44
42 47 44 43 47 58 125 125 72 62 52 49 52 58 59 55 57 54 47 43 45 44 45 45 45 44 48
43 43 48 43 48 78 127 118 100 71 59 55 53 62 65 58 60 50 47 50 45 43 44 42 46 45 44
43 44 46 46 59 71 140 156 146 112 74 68 69 73 84 71 66 57 45 45 50 46 48 44 42 45 45
43 44 46 47 58 89 151 183 189 166 106 80 81 86 104 80 67 61 54 44 46 48 47 47 48 46 43
44 45 48 47 59 93 161 197 221 213 141 92 82 90 112 88 72 68 59 44 46 51 46 51 45 43 44
42 45 57 48 60 116 191 232 240 223 159 111 98 97 112 89 76 70 68 59 48 45 47 49 44 50 45
42 46 54 47 54 105 163 197 205 184 136 132 96 102 115 99 80 77 74 56 56 46 46 44 44 45 42
44 45 50 46 51 98 140 153 181 131 145 135 108 109 105 94 72 68 71 67 60 48 47 44 47 45 44
43 46 48 49 59 100 170 217 289 216 192 249 181 161 140 122 102 89 82 80 57 48 50 51 47 46 43
44 46 47 51 56 83 162 245 213 194 168 161 191 155 137 108 84 73 64 69 49 48 46 47 45 46 45
44 50 47 47 51 75 108 181 157 179 152 127 159 134 103 93 73 65 59 62 50 48 45 48 46 45 44
46 46 49 49 51 64 97 183 195 179 159 156 149 170 118 109 79 69 64 66 54 53 45 47 45 44 44
44 42 47 48 48 62 85 164 197 169 167 154 118 213 108 113 83 67 56 54 51 47 46 46 44 46 45
43 45 45 47 52 60 86 165 194 189 173 170 139 146 103 106 79 78 65 60 54 46 47 45 44 45 43
44 45 47 46 49 55 80 114 129 147 160 150 134 117 86 88 68 63 62 58 47 46 48 45 45 44 43
44 48 46 47 50 54 84 153 137 166 130 126 128 110 97 84 62 66 63 58 48 45 44 44 44 42 44
42 44 48 46 51 52 67 118 91 138 110 120 99 91 89 71 56 58 57 57 47 44 45 43 44 45 44
40 43 56 45 45 49 60 77 76 81 89 85 78 82 65 58 56 52 56 51 47 42 43 44 42 44 43
43 41 46 50 46 52 64 85 88 86 84 84 74 78 63 62 56 54 56 51 46 44 44 43 43 46 45
42 46 45 46 47 51 64 100 90 82 92 87 73 80 60 58 57 55 56 50 45 44 43 44 42 44 49
42 44 47 46 46 52 63 92 102 83 98 98 84 81 63 60 56 52 55 50 45 45 43 45 43 44 46
44 43 47 45 49 57 70 103 104 108 115 111 101 76 71 61 54 51 50 50 49 46 43 47 42 43 44
42 44 46 46 47 55 80 115 116 141 133 118 120 77 69 63 54 52 56 47 42 44 49 45 43 46 43
44 45 46 47 48 57 81 121 121 165 149 127 134 93 72 71 57 54 59 42 45 48 44 43 44 43 44
42 44 47 47 51 59 87 139 149 178 174 168 135 108 71 67 62 57 58 46 50 44 43 46 43 44 45
43 46 45 47 52 61 95 136 151 171 177 170 138 111 79 73 70 63 59 48 46 43 46 44 44 44 42
44 45 50 50 54 63 105 149 167 173 178 181 166 127 88 84 74 64 60 47 46 45 45 44 44 44 44
42 45 53 60 64 63 116 177 142 194 192 159 159 112 105 91 72 65 61 48 43 45 51 45 44 44 43
44 45 69 98 89 92 155 230 148 177 194 169 165 109 118 89 76 69 60 46 46 46 45 45 44 45 46
44 44 57 95 144 144 188 231 194 178 183 157 148 107 84 83 71 64 57 45 46 43 45 49 44 45 44
44 46 50 98 154 192 210 250 234 178 161 144 135 110 84 80 77 66 60 46 46 46 44 45 45 49 45
44 47 50 69 140 239 280 298 291 188 155 146 131 103 89 82 79 66 56 46 47 51 46 45 45 44 44
45 43 52 78 140 273 349 334 268 180 141 143 126 97 89 82 71 62 53 49 45 46 50 45 45 46 43
44 47 51 58 78 212 362 387 179 149 130 121 110 90 82 78 66 56 51 49 44 46 50 45 45 45 43
43 50 46 50 56 72 127 102 73 80 81 71 73 62 56 55 51 46 46 45 43 43 44 43 44 41 44
43 44 46 47 56 62 63 60 56 58 56 50 51 46 46 45 44 44 43 46 42 42 44 42 44 46 43
41 45 53 55 60 61 61 65 62 56 57 53 49 46 46 44 44 44 43 44 45 48 43 44 47 42 43
41 48 57 61 68 76 64 69 64 62 62 52 50 51 47 46 43 44 44 44 46 43 45 46 44 44 44
42 79 63 63 70 76 77 76 73 65 63 56 52 51 46 47 48 44 46 44 44 45 44 44 44 43 46
43 67 85 72 74 73 80 77 81 71 66 60 54 53 51 50 50 45 49 48 46 47 44 45 46 44 45
48 55 103 80 79 80 86 88 87 74 69 68 55 56 61 57 51 52 54 49 52 51 46 47 44 43 44
44 61 97 78 72 72 74 81 75 69 63 68 56 52 54 59 51 55 64 51 50 56 47 48 45 43 44
43 67 88 72 74 70 69 85 66 62 63 67 57 52 57 63 56 62 55 53 52 54 51 44 46 44 43
44 66 79 62 63 63 68 69 62 55 60 58 53 51 54 55 57 57 47 48 46 53 53 45 45 43 44
43 50 56 50 56 51 60 55 53 56 52 49 49 47 49 50 46 53 46 45 48 51 51 45 43 44 42
