48 44 44 44 44 44 48 63 379 254 60 58 49 47 49 49 48 55 82 70 281 109 44 45 45 43 44
44 46 48 44 44 44 44 49 130 67 54 48 47 48 46 46 46 48 53 63 573 270 49 46 44 42 44
48 44 43 45 43 43 45 46 82 52 46 49 46 43 44 44 44 44 50 47 111 91 50 45 43 43 44
42 44 44 42 44 46 44 45 52 44 44 44 43 44 42 44 43 44 40 45 78 64 46 44 42 43 44
42 43 45 44 44 43 46 44 53 45 42 43 44 43 44 42 43 43 44 41 60 52 46 45 44 44 44
42 43 44 44 43 43 47 45 56 45 42 43 44 43 44 42 40 43 48 46 60 46 44 44 43 43 44
43 44 46 44 43 44 43 51 82 49 43 43 44 44 44 42 49 44 44 56 69 46 46 44 44 45 44
45 45 44 43 47 44 46 70 86 56 44 45 44 44 43 44 43 45 46 56 80 47 47 46 43 44 42
48 44 47 44 44 43 51 91 104 72 44 47 45 45 45 46 44 45 47 87 95 55 45 42 44 47 44
42 43 44 43 43 43 47 110 118 93 50 51 46 44 46 46 46 46 53 118 110 71 43 44 47 44 42
43 43 44 43 45 44 60 164 132 129 60 50 47 48 48 49 52 50 85 202 122 93 47 43 44 48 45
48 44 44 44 46 45 48 153 135 120 61 51 51 49 48 50 49 52 146 202 124 86 50 46 43 44 46
43 46 41 44 51 44 49 105 104 101 56 46 47 52 47 48 46 52 157 174 116 69 46 50 44 45 44
43 41 44 42 47 44 45 82 93 78 48 46 47 44 46 52 45 47 114 144 105 65 45 49 44 42 44
43 43 47 44 43 45 44 62 85 65 47 49 46 45 46 45 45 46 91 114 80 50 48 47 44 44 46
42 40 44 48 44 46 45 51 86 63 47 46 45 49 45 44 45 47 76 90 52 47 46 44 40 43 48
42 46 46 44 44 42 50 55 106 79 49 49 51 46 45 46 51 52 79 118 46 46 45 44 44 41 44
42 43 46 44 46 44 50 51 88 81 58 48 46 47 46 47 51 93 90 71 46 45 45 44 44 42 44
42 43 47 44 45 44 48 59 104 84 75 48 48 52 48 47 62 73 126 66 49 44 47 44 43 54 44
41 48 44 43 46 42 49 104 138 117 81 57 50 51 51 55 94 102 105 67 49 45 45 45 44 42 44
42 46 44 45 47 42 64 164 175 168 111 74 55 57 56 77 137 172 134 89 53 46 47 48 43 45 53
44 44 46 44 47 51 93 211 231 202 182 101 63 64 68 120 176 207 184 128 61 50 51 52 45 43 44
44 44 47 44 48 51 124 209 249 226 209 137 70 72 93 157 190 212 209 160 80 51 52 52 44 44 46
44 44 45 47 47 47 147 219 264 268 196 148 76 75 113 175 164 183 187 140 78 52 54 52 46 45 44
45 45 46 47 47 48 149 220 261 268 180 178 96 80 159 187 166 211 190 170 84 52 53 54 46 45 46
46 45 46 49 49 49 125 208 233 237 230 188 130 109 206 228 212 210 189 175 78 53 78 70 47 46 46
43 45 42 48 55 48 120 170 214 188 241 177 116 119 177 228 246 149 189 170 93 50 83 93 49 45 45
44 46 51 51 53 51 117 249 326 270 332 270 174 294 257 297 294 237 271 200 75 56 64 64 49 46 48
45 46 45 50 52 50 99 181 225 285 278 230 222 318 245 266 193 178 148 121 60 55 63 67 50 46 45
44 45 46 46 49 49 85 145 144 206 178 214 189 231 200 201 144 147 110 84 54 51 74 74 46 50 46
44 49 46 50 50 48 74 125 140 196 194 234 204 264 191 231 155 146 105 76 57 51 57 55 44 46 45
45 50 45 48 50 53 88 176 171 216 182 199 184 277 205 225 150 145 121 78 54 51 57 57 46 42 46
44 46 48 51 46 47 66 140 140 173 181 158 127 196 172 179 126 111 108 63 52 49 54 54 46 43 46
45 62 56 46 47 46 60 115 152 148 123 103 101 111 120 126 100 113 98 58 51 47 56 56 44 46 44
43 44 51 45 46 45 50 78 105 118 89 78 94 93 95 99 79 80 70 49 47 47 52 52 45 45 50
44 48 46 45 46 44 52 56 91 101 90 75 89 75 77 86 74 70 54 52 46 46 71 70 47 42 48
44 43 51 46 46 45 47 49 59 72 68 62 68 65 66 67 57 59 48 50 43 44 71 67 44 45 47
45 42 44 48 46 44 45 47 56 66 58 57 58 60 57 63 54 50 50 46 48 44 59 59 43 45 48
46 43 51 56 52 45 45 48 53 64 67 63 61 63 58 63 56 52 47 46 47 47 140 136 46 49 46
48 52 55 68 71 44 48 61 67 87 83 66 56 54 52 63 58 51 50 46 46 47 132 130 43 44 50
46 51 74 199 133 69 57 66 62 77 77 87 67 69 74 91 76 59 51 53 48 49 131 130 50 52 56
46 57 54 162 204 61 53 67 69 82 90 76 63 64 68 66 58 51 53 48 46 51 167 165 61 54 53
44 46 50 163 192 64 50 59 67 73 83 87 70 62 61 64 64 53 51 49 42 57 267 258 52 55 53
43 44 52 92 101 66 57 56 63 84 77 81 70 62 63 72 60 60 58 48 48 60 180 178 57 45 46
44 44 58 71 89 83 60 61 68 85 89 88 76 71 76 77 75 65 55 48 53 77 135 132 49 44 46
44 45 52 61 118 76 59 64 94 126 92 100 104 92 88 94 95 87 64 54 52 107 112 110 47 45 43
42 43 45 55 101 77 54 68 97 104 120 111 127 106 119 108 102 85 68 55 68 135 94 91 45 45 45
43 44 45 48 55 80 60 93 116 121 136 142 171 137 133 132 121 111 101 76 78 144 79 74 50 45 44
47 43 45 46 51 85 63 99 145 148 165 162 171 146 118 127 145 109 93 64 98 108 54 54 45 45 47
44 43 45 47 49 72 78 105 137 145 169 171 203 159 132 153 182 128 113 86 100 80 54 57 45 45 46
46 45 44 47 49 67 91 105 132 149 154 178 194 145 139 172 172 127 113 116 108 66 53 53 45 45 45
44 46 50 48 49 49 80 109 121 156 161 170 176 142 138 161 142 116 104 103 90 62 52 52 45 43 45
45 40 45 52 49 48 56 74 108 162 145 156 168 140 146 151 123 113 106 85 69 51 54 51 46 45 46
44 43 48 45 45 45 48 56 66 88 91 110 112 104 108 106 82 76 59 49 49 47 47 47 45 44 46
43 48 44 43 45 43 46 51 54 59 64 76 84 93 69 68 52 52 47 49 44 44 46 44 44 43 44
43 43 44 44 45 47 46 45 47 50 49 52 63 67 58 51 47 46 46 48 42 43 45 43 44 45 44
42 43 49 44 45 51 47 46 47 49 50 55 56 60 57 51 44 46 44 44 45 44 44 42 44 47 44
46 45 44 47 51 52 51 50 54 50 50 57 56 60 58 53 46 48 46 45 46 44 45 45 45 46 45
44 43 45 51 56 53 54 56 50 51 54 56 55 63 55 55 48 49 50 46 47 46 46 46 44 43 48
44 42 45 53 56 58 56 53 51 54 56 58 56 59 58 61 51 49 55 53 49 49 48 48 44 44 42
43 42 44 57 51 51 52 49 50 53 53 59 52 58 63 62 52 50 65 51 51 53 51 52 46 44 44
42 44 43 49 52 48 51 50 47 51 53 58 53 52 54 61 53 49 77 51 48 52 56 55 51 45 42
43 42 45 44 46 46 46 47 46 47 52 51 48 48 51 53 49 46 54 47 45 48 58 54 48 45 44
42 43 40 43 49 45 43 44 43 45 46 44 46 46 46 46 53 44 46 45 43 45 50 48 47 44 45
