45 43 43 44 42 45 52 67 84 74 48 44 45 45 44 44 43 43 45 46 44 49 44 44 43 43 44
47 51 45 44 45 43 54 101 163 267 48 45 49 45 46 47 44 45 42 45 50 44 45 44 42 44 44
78 59 46 50 45 44 46 84 143 338 56 45 44 45 45 46 45 45 46 46 46 45 42 44 42 46 49
282 182 46 43 45 44 45 54 63 90 66 46 45 46 46 47 46 43 45 47 46 44 44 40 44 49 45
365 278 52 45 44 44 44 46 47 59 59 51 46 44 44 43 43 44 46 43 44 43 48 43 43 44 43
122 104 46 45 46 46 46 44 43 48 54 53 46 42 44 49 44 43 46 44 43 43 43 43 44 41 43
63 54 46 44 44 43 44 43 44 43 61 59 46 42 44 43 43 40 44 49 44 43 43 44 44 48 44
52 49 47 42 44 43 44 49 44 44 78 84 49 43 44 44 44 43 44 44 44 40 43 46 43 47 44
44 64 48 44 44 44 42 44 43 45 81 107 65 45 44 44 43 42 50 44 43 44 43 44 45 44 44
44 81 73 48 46 42 44 44 44 45 86 118 105 48 44 45 40 44 44 45 43 44 45 43 44 41 45
44 99 150 62 50 45 43 44 44 45 86 125 129 67 46 44 45 45 46 49 45 43 44 43 43 45 44
47 130 160 111 57 46 48 45 44 46 82 122 122 84 49 51 46 46 44 44 45 45 45 42 44 49 44
50 185 175 145 110 48 45 47 45 46 66 123 107 121 51 46 46 48 46 44 45 44 44 45 44 44 48
46 125 188 138 150 66 45 42 45 49 57 91 105 110 51 46 48 47 46 44 45 44 44 44 42 44 51
43 80 171 132 172 97 45 46 45 43 48 61 85 104 50 46 45 44 42 46 49 45 46 44 42 44 44
48 48 107 134 160 115 46 47 45 43 45 50 66 90 49 50 44 47 40 44 49 45 43 44 43 43 44
44 66 60 116 139 113 51 46 44 47 45 48 54 94 70 67 45 50 45 40 45 51 44 44 44 42 43
43 51 49 63 101 96 47 46 45 51 48 46 48 63 61 67 61 46 44 41 44 50 44 44 44 42 43
41 44 45 48 98 116 54 51 47 51 46 46 48 54 76 61 51 54 46 49 45 47 45 42 44 43 43
42 45 46 46 59 104 81 49 48 50 47 47 47 63 102 65 54 55 46 51 46 46 46 42 44 44 42
43 43 44 43 47 83 83 66 62 50 49 47 48 69 98 88 63 64 49 46 46 51 46 46 47 44 45
43 43 45 46 45 55 106 101 100 55 50 50 58 61 94 127 105 65 54 51 47 47 53 50 49 45 44
43 43 49 44 45 57 130 127 126 94 67 52 54 67 98 142 116 72 58 54 50 47 48 46 50 49 46
48 44 44 46 44 63 112 128 127 130 109 63 56 67 111 145 117 93 64 65 47 48 49 50 47 49 45
48 45 44 45 47 57 112 143 138 159 119 82 60 64 108 149 128 104 96 66 53 51 53 52 50 45 48
43 41 44 46 46 48 87 128 124 141 108 89 65 69 108 170 156 130 132 70 56 55 67 65 51 48 50
43 40 45 50 46 49 75 104 99 117 96 89 66 70 89 173 136 162 97 89 64 63 57 66 49 47 47
45 50 47 50 50 46 78 124 114 154 136 160 123 98 104 156 232 225 188 120 72 64 57 52 51 48 47
44 50 48 48 53 46 64 113 106 118 130 153 168 144 138 138 175 146 131 94 67 56 52 49 51 45 47
43 46 52 48 56 46 48 79 76 95 112 145 146 155 155 131 147 113 109 87 75 53 51 49 51 47 47
42 47 55 76 50 47 49 69 67 103 122 158 186 186 183 150 154 123 112 84 72 55 52 49 53 52 46
44 51 54 71 49 46 51 85 76 118 155 163 207 185 207 160 166 118 115 100 86 56 56 54 60 54 48
43 50 48 51 49 44 50 70 64 110 153 154 204 211 210 127 140 103 97 91 74 55 54 57 57 49 50
44 44 50 45 47 46 46 52 56 88 128 125 163 157 132 108 125 88 91 80 64 59 61 52 63 48 45
43 45 46 45 46 43 47 55 50 62 111 119 139 140 110 95 84 69 73 64 55 58 56 53 86 53 44
43 45 45 43 45 44 46 47 44 54 95 92 107 93 80 67 64 60 56 57 52 55 58 56 92 59 46
43 44 44 44 46 44 43 45 50 46 69 78 79 63 62 55 54 52 59 55 52 52 52 66 93 59 46
42 43 45 44 46 45 46 50 46 44 51 58 62 65 63 58 58 58 65 62 56 46 51 84 149 82 56
43 49 46 44 46 61 52 47 46 45 51 63 73 67 70 59 58 63 63 74 56 49 49 89 152 99 46
43 43 45 44 46 77 72 50 48 46 52 58 74 81 78 63 59 65 66 73 70 54 49 63 97 81 46
43 44 44 43 45 74 104 68 65 47 48 55 74 78 81 71 65 64 70 86 73 57 58 53 83 84 45
43 43 44 44 45 56 128 105 103 49 48 53 72 92 85 81 75 69 84 95 92 73 60 74 86 84 46
44 45 44 45 46 48 152 186 170 55 54 54 75 108 95 99 91 82 105 114 100 91 73 96 115 78 47
43 44 46 45 46 46 94 129 121 59 53 58 76 91 94 98 103 88 108 141 113 135 135 98 81 61 61
44 40 44 46 47 46 60 120 110 60 55 57 71 83 103 122 131 117 127 159 161 207 240 128 89 63 87
45 41 46 46 47 47 54 106 97 74 59 63 79 89 108 140 145 133 137 177 281 347 218 208 114 62 79
43 45 47 46 47 48 53 89 82 81 66 71 98 95 112 144 136 127 153 173 255 319 220 135 182 84 49
45 52 48 46 47 46 51 72 68 75 87 76 123 106 119 142 127 141 152 160 255 236 160 78 103 59 47
41 45 51 46 46 46 48 57 56 108 97 79 102 110 87 111 112 107 114 142 223 162 123 69 75 61 47
42 45 51 47 46 46 46 52 52 69 87 93 102 89 87 95 113 96 84 127 173 91 74 69 57 54 49
44 43 46 50 46 45 47 47 47 55 74 92 100 78 83 86 100 80 76 93 88 64 61 53 60 63 49
43 44 46 43 45 47 45 47 46 45 54 79 71 62 54 74 70 59 59 58 56 55 53 50 56 50 46
43 45 43 44 44 44 45 44 46 45 44 49 49 48 49 50 56 55 50 49 51 49 54 46 53 50 43
43 42 44 49 44 44 44 42 43 44 44 46 43 45 53 49 48 51 52 49 50 48 46 48 46 46 45
43 44 44 44 46 43 47 44 42 44 44 45 46 42 49 60 54 55 53 48 49 49 47 44 44 45 46
43 44 43 44 48 44 46 45 43 44 45 44 47 45 53 71 64 63 61 56 50 48 47 44 44 44 47
42 43 45 44 45 46 46 49 46 45 46 47 49 49 58 126 78 81 78 72 54 47 49 45 46 46 43
48 49 54 62 62 72 86 99 95 92 96 104 107 119 151 2965 190 173 159 143 116 109 91 77 77 60 51
47 45 47 50 56 56 56 56 51 51 57 53 55 67 87 170 93 104 113 98 68 68 53 54 48 44 46
48 44 52 63 63 61 63 55 56 58 54 56 59 69 86 126 109 123 110 92 68 74 60 59 51 46 51
44 42 56 74 67 61 62 58 57 54 54 59 63 67 91 124 127 152 112 84 70 80 63 59 53 45 47
43 44 47 65 64 60 63 58 54 52 60 59 58 59 73 115 121 131 98 68 65 66 61 62 51 45 46
44 44 44 55 56 55 57 54 55 56 53 56 53 54 63 86 83 84 64 57 55 67 55 54 48 43 46
43 40 44 51 50 53 52 50 50 48 48 50 50 54 51 60 59 58 51 50 49 59 53 46 46 43 44
