44 46 44 42 44 43 43 44 43 44 47 44 44 45 46 50 50 43 44 44 43 43 44 43 46 47 44
44 43 40 43 45 43 47 44 42 44 44 44 44 42 66 67 70 51 44 44 44 44 42 44 47 46 52
42 44 42 43 49 43 44 44 42 43 44 43 45 46 57 130 198 52 46 49 46 46 46 47 56 65 53
42 43 44 42 44 46 44 45 44 42 44 44 45 45 53 142 323 51 44 47 48 48 49 54 111 171 55
42 43 44 43 44 43 43 46 44 42 44 43 44 45 44 89 137 50 44 46 44 48 52 52 122 253 55
42 42 43 44 43 43 42 43 48 43 42 43 44 44 46 53 66 48 43 44 49 45 44 47 71 96 51
43 44 44 40 44 48 44 42 44 42 44 44 44 46 47 59 57 44 44 43 44 45 44 47 59 86 51
44 42 41 43 45 42 43 42 43 44 44 43 43 46 46 58 54 48 44 43 44 42 44 46 47 70 53
42 44 44 42 44 44 44 43 43 44 44 44 47 46 48 72 49 45 40 43 49 44 44 56 49 63 48
42 43 43 44 41 44 49 43 42 43 42 43 50 46 49 93 59 44 45 39 44 50 44 45 47 90 54
42 43 44 43 42 43 44 42 44 43 44 46 46 44 58 104 74 45 46 45 45 45 46 46 55 123 86
43 42 44 42 44 44 43 44 43 44 47 45 47 44 78 114 99 49 46 46 46 46 51 48 70 152 133
42 43 42 44 44 44 44 43 44 43 44 44 43 46 108 109 118 66 47 47 49 48 52 50 100 153 176
43 44 41 43 47 44 43 43 43 43 44 42 46 50 102 104 115 77 49 47 48 48 50 56 114 150 154
42 44 48 44 43 44 44 44 43 44 42 44 50 45 107 123 155 98 48 48 49 50 53 55 116 142 138
47 44 44 44 43 43 44 43 44 41 44 49 46 43 94 118 161 83 53 46 48 49 49 54 97 133 125
43 47 45 44 44 42 44 43 43 44 44 44 45 49 64 109 125 67 51 45 47 50 50 57 103 138 140
43 47 44 44 44 42 44 43 43 44 42 44 48 44 51 90 105 51 47 47 44 46 48 47 72 112 90
40 43 46 43 45 43 42 43 43 44 44 44 44 45 48 70 90 48 46 45 45 46 44 46 59 99 66
43 43 41 42 45 42 43 44 42 43 47 43 44 43 44 54 69 49 45 44 48 45 43 46 47 62 49
42 43 48 43 42 43 42 43 44 43 44 46 44 44 46 63 68 47 47 45 43 44 45 49 50 62 48
42 43 41 43 49 44 43 43 42 43 44 43 44 47 45 56 75 52 48 50 45 44 45 48 49 64 47
42 43 45 41 44 48 43 43 44 42 43 44 44 45 51 82 100 73 50 45 47 46 47 54 61 75 54
43 43 44 41 44 48 44 43 44 42 43 44 47 48 63 104 96 93 56 49 53 52 49 60 82 127 64
42 43 44 44 42 44 49 44 43 44 43 44 47 46 75 113 102 103 75 54 51 56 53 72 117 156 83
43 43 44 43 44 44 43 44 47 44 44 46 44 45 100 127 129 109 103 58 51 60 55 83 116 124 106
43 44 43 44 44 43 44 44 43 46 44 45 46 43 98 118 119 91 95 72 52 70 58 84 102 101 100
42 43 44 44 44 44 47 44 44 44 43 45 47 48 97 161 144 119 122 84 57 91 76 99 111 123 113
41 44 43 43 45 44 44 45 44 45 46 44 45 46 81 119 126 118 97 76 54 62 67 82 72 94 91
41 43 44 43 44 41 44 46 44 44 58 51 46 45 59 100 90 91 106 84 71 63 73 64 73 87 81
43 42 44 43 44 44 43 44 45 44 47 47 46 47 57 89 93 112 121 122 122 110 101 97 118 119 87
43 43 45 45 44 46 45 43 44 44 44 48 46 47 63 114 104 128 125 159 151 138 140 142 161 150 118
43 44 45 44 46 44 43 44 44 44 45 45 49 51 52 86 95 124 122 145 136 129 137 140 141 172 120
43 41 44 44 42 44 46 44 43 44 45 47 50 44 51 94 96 111 132 136 133 142 140 140 154 166 127
47 44 46 45 43 44 44 43 44 42 46 53 50 46 52 87 94 102 132 124 132 193 134 144 164 136 126
43 44 44 44 44 44 45 44 43 43 46 47 49 49 50 66 85 89 106 109 104 174 157 151 166 116 120
43 48 44 43 44 42 43 44 43 44 46 49 50 46 46 57 68 76 91 93 83 142 149 144 96 89 94
40 44 49 44 44 44 44 44 44 44 49 58 48 45 49 54 65 85 81 92 81 136 147 167 99 83 66
43 43 40 42 45 43 44 44 42 44 59 66 50 46 45 53 57 67 86 87 81 124 176 168 95 84 71
42 43 47 45 42 44 49 45 43 44 54 77 61 46 48 56 69 78 92 108 95 125 238 226 143 100 64
43 44 43 44 48 44 43 44 43 44 55 94 81 51 49 59 71 81 106 128 103 133 178 323 138 89 63
43 43 45 42 45 48 45 44 44 44 48 105 92 49 50 61 73 89 126 139 122 163 234 364 137 86 61
44 43 45 48 45 45 45 44 44 44 46 92 93 50 55 63 80 101 150 165 138 204 261 360 134 77 60
43 44 44 45 46 45 47 45 43 44 46 88 83 48 51 68 89 103 152 176 156 247 279 336 140 89 58
45 42 45 46 45 45 43 44 49 44 46 75 81 55 54 75 117 139 182 186 175 299 304 314 150 103 64
44 45 44 46 46 45 46 44 45 49 46 74 85 64 58 96 129 155 197 228 238 343 326 331 265 126 71
44 45 46 46 44 46 50 45 44 45 46 69 87 70 64 117 125 150 203 216 275 364 376 325 295 137 81
43 44 46 46 46 44 45 49 45 45 46 61 95 76 68 121 131 154 197 233 264 325 294 246 216 132 79
43 44 46 46 46 43 45 50 45 44 46 58 86 81 67 108 117 142 163 206 263 300 254 200 371 139 84
43 42 45 50 45 44 44 43 44 45 45 56 97 84 78 100 106 133 159 187 184 203 194 147 174 108 72
43 42 44 45 44 44 42 44 49 44 44 51 75 78 83 95 93 108 133 141 114 141 151 103 101 85 62
43 42 47 44 44 43 42 43 44 43 45 44 52 71 70 72 66 71 88 74 66 92 82 63 70 76 50
43 43 49 44 43 44 42 43 44 43 44 43 47 52 61 50 50 51 57 49 50 59 54 49 54 52 46
49 43 44 44 42 43 44 43 44 41 44 48 45 43 47 45 45 45 49 43 46 51 46 44 48 47 46
44 44 48 44 43 44 42 43 44 43 44 46 44 45 46 44 44 45 51 44 45 46 44 45 51 46 53
43 47 44 43 44 43 43 44 43 44 46 43 45 44 43 44 44 44 44 48 42 44 45 43 46 45 45
43 43 44 46 45 45 44 42 43 44 44 44 47 44 46 46 44 44 46 47 45 46 47 44 48 44 44
44 44 42 50 49 45 48 44 42 43 44 44 45 43 47 54 46 48 50 52 48 49 47 46 49 48 46
42 44 50 53 49 49 49 46 50 44 43 45 45 46 51 51 50 54 56 56 52 52 50 50 51 48 46
43 43 59 62 60 53 53 49 46 45 48 45 48 54 56 59 61 61 65 65 56 58 54 52 54 51 44
43 43 63 72 62 60 55 53 48 46 48 48 49 49 58 70 68 71 69 60 57 63 56 57 55 53 47
43 41 60 71 62 58 56 52 48 46 47 50 49 50 58 72 71 78 66 58 57 62 59 57 59 51 45
43 42 56 62 57 55 51 53 47 47 47 50 49 50 49 64 62 69 54 51 51 58 55 55 51 48 49
43 43 52 55 50 52 46 49 50 46 45 47 46 46 48 50 58 56 48 48 46 52 52 50 50 44 45
