43 42 43 43 44 44 42 46 50 48 62 55 55 59 72 64 54 45 47 44 42 43 48 44 42 43 42
43 44 38 43 49 44 44 46 44 45 61 88 95 88 85 73 48 44 44 43 45 41 44 48 44 43 44
41 44 50 44 46 46 46 49 50 49 55 107 308 754 120 62 48 45 44 45 44 46 42 43 44 44 44
41 45 49 44 44 45 45 46 47 47 53 121 130 478 90 56 48 44 45 43 46 46 44 45 44 42 44
41 43 43 44 45 44 45 46 45 47 50 144 88 93 56 51 45 44 44 43 44 45 44 41 43 44 44
43 41 44 50 45 43 47 45 46 47 58 153 117 59 52 47 44 42 44 43 44 45 43 44 42 43 46
44 43 45 44 46 46 44 49 51 54 91 119 71 50 49 47 46 44 46 44 44 43 44 43 43 44 48
44 43 42 45 46 46 47 50 48 73 162 141 64 47 45 46 44 44 44 44 44 44 44 44 41 43 46
42 43 44 44 44 46 48 53 58 100 164 120 54 46 46 46 44 45 40 46 51 44 43 44 44 44 44
42 44 42 44 50 46 53 56 76 112 174 109 51 45 47 50 44 45 46 47 45 45 44 42 43 44 43
42 43 45 43 46 50 52 69 92 127 138 106 48 46 45 46 45 46 41 44 48 44 46 44 42 43 44
42 43 43 44 47 49 56 79 121 137 131 90 49 46 47 47 45 50 45 45 45 43 44 43 44 44 41
42 45 45 42 46 47 52 83 104 108 109 74 47 46 45 45 43 44 48 44 46 44 43 44 43 43 44
43 44 44 46 47 46 58 88 123 101 91 63 53 46 45 46 42 44 49 44 46 46 43 43 43 43 44
43 42 44 44 45 46 47 81 104 83 72 49 45 44 46 45 46 44 45 42 44 42 44 48 44 44 44
44 43 44 44 45 46 50 74 85 76 57 48 44 44 44 44 45 44 44 40 44 44 44 47 44 42 43
41 43 47 44 46 44 49 64 76 61 49 44 45 44 44 45 43 42 47 44 43 44 42 43 47 44 42
42 42 46 43 45 46 55 76 81 49 48 49 45 43 44 44 45 42 45 44 44 44 43 43 46 44 42
42 42 44 42 45 46 48 70 72 49 50 45 43 44 44 44 43 44 44 44 42 44 48 44 42 44 42
42 44 40 43 45 55 62 91 71 54 48 46 45 44 50 45 43 45 44 44 44 44 48 43 42 43 43
42 44 41 45 50 50 73 93 91 67 51 45 46 50 46 46 43 44 45 44 46 42 44 48 44 43 43
41 52 50 46 48 55 115 135 135 112 68 53 49 47 52 50 49 48 44 44 46 44 46 41 43 49 45
47 46 46 48 52 60 157 163 172 153 101 64 53 50 62 67 59 53 56 45 46 46 44 45 41 46 50
43 48 47 51 56 88 172 181 197 184 126 70 61 56 87 87 71 70 64 54 49 46 46 48 41 44 48
44 44 48 57 59 97 207 200 228 200 162 84 64 65 113 106 82 74 76 71 61 50 46 46 46 44 45
45 45 47 50 56 97 138 211 213 162 147 93 60 68 140 126 101 78 78 72 65 63 48 46 43 44 49
44 48 44 49 52 85 143 154 175 138 130 104 61 76 131 125 86 77 75 80 80 84 50 42 44 52 44
44 47 46 51 68 105 159 214 224 215 240 193 96 83 125 143 124 111 106 83 90 105 64 47 43 44 45
44 46 45 50 64 93 126 219 196 187 193 178 149 97 103 117 100 88 80 71 67 65 56 46 44 46 46
47 45 46 48 53 78 116 169 143 148 177 152 134 93 87 95 82 74 74 61 55 55 51 45 44 42 44
50 53 64 69 100 160 249 381 388 372 4071 310 217 159 147 168 126 111 101 92 76 78 64 54 50 50 48
44 46 49 48 56 68 103 180 194 175 224 191 171 168 92 111 84 71 72 64 56 55 48 48 46 45 45
45 46 47 48 56 66 104 170 197 180 191 221 152 158 102 138 86 87 82 68 59 59 54 49 45 44 44
44 45 47 49 52 61 102 132 144 166 151 184 135 96 88 98 73 68 67 63 57 57 51 45 46 44 44
44 45 47 47 55 64 102 198 143 179 157 169 112 73 86 97 70 71 72 57 55 60 49 47 44 42 44
42 44 45 46 53 59 80 153 127 155 117 102 64 61 76 73 64 61 61 54 50 54 52 46 46 45 42
43 44 45 46 46 54 72 111 93 92 82 65 52 51 60 58 58 53 54 50 47 52 54 46 45 45 42
42 42 46 45 49 60 87 110 107 91 77 59 49 50 57 56 56 56 53 49 51 50 55 47 43 45 43
43 44 45 46 50 60 89 107 111 109 87 63 52 50 56 57 56 54 54 47 48 50 53 51 42 47 49
44 44 49 47 52 63 90 131 136 117 93 68 51 53 58 56 57 52 56 52 47 49 57 54 46 44 44
43 44 47 49 54 69 103 166 157 134 104 76 60 59 59 60 56 53 52 52 50 49 61 57 44 47 44
48 46 46 50 57 78 120 205 188 171 143 94 71 59 62 64 59 54 58 52 53 54 59 61 42 44 48
44 51 48 51 62 92 144 219 234 196 155 101 79 68 65 63 61 55 61 54 54 59 59 49 45 44 47
44 51 50 54 67 103 183 250 273 232 188 144 95 68 64 67 64 57 61 58 56 62 58 46 49 45 44
45 47 48 55 65 121 197 231 265 221 210 147 98 73 72 74 69 62 67 63 61 70 55 46 48 44 44
45 47 48 59 70 137 209 241 258 237 182 146 114 72 78 84 71 66 67 67 69 75 60 43 45 49 45
44 47 48 59 82 178 222 250 212 232 171 128 112 74 79 76 69 66 74 67 78 74 50 47 43 44 45
44 47 53 65 156 242 215 248 202 192 151 121 105 81 82 78 72 71 70 77 69 56 48 45 44 45 44
44 47 56 75 202 281 218 248 233 226 154 104 86 71 73 77 72 66 72 63 56 53 47 46 45 44 44
46 47 60 99 189 266 238 225 205 168 128 82 67 63 70 70 69 61 62 54 55 51 46 47 48 44 46
48 66 56 128 220 271 288 286 252 158 122 93 65 60 64 66 60 53 54 51 51 51 48 44 44 45 42
46 47 63 130 253 281 331 247 210 133 95 73 64 54 58 57 57 51 53 50 50 50 50 45 45 42 45
44 46 54 100 176 186 209 142 133 105 72 60 53 48 51 52 49 49 49 50 48 47 46 45 44 44 44
42 46 49 82 81 74 88 74 78 69 56 49 47 45 46 47 45 44 44 39 45 50 44 44 44 42 43
43 46 47 61 68 68 69 74 72 69 58 48 46 46 45 46 44 43 44 45 45 42 44 44 43 43 44
42 50 50 58 75 95 82 78 74 72 58 49 48 46 46 46 45 43 43 46 43 45 49 44 43 44 42
43 48 53 69 106 133 103 90 92 81 68 55 48 46 48 47 46 46 44 46 49 46 46 44 42 43 44
45 47 69 81 99 114 113 100 93 87 72 59 47 48 52 49 46 46 44 46 51 46 46 44 44 43 45
47 50 115 95 102 105 118 106 101 92 74 60 53 50 52 49 54 48 47 48 47 48 46 45 47 43 44
46 53 112 100 102 105 124 128 107 92 79 64 58 55 54 55 53 53 51 50 51 56 48 48 44 45 44
58 60 107 95 85 92 94 100 89 80 68 64 57 49 54 58 54 54 60 49 52 58 49 48 44 43 46
47 71 95 84 78 76 85 93 75 66 65 62 56 51 55 59 55 61 58 48 51 58 50 46 48 44 45
46 65 81 69 66 64 76 72 66 59 61 56 54 50 51 57 53 56 48 48 49 55 51 46 48 44 42
45 47 53 54 57 56 70 62 58 53 53 51 49 47 46 50 48 46 46 46 47 54 52 46 46 44 42
