45 43 43 44 43 43 44 46 51 110 109 68 47 44 44 44 44 43 45 44 76 62 48 43 44 42 43
43 40 44 44 46 43 46 56 60 315 387 63 50 48 48 49 47 49 49 49 104 146 59 50 42 44 49
43 43 44 44 45 44 44 46 60 145 113 58 48 44 46 45 43 45 51 48 134 318 54 44 49 45 44
43 44 44 42 44 44 44 45 51 61 67 47 46 44 43 44 45 44 44 50 89 168 53 42 43 49 44
44 43 43 43 44 44 44 42 46 53 47 45 50 44 43 43 46 43 44 48 63 74 55 41 44 49 44
46 43 45 44 42 43 45 44 47 51 47 50 44 42 44 43 41 43 44 43 63 55 49 50 43 43 44
43 41 48 44 42 44 45 45 54 63 44 44 45 44 44 44 41 43 44 44 66 49 45 49 43 42 44
43 42 44 44 45 42 44 44 72 87 46 45 45 43 44 43 42 43 45 48 72 59 48 45 48 43 42
41 45 44 44 45 45 45 49 90 90 47 45 45 44 45 43 47 45 46 57 94 74 45 41 44 48 44
46 44 44 44 43 43 47 64 98 87 54 50 46 44 45 44 44 44 48 61 110 96 44 44 41 43 49
43 45 44 46 45 43 46 101 116 103 58 46 46 46 46 46 42 46 47 101 132 136 49 44 44 42 44
43 44 44 44 49 45 44 118 121 105 71 46 47 51 46 46 49 47 62 164 136 140 47 44 44 46 44
44 46 46 44 46 44 44 103 97 93 67 45 46 50 46 47 43 48 124 175 122 143 46 44 44 44 44
42 46 43 44 45 43 45 102 108 86 63 47 46 46 46 47 46 52 133 158 122 127 49 45 43 44 48
42 43 44 44 45 44 46 74 96 70 55 46 46 46 43 46 45 47 105 152 111 91 52 50 45 42 44
42 43 45 42 45 46 49 60 91 77 50 46 45 46 43 46 45 48 77 126 93 64 48 44 42 43 44
43 44 46 44 44 44 46 58 79 64 46 45 45 44 45 42 45 47 62 102 68 46 44 44 46 44 44
42 44 44 45 44 44 48 62 72 76 46 46 46 45 45 43 46 58 69 101 57 47 48 46 44 42 43
41 45 43 43 45 43 46 52 79 71 50 44 45 45 46 47 45 58 99 85 55 45 46 44 44 44 43
44 43 44 44 44 44 45 59 98 86 58 51 47 45 46 48 47 61 108 75 49 47 45 43 44 44 44
44 43 44 46 46 42 48 90 105 123 71 51 52 48 46 55 62 108 100 64 55 46 47 45 44 44 44
42 46 44 46 47 48 56 119 148 140 108 61 51 51 55 68 102 168 134 97 53 46 48 46 43 45 42
44 44 46 48 48 52 64 126 175 162 149 80 55 56 66 80 132 175 161 129 60 50 48 47 44 44 46
43 46 46 47 50 50 77 131 193 190 149 96 63 58 62 104 126 140 143 109 62 50 50 46 44 48 44
49 50 47 49 50 50 82 140 182 188 152 121 63 57 75 114 131 155 136 125 66 48 50 54 44 44 44
44 44 46 49 54 49 81 131 150 149 135 102 64 57 81 129 138 142 136 116 62 48 50 53 44 43 44
44 42 45 52 120 71 79 103 132 111 111 87 61 57 73 116 138 102 123 126 68 47 49 48 44 44 42
42 46 47 50 67 56 72 141 183 144 177 102 72 97 99 136 182 136 157 130 69 52 69 55 42 44 49
43 47 47 52 52 50 74 118 140 171 132 111 107 162 144 151 124 117 98 91 52 51 57 68 45 42 44
44 44 46 48 52 52 58 97 94 141 111 127 113 142 134 156 99 96 78 64 47 49 52 50 44 42 44
42 45 51 52 52 50 62 92 96 139 138 146 125 184 137 172 123 111 75 60 49 49 53 49 44 48 44
43 49 51 57 51 51 66 103 127 148 145 155 129 221 170 206 131 111 83 58 51 51 55 50 44 49 45
43 49 45 52 52 47 66 112 123 137 151 136 110 185 162 187 120 96 88 54 50 50 53 52 42 44 49
43 53 52 52 48 48 63 105 129 125 124 98 96 118 126 124 101 94 88 49 49 48 50 49 41 44 49
43 46 47 49 48 51 52 94 112 116 93 81 84 91 102 105 82 85 64 48 53 47 50 48 42 43 44
43 43 50 60 47 46 54 60 79 91 76 79 90 79 76 94 70 73 52 48 42 46 55 47 45 44 42
43 44 63 113 54 45 54 51 62 75 68 65 80 72 66 81 61 63 50 42 45 50 52 56 45 42 44
42 48 55 113 69 47 47 54 60 79 75 74 78 75 70 99 71 64 52 47 50 46 57 58 44 44 45
46 50 64 141 89 52 49 58 74 91 93 96 76 79 74 96 74 65 54 52 48 47 161 163 59 45 44
44 52 88 138 108 48 49 55 86 100 113 104 88 78 74 110 76 71 55 48 48 50 161 204 46 43 45
43 51 72 168 103 53 50 58 87 101 95 118 99 98 84 109 79 66 56 51 49 49 226 308 46 44 43
44 45 59 127 87 53 50 60 86 104 132 118 103 91 84 98 71 64 54 50 48 52 309 338 50 44 51
44 48 53 101 117 53 50 65 100 118 132 113 112 101 82 98 81 69 54 53 49 60 200 213 47 49 45
49 46 48 86 96 62 58 76 97 115 135 162 132 120 88 98 90 69 55 50 51 76 177 161 46 46 45
44 54 50 75 91 77 61 102 101 121 151 160 149 139 111 120 115 80 59 52 52 124 162 89 45 44 44
43 48 51 63 105 92 58 103 131 134 143 186 189 164 138 145 125 91 65 55 59 155 151 63 48 45 45
44 46 47 63 106 98 75 115 107 121 155 159 188 164 166 140 110 95 72 52 79 157 118 55 44 44 45
43 45 48 56 87 105 93 120 101 134 162 152 190 160 143 170 152 121 75 66 121 133 72 56 45 44 44
43 46 47 53 83 110 107 106 93 134 156 139 164 134 113 137 126 93 83 92 106 72 56 52 47 43 45
41 46 55 52 56 97 85 92 93 102 131 131 139 133 106 125 116 79 92 113 119 57 53 50 44 52 44
43 43 47 50 50 71 71 94 87 86 112 117 105 104 101 108 84 89 87 101 72 50 51 46 44 49 45
43 46 51 46 46 48 55 59 63 75 85 96 97 79 83 76 66 75 65 60 49 51 48 45 44 43 44
43 39 45 50 46 44 49 52 54 63 63 70 70 62 64 62 54 50 51 46 45 45 45 46 41 43 48
43 42 45 42 45 52 51 47 49 52 52 55 53 51 56 53 46 46 40 44 50 44 44 44 42 43 44
42 43 44 46 43 45 54 47 52 58 51 54 48 47 46 47 45 45 46 44 46 44 42 43 43 43 44
42 44 49 46 47 50 54 48 53 53 50 49 50 43 45 51 44 43 45 42 44 47 44 42 43 43 43
41 43 47 46 58 65 57 60 66 61 61 59 51 47 47 47 48 45 47 46 44 44 44 44 44 40 44
44 44 45 51 62 68 73 64 75 78 70 63 53 49 49 49 46 47 46 49 46 44 46 44 43 44 42
43 44 57 64 70 69 79 78 80 92 83 69 61 59 53 52 48 50 50 48 47 52 47 45 46 43 43
42 44 75 81 76 72 87 94 88 96 87 77 66 63 58 60 54 54 52 51 49 52 54 49 46 44 42
43 47 78 75 72 70 71 81 85 87 77 76 63 59 61 64 54 55 56 51 52 52 52 49 45 44 45
43 58 83 76 70 67 72 76 78 68 71 70 65 54 58 66 61 60 54 50 51 56 52 53 47 45 44
46 59 76 67 62 61 66 72 65 60 65 64 58 51 54 58 50 66 49 48 48 56 55 49 46 44 42
42 47 63 55 54 56 56 60 55 52 56 57 51 49 49 49 47 53 46 44 47 58 52 46 44 42 43
