42 43 44 44 46 50 47 49 44 45 44 44 44 44 43 44 43 40 46 49 44 43 44 42 43 44 44
42 40 45 50 52 50 49 46 44 46 42 45 48 43 43 43 42 43 46 45 42 43 48 43 42 44 43
43 49 47 59 115 107 58 51 50 48 51 45 47 44 42 43 41 43 44 46 42 42 44 43 44 44 44
43 42 47 52 69 125 112 64 53 52 46 47 50 43 42 44 45 44 44 46 43 42 44 40 43 49 44
46 45 47 48 50 64 90 90 91 77 50 53 45 42 44 43 44 41 46 42 44 43 43 44 41 43 49
44 45 46 50 58 52 61 95 85 81 48 43 46 50 44 42 42 42 43 43 44 41 43 48 44 43 44
45 44 49 47 49 54 61 146 154 61 50 53 46 45 44 42 43 43 44 42 44 47 44 42 43 42 43
44 41 44 45 48 51 64 145 106 61 50 46 46 42 43 44 43 42 44 41 44 46 44 46 44 43 44
44 46 46 46 49 61 92 150 63 52 46 46 43 44 43 44 43 43 44 44 46 42 43 44 41 44 49
44 46 47 51 52 87 167 123 62 52 49 46 43 44 47 45 43 43 50 44 43 43 42 43 44 41 44
45 49 49 61 73 182 206 152 76 56 54 48 46 48 45 44 43 43 46 48 45 43 44 42 43 44 43
46 50 53 56 97 262 216 150 76 59 55 50 47 44 44 49 45 44 43 43 44 43 44 42 44 48 45
46 53 51 59 170 261 171 110 68 58 53 47 46 44 44 44 43 47 46 43 44 43 44 44 44 45 46
47 49 57 76 211 206 183 100 65 56 56 49 46 44 44 44 43 46 44 42 44 42 44 44 43 44 48
46 51 57 144 224 218 176 80 63 54 53 49 46 44 41 44 44 43 40 43 46 44 46 44 42 43 43
47 52 95 204 194 231 130 83 63 56 51 48 46 43 44 45 43 45 44 44 41 44 44 44 46 44 43
46 51 132 207 196 130 108 62 58 52 48 46 46 44 44 42 43 43 44 41 44 46 44 46 44 42 49
43 54 112 132 102 90 69 53 49 51 47 44 44 43 44 44 43 43 44 43 44 44 43 41 44 46 44
43 58 209 107 93 73 60 54 49 49 47 44 44 44 44 44 43 42 44 45 44 46 44 42 43 43 43
45 57 138 112 89 78 59 52 49 47 45 45 49 43 43 44 42 44 44 43 44 43 44 47 44 42 44
45 59 131 137 97 103 73 59 53 47 48 46 44 44 41 44 43 42 43 42 44 44 43 44 44 44 46
49 64 129 141 131 128 113 80 60 53 51 48 43 44 49 44 43 44 41 43 44 44 44 44 44 44 48
50 70 300 161 160 179 187 116 84 64 62 53 46 44 45 44 47 44 44 47 45 44 45 41 44 48 45
63 67 121 162 185 223 216 188 152 86 70 62 50 44 44 44 44 43 46 42 44 44 44 45 46 44 45
62 92 142 181 212 305 299 270 231 147 88 70 54 44 45 44 42 44 46 46 46 42 45 49 45 44 44
59 78 91 166 210 398 330 287 274 186 115 72 55 46 48 45 44 43 45 45 45 45 42 45 50 45 44
58 73 89 123 170 304 382 278 277 203 166 94 57 46 44 45 44 43 45 44 45 45 43 45 49 45 44
64 89 82 133 184 336 420 374 377 314 262 167 72 48 46 46 45 44 50 46 46 45 44 45 45 46 46
59 73 78 109 150 226 324 303 295 326 227 154 81 47 47 45 44 44 50 45 45 44 44 44 45 45 46
54 66 64 64 108 135 199 208 209 285 241 158 92 53 44 45 44 44 44 49 45 44 45 42 44 44 44
54 67 59 63 76 109 164 223 187 277 287 182 109 59 45 47 47 44 44 44 44 44 45 44 44 46 45
52 68 57 58 65 88 131 190 220 198 229 175 141 64 44 44 43 48 44 44 45 43 44 44 44 44 44
51 63 56 53 60 76 95 147 231 171 204 153 145 61 44 44 43 44 44 42 44 43 44 44 42 44 49
50 56 60 51 57 69 102 108 148 201 200 158 119 50 44 43 44 43 46 44 43 44 43 43 44 42 44
49 55 53 53 58 68 113 139 124 174 186 167 97 49 43 44 43 44 40 43 49 44 44 43 42 44 44
47 54 51 51 55 68 92 101 107 129 196 145 81 45 44 47 42 43 43 38 44 48 44 43 44 42 44
45 51 53 49 59 69 85 108 91 104 99 81 69 46 44 44 43 43 43 39 43 42 44 41 43 49 45
49 54 54 52 59 81 92 112 116 103 96 93 63 45 44 43 41 43 43 43 45 41 44 46 44 44 45
49 54 51 52 62 78 105 116 127 122 119 93 62 46 42 44 42 43 44 41 44 48 44 44 44 42 44
49 62 55 53 61 76 124 142 149 144 126 107 66 47 43 43 42 43 42 43 49 44 44 44 42 43 45
52 59 78 57 63 84 124 194 184 166 141 110 70 46 44 44 43 44 44 43 44 42 44 44 40 44 46
53 64 69 63 65 83 118 207 204 182 157 108 70 46 44 44 46 45 44 44 46 44 44 43 44 44 44
51 71 58 80 71 81 107 185 190 160 152 104 70 43 44 48 42 43 44 43 45 44 44 44 44 44 44
58 103 78 72 72 84 102 167 180 165 138 122 69 44 44 44 42 43 45 44 45 43 46 48 45 43 44
80 381 182 137 96 99 113 168 170 161 145 117 63 46 49 45 44 42 45 44 44 45 46 44 44 45 45
194 372 194 206 159 138 129 164 159 157 135 108 64 46 47 45 44 44 46 45 43 45 50 45 45 46 44
309 360 148 162 189 181 181 180 151 148 136 91 63 46 44 45 45 44 47 46 44 45 51 46 44 46 46
264 267 98 129 174 211 216 262 240 156 145 118 59 47 49 46 44 45 47 45 45 45 46 45 46 43 45
217 128 80 85 155 220 254 330 312 248 193 126 66 51 45 44 43 45 44 47 46 44 46 44 46 46 43
85 78 67 73 103 190 263 300 279 225 204 113 63 44 45 49 45 45 44 46 46 43 45 45 46 45 44
67 79 71 79 91 177 320 359 378 270 203 102 64 47 49 45 44 45 45 43 46 44 45 46 43 45 50
73 87 78 79 94 133 264 458 566 324 187 108 70 47 46 46 44 45 46 43 46 45 46 46 43 45 49
65 82 70 78 83 108 182 383 489 240 122 90 71 52 45 45 43 44 44 45 44 45 50 45 44 45 44
46 57 50 47 55 52 63 65 83 74 56 50 46 45 42 44 42 43 42 43 47 44 42 43 44 44 45
48 57 56 54 95 62 58 56 63 61 55 48 47 42 44 49 43 42 44 38 44 48 45 43 44 43 45
47 117 65 103 113 87 67 59 57 57 54 50 45 44 44 41 43 43 44 42 44 46 44 43 44 43 46
51 78 100 101 115 129 82 71 61 55 55 49 46 44 42 44 43 43 44 48 45 42 44 42 43 45 44
55 150 123 96 109 98 82 72 61 57 56 51 47 45 44 43 44 46 45 47 46 43 44 42 44 44 45
60 166 139 106 101 88 78 69 60 56 59 52 46 46 44 46 44 46 47 46 50 48 46 44 43 43 49
104 103 145 107 101 81 80 68 66 58 55 55 46 46 47 50 49 46 50 48 46 48 58 46 45 44 45
62 81 139 101 82 74 66 63 62 55 52 54 47 45 48 51 52 48 53 48 49 48 51 51 46 45 45
54 101 120 92 76 68 64 67 59 57 54 54 48 45 50 53 54 52 57 47 49 53 51 50 51 46 44
50 94 100 79 65 62 62 59 56 56 52 50 47 44 49 50 49 51 47 45 48 54 54 53 50 42 45
45 55 64 58 56 56 54 51 50 47 47 47 42 44 51 46 46 46 44 44 47 49 53 56 47 43 45
