42 43 44 44 44 44 44 46 52 84 78 61 46 44 45 44 43 44 44 44 63 50 46 44 46 44 42
42 43 45 44 46 45 43 49 55 225 273 56 49 51 46 46 45 46 47 45 86 76 54 48 44 42 44
45 44 46 44 44 44 44 45 61 206 123 55 49 46 46 45 45 45 51 53 104 246 55 45 44 42 44
46 44 46 44 43 44 44 44 49 76 59 53 46 45 45 44 45 45 48 47 86 257 50 45 42 43 49
42 44 47 46 45 42 44 43 45 64 48 45 50 44 43 44 39 44 45 47 57 94 51 45 44 44 41
42 46 44 46 45 42 44 43 45 60 44 45 50 44 42 43 43 42 44 44 54 66 46 46 48 44 43
43 42 43 44 45 45 44 44 52 67 44 44 44 43 44 41 48 43 43 44 60 58 46 45 43 43 44
43 44 40 44 43 44 42 46 62 77 48 45 45 44 42 43 42 43 44 45 63 53 42 46 43 44 48
42 43 43 44 44 45 43 49 81 88 50 45 50 44 45 44 44 43 46 47 80 67 44 45 42 44 44
42 42 43 44 42 44 53 53 94 84 53 44 46 43 45 48 45 44 45 62 102 87 44 43 43 44 42
43 43 44 42 45 49 49 76 104 97 62 46 44 45 49 46 44 44 47 84 127 125 46 44 42 43 45
42 43 44 44 45 42 47 96 113 97 71 46 46 46 44 46 45 49 58 137 131 121 47 45 43 44 47
44 44 45 43 45 45 46 87 103 89 72 48 45 45 46 46 43 48 108 157 125 132 45 44 44 43 44
42 42 45 44 45 44 45 80 108 85 65 48 48 46 44 46 45 48 130 166 121 118 45 44 44 43 44
43 42 44 44 44 44 44 61 100 79 59 47 46 45 46 44 46 46 117 178 115 114 52 48 44 42 44
42 44 43 43 45 44 44 48 92 80 55 46 44 44 46 45 46 47 102 143 103 74 47 44 44 42 43
41 43 44 43 45 41 44 50 70 64 48 44 45 45 44 45 48 47 78 128 76 49 49 44 44 44 43
43 42 43 43 44 44 42 46 63 66 47 45 45 43 45 46 44 62 83 97 58 45 52 44 43 43 42
42 42 43 43 44 44 43 49 59 57 45 44 43 44 45 44 44 54 89 85 57 44 45 44 41 44 44
42 43 46 44 45 44 44 46 59 62 47 45 45 44 44 45 44 54 91 66 53 44 43 44 42 43 44
41 44 48 44 44 44 44 50 76 91 53 45 46 45 46 44 54 70 80 55 47 44 44 43 44 44 43
42 44 44 44 43 45 52 62 89 112 76 50 48 45 49 51 66 99 94 65 47 45 45 44 44 41 44
47 44 44 45 44 45 46 76 115 108 101 64 49 47 52 59 87 112 128 80 49 47 45 46 41 43 50
43 48 45 46 47 45 48 83 136 147 117 73 57 52 53 79 88 108 119 86 52 46 50 46 44 44 41
43 51 51 46 48 46 50 98 141 159 136 102 64 55 59 91 107 138 113 97 52 49 44 48 50 44 43
44 43 45 45 48 45 51 107 133 127 134 93 61 56 64 104 114 130 120 99 55 48 46 49 46 44 46
43 44 43 46 49 48 56 92 112 101 109 82 56 55 66 104 123 86 110 112 59 46 46 49 44 46 44
45 66 78 48 52 50 61 103 162 153 175 110 76 78 91 136 179 140 136 126 77 51 49 51 45 45 45
49 52 58 49 53 50 56 110 125 159 141 131 96 122 139 157 125 116 96 99 55 48 48 51 45 45 42
44 44 46 50 50 56 55 101 103 144 132 127 143 134 142 154 101 103 85 71 54 50 45 52 45 44 44
44 44 47 51 51 52 63 91 123 159 141 158 141 181 141 172 127 121 89 65 50 50 49 55 43 44 49
45 46 47 52 52 52 63 117 150 168 148 165 155 218 171 209 136 119 104 66 50 51 50 56 46 43 45
44 52 48 51 55 49 72 109 137 163 156 163 149 206 168 192 128 118 99 63 50 51 50 56 46 42 45
43 45 48 49 50 49 57 89 103 126 130 134 156 165 144 125 98 96 91 59 50 48 48 51 45 44 42
43 46 47 49 49 49 50 96 115 124 105 117 111 123 131 119 89 104 76 45 49 53 47 51 44 43 44
41 45 50 50 48 45 53 65 71 91 76 79 100 87 79 97 66 69 52 47 44 45 51 48 44 44 42
43 46 62 63 48 46 51 51 55 78 67 63 73 64 59 77 59 57 45 46 44 44 50 48 43 44 42
43 45 73 108 60 49 46 51 58 60 60 63 66 58 59 80 60 58 47 46 51 44 47 59 51 43 44
43 46 80 142 82 52 49 49 57 63 66 76 63 61 63 76 62 57 49 46 50 45 54 112 74 44 44
42 45 73 182 124 52 47 49 56 65 75 89 66 64 65 81 63 56 51 43 46 51 88 227 91 42 43
48 44 66 196 165 53 48 50 57 73 83 90 72 70 68 84 67 57 50 45 46 47 113 351 81 44 44
45 47 56 159 154 63 49 51 67 94 98 89 93 89 75 92 68 60 56 46 47 53 191 690 77 45 45
44 48 51 113 140 81 49 55 69 93 118 103 109 111 81 94 78 64 56 47 48 61 150 885 64 45 45
46 48 47 74 150 80 49 58 71 94 119 138 121 112 82 89 84 63 52 49 48 69 138 156 53 48 43
43 47 46 73 115 99 52 75 92 96 121 138 128 116 102 110 104 71 53 49 50 106 137 90 51 45 45
43 45 47 68 119 106 59 112 116 122 114 148 151 129 121 128 113 82 62 52 63 130 121 71 52 45 45
43 45 54 53 115 103 82 133 138 150 136 134 154 135 152 150 150 105 67 55 92 132 105 63 45 44 45
42 46 52 53 93 100 96 131 142 153 160 144 184 158 152 201 231 139 83 76 101 114 63 60 47 45 43
44 45 47 55 72 108 111 119 133 137 154 139 154 135 122 149 138 101 89 84 104 78 52 56 46 45 44
44 46 46 54 54 93 94 98 110 97 126 122 122 123 115 120 113 83 84 95 96 54 47 53 49 49 43
43 44 45 47 49 61 67 87 88 80 98 108 92 95 95 86 77 80 78 83 54 48 47 50 44 45 41
44 44 45 45 48 48 51 56 63 70 73 80 75 70 74 64 63 63 56 52 45 45 46 46 44 44 44
42 46 42 44 46 46 49 49 55 69 58 62 63 56 58 56 50 58 48 46 46 43 44 45 44 43 45
42 44 44 45 46 52 56 51 50 56 51 53 55 47 52 56 46 46 46 43 45 47 45 43 43 43 44
41 43 46 51 49 46 51 56 59 65 58 56 50 48 45 46 48 46 42 45 44 44 49 45 42 43 43
43 45 54 50 50 57 60 51 68 73 61 59 53 47 47 48 46 46 43 45 45 44 48 46 42 43 43
43 52 49 48 65 83 71 63 85 80 75 72 55 49 51 47 46 47 47 46 50 46 44 46 42 43 44
46 45 50 55 71 79 81 74 87 86 78 74 60 54 54 51 47 47 50 47 50 46 44 47 44 43 46
44 45 68 67 76 77 88 82 91 96 86 80 63 61 58 55 52 51 52 48 48 54 47 48 47 43 44
48 45 72 81 79 80 92 95 91 103 95 81 68 65 61 64 58 57 57 49 51 52 50 57 46 44 44
43 48 68 75 73 70 74 79 80 90 78 76 64 59 62 68 57 56 62 53 51 57 50 53 51 44 43
43 51 65 74 67 68 74 75 74 69 72 72 63 55 60 68 58 60 64 51 50 57 50 51 54 44 43
43 46 59 62 58 61 66 72 65 59 71 63 56 52 56 61 51 66 52 50 46 56 61 50 46 44 42
43 44 44 50 57 54 57 63 54 53 55 55 51 48 45 51 47 54 46 47 45 55 58 48 44 44 42
