43 43 44 41 45 48 44 42 43 42 44 44 43 44 48 44 43 43 44 43 45 44 42 43 46 43 44
42 44 40 44 49 43 44 44 43 43 46 43 44 42 44 47 41 43 43 43 46 42 43 47 44 44 44
41 44 46 43 46 43 42 43 44 43 46 41 44 48 44 43 43 43 44 44 45 43 43 44 46 43 43
43 43 44 44 44 44 41 44 49 43 44 44 43 42 44 43 44 42 43 41 45 41 43 48 43 44 44
44 44 43 43 44 43 44 42 44 48 44 43 44 42 43 44 43 42 48 42 44 44 43 43 43 44 44
43 42 44 48 45 44 44 42 43 43 44 44 42 43 48 44 42 43 45 42 44 43 43 44 40 44 49
44 42 47 43 44 43 43 44 44 43 46 44 43 43 44 44 41 43 50 44 44 44 42 42 44 44 44
43 44 47 43 45 44 43 43 44 44 42 44 49 43 44 44 42 42 44 42 44 43 43 44 43 44 43
45 43 43 44 43 43 42 43 42 43 46 45 45 44 49 43 42 44 52 42 44 43 43 44 41 44 49
42 43 44 44 44 44 42 43 48 45 70 65 46 45 45 42 43 52 92 52 47 48 44 42 43 43 43
41 43 44 44 45 42 44 48 44 55 72 93 53 47 44 46 45 59 116 113 53 46 49 45 43 44 43
43 44 44 45 46 45 46 43 45 88 141 179 73 52 50 52 51 59 360 192 111 54 48 45 45 46 42
43 48 45 43 45 43 44 44 44 114 120 117 71 50 46 48 46 56 168 142 117 63 47 46 44 44 44
44 44 49 44 45 44 44 46 44 91 103 80 59 49 49 47 45 49 73 121 118 56 48 45 44 44 44
43 42 44 43 44 44 43 46 46 80 135 72 51 47 47 46 50 51 66 139 123 62 62 47 45 46 44
47 44 43 44 44 44 46 46 49 85 215 179 59 59 53 52 52 51 73 293 213 78 63 53 46 45 45
44 45 45 47 50 49 48 46 50 87 447 471 88 73 66 67 71 82 109 672 494 167 66 55 55 50 50
44 46 46 46 49 49 48 49 49 73 666 682 83 73 69 69 76 78 100 473 565 115 60 54 55 50 47
43 45 44 42 44 44 44 44 41 56 91 88 54 49 48 48 47 51 63 72 68 79 58 49 46 44 42
43 44 39 43 50 44 44 44 42 51 61 53 54 48 48 45 44 46 54 61 54 63 58 46 43 43 42
43 42 40 43 50 43 44 44 42 49 57 50 52 48 46 47 42 46 48 59 53 49 51 49 43 43 44
40 44 49 43 44 44 42 43 44 45 54 47 52 49 46 43 45 47 44 56 47 49 44 43 43 42 44
40 43 51 43 44 44 42 43 45 45 57 47 51 49 47 44 44 51 46 50 47 44 45 44 42 44 42
43 41 44 48 44 44 44 42 45 45 56 47 47 47 51 46 44 46 46 47 46 49 44 45 46 42 43
43 41 44 48 44 43 44 42 46 44 48 47 49 48 51 46 46 45 47 46 45 45 44 44 41 43 47
43 42 46 43 44 44 41 43 50 44 45 46 50 50 53 48 51 46 48 46 46 45 44 43 43 44 46
43 43 43 43 43 44 46 43 45 44 45 46 50 50 52 47 50 47 49 46 47 44 44 42 43 46 44
42 43 43 44 45 44 46 44 42 43 48 49 54 50 57 57 53 57 54 46 51 49 44 43 44 44 45
42 43 42 43 48 44 45 44 42 43 50 49 59 63 64 60 67 68 54 51 50 48 44 42 43 44 44
42 43 45 44 46 46 45 47 44 44 51 61 83 102 95 108 105 94 76 59 54 49 49 45 44 46 45
43 44 43 45 47 46 47 45 46 49 60 94 100 122 140 142 135 127 105 82 62 50 48 46 47 47 42
43 46 45 44 47 46 46 46 47 52 95 105 114 133 177 147 162 138 110 103 87 55 49 47 47 48 45
43 44 45 47 48 46 50 44 46 56 92 121 145 163 164 156 125 130 119 111 87 60 49 48 48 47 46
43 44 47 46 46 46 46 46 46 53 91 115 122 147 158 147 125 117 108 101 95 66 56 47 48 46 45
46 44 44 46 47 47 47 46 43 52 115 105 117 151 154 178 138 101 112 96 90 65 51 52 48 46 45
42 44 43 44 46 45 45 42 45 53 95 89 98 116 96 112 93 72 87 76 74 55 46 46 51 46 44
43 43 44 43 45 45 45 45 44 44 68 81 85 90 87 88 78 70 84 79 66 54 47 47 50 46 43
43 43 44 43 46 45 44 45 42 48 64 73 84 80 88 80 75 75 78 77 63 55 54 54 45 45 44
43 43 39 44 51 45 44 44 45 49 65 68 84 78 87 66 72 71 70 78 65 53 54 53 44 46 43
42 44 40 45 50 45 44 44 43 46 59 65 81 91 83 68 74 72 70 72 67 49 50 82 47 51 44
41 43 49 46 45 45 43 44 44 46 54 67 81 87 81 72 80 71 72 76 69 50 51 63 51 74 45
46 44 45 51 46 49 45 45 46 44 54 72 88 96 84 72 83 72 88 89 76 52 49 55 65 179 51
43 48 44 106 60 48 48 45 45 47 55 74 100 119 98 83 94 82 104 102 81 58 49 57 94 136 55
43 42 46 142 130 76 48 47 46 47 58 83 116 129 103 89 108 99 106 112 83 67 53 66 119 110 68
44 43 47 74 156 125 51 48 51 49 65 90 123 137 122 108 141 147 119 118 96 84 71 102 147 96 89
45 44 44 54 129 137 101 52 49 53 79 104 124 174 150 145 184 178 155 143 139 149 68 109 170 115 63
44 45 44 50 97 142 121 79 50 65 95 133 129 186 168 162 168 183 206 184 187 220 142 106 159 68 49
45 46 46 51 61 92 106 110 76 74 110 131 226 229 171 174 204 214 234 233 228 235 179 107 116 63 47
44 44 46 47 53 62 95 116 96 91 116 124 170 210 144 148 165 185 207 208 211 242 193 114 86 66 47
44 44 46 45 52 56 63 93 96 81 113 116 166 202 149 141 159 180 197 205 209 160 155 117 63 54 48
44 44 45 48 50 51 54 73 104 103 112 143 197 171 151 144 152 173 187 194 172 132 151 74 62 52 48
43 46 45 45 47 48 47 51 62 77 101 143 170 147 104 110 97 127 142 102 110 81 64 52 58 49 46
43 46 46 44 44 44 44 44 46 44 53 69 85 75 63 63 57 71 66 70 68 54 50 44 47 45 44
43 44 44 42 44 44 43 44 43 44 49 47 52 51 50 51 51 54 50 48 51 51 48 47 45 43 43
42 43 43 43 44 43 44 42 43 46 45 44 49 47 49 56 52 51 50 47 49 49 47 44 47 44 42
43 44 44 44 43 44 44 43 43 43 45 47 50 45 54 63 60 52 48 46 46 46 47 44 46 44 42
43 42 46 43 44 45 44 44 43 44 48 46 48 49 64 109 65 65 52 49 48 46 50 45 43 44 43
47 47 49 59 63 66 64 62 58 62 89 107 126 158 177 2748 191 176 149 130 112 97 79 68 70 62 50
45 43 42 47 51 48 48 49 45 47 53 52 59 85 92 159 92 94 83 71 59 56 49 51 47 44 44
48 43 51 49 50 51 55 54 49 51 54 60 71 89 100 134 117 121 93 77 66 63 53 48 49 46 45
44 44 45 56 57 56 62 55 51 52 57 64 71 86 108 156 141 148 93 74 67 74 58 52 50 46 45
42 43 46 61 63 61 62 61 53 51 59 66 65 82 94 157 147 141 99 67 65 68 57 54 48 46 49
43 48 47 63 60 59 58 57 52 50 53 61 61 61 69 106 95 92 66 61 56 62 54 52 53 46 44
44 44 43 57 54 61 60 54 48 51 49 55 52 55 56 68 64 61 52 53 51 61 52 52 52 45 42
