43 44 42 44 49 44 43 44 44 44 42 44 46 48 54 55 84 83 90 71 76 50 45 44 43 46 44
43 47 43 45 46 46 46 43 46 50 44 52 54 54 67 66 89 677 494 92 80 63 60 46 44 45 45
42 44 46 45 48 44 46 50 46 46 44 55 55 55 54 62 69 632 594 87 71 61 49 44 45 45 45
42 43 44 42 44 47 44 44 44 42 43 45 45 45 44 52 54 97 122 54 54 45 46 44 42 44 44
42 42 43 44 43 43 45 43 45 44 42 44 45 44 44 48 48 68 71 54 52 44 44 43 41 43 44
42 43 43 44 42 44 46 44 44 44 42 43 45 44 44 47 44 68 87 53 47 44 42 43 43 43 44
43 43 46 44 44 43 42 44 44 43 44 46 45 45 45 47 45 66 91 55 51 44 46 44 42 43 44
43 43 45 45 44 43 42 44 43 43 44 45 46 45 46 43 44 68 126 85 50 44 49 44 47 44 47
40 43 42 44 44 44 44 44 44 43 44 44 46 45 46 45 46 68 134 144 47 46 46 38 43 49 44
42 44 42 44 44 43 44 42 44 50 44 46 47 46 46 46 46 72 148 183 50 48 42 44 49 43 43
42 45 44 43 45 44 44 45 42 45 49 49 48 49 47 47 51 89 185 258 61 47 47 45 41 44 49
43 44 44 43 44 45 44 44 42 46 49 49 48 49 47 48 50 110 196 209 61 49 51 45 43 44 44
42 44 40 43 45 45 45 45 44 45 46 50 48 50 49 48 50 151 212 209 67 48 47 44 44 44 44
42 43 42 44 47 44 43 44 44 44 44 46 49 54 48 46 50 126 171 177 60 47 46 48 44 42 44
42 43 48 44 43 44 43 44 44 44 44 49 47 47 47 44 47 99 131 112 53 44 44 45 44 43 44
44 43 46 44 43 43 43 43 44 42 44 49 45 44 46 44 47 60 80 76 49 43 43 44 42 43 47
42 42 44 48 44 42 44 42 44 44 43 45 49 46 45 45 44 56 76 84 47 45 43 43 44 43 44
42 43 44 42 44 48 44 42 45 43 43 45 44 45 49 45 43 53 73 72 42 45 53 43 42 43 43
43 43 44 43 44 44 42 44 50 44 43 44 44 45 46 44 44 52 62 59 50 47 48 43 41 43 44
42 44 43 44 44 44 43 44 44 44 45 45 44 45 46 45 47 59 74 55 45 44 49 42 43 46 44
43 46 42 43 45 43 44 44 44 46 44 46 49 48 48 47 46 82 90 69 49 46 46 44 42 43 46
42 43 44 44 45 44 45 44 46 44 42 56 69 56 54 53 48 92 100 101 64 46 47 43 43 44 43
42 43 46 42 46 51 45 45 45 45 44 89 89 85 69 58 58 104 106 119 102 50 50 44 42 43 47
42 43 44 46 44 46 45 45 46 50 44 105 107 99 72 62 68 100 110 111 97 54 50 44 42 43 45
43 44 44 46 45 46 51 46 46 56 43 138 129 107 89 70 78 111 130 152 117 62 51 44 44 44 45
43 44 46 46 45 46 46 46 46 60 44 172 133 120 98 66 85 114 120 142 119 69 51 44 44 44 45
44 43 45 46 45 46 46 45 46 53 44 183 113 123 80 65 77 90 112 139 150 75 60 43 44 44 45
43 44 44 48 49 48 49 46 48 104 44 236 181 165 113 94 114 176 151 174 142 135 74 46 46 44 46
41 44 50 49 48 49 47 47 48 81 45 162 193 189 141 154 147 153 142 148 110 72 60 46 45 46 44
43 42 45 52 48 48 48 46 46 68 44 151 153 159 133 144 134 138 127 120 100 69 55 46 42 45 49
43 43 45 47 49 49 47 48 46 85 48 172 149 167 168 140 151 166 147 127 109 74 62 46 45 44 44
44 44 40 48 54 48 47 47 49 67 45 156 144 162 174 135 155 159 140 140 112 77 59 46 49 46 44
43 43 46 47 50 48 46 47 50 74 44 141 163 172 142 123 125 138 134 126 95 74 56 48 45 43 45
44 41 44 47 47 49 46 45 49 61 44 104 113 130 123 102 96 111 108 97 87 65 54 43 45 46 44
46 43 45 46 44 45 45 45 49 47 44 92 100 101 88 104 88 81 97 82 68 57 51 45 42 44 50
42 45 44 47 46 44 44 44 45 47 42 76 91 76 64 80 63 64 70 66 55 50 49 44 44 44 43
43 46 44 44 44 43 44 43 44 46 41 58 67 62 58 61 53 58 60 58 49 46 46 44 44 41 46
42 43 45 44 47 44 43 44 44 46 44 57 66 69 65 58 62 64 62 61 51 46 46 44 43 43 46
44 43 41 44 43 44 49 45 44 46 42 61 74 69 73 59 63 65 61 63 52 47 46 43 44 48 44
43 47 43 46 46 43 44 48 44 46 44 63 79 85 81 61 68 72 67 62 53 46 46 49 44 43 48
43 44 44 46 44 45 50 44 43 46 43 65 85 89 85 69 73 67 71 72 55 46 46 44 43 44 42
42 43 44 48 46 55 45 44 44 44 43 68 92 104 92 70 78 73 74 72 62 48 46 45 43 43 44
43 49 46 77 51 46 47 49 45 47 44 77 106 131 104 85 93 87 89 78 64 50 48 45 42 43 45
43 44 52 151 72 53 51 50 46 48 43 93 129 132 110 96 108 103 101 78 62 52 50 45 44 44 46
44 43 51 129 124 73 49 47 49 51 45 110 143 141 124 117 147 145 116 89 67 56 58 45 45 43 45
44 44 45 97 122 114 72 52 49 58 44 150 154 163 156 149 178 172 145 120 87 65 56 45 45 46 44
43 44 46 52 124 134 101 80 52 73 45 198 156 183 171 166 159 167 184 137 120 97 62 47 46 45 45
43 44 47 51 59 94 107 116 85 80 45 159 199 198 158 165 162 192 192 153 164 111 76 48 46 46 44
44 43 46 49 51 62 90 110 108 108 45 142 160 161 120 132 141 171 177 214 248 181 82 48 46 46 44
44 43 46 50 51 51 57 96 114 105 45 134 140 138 117 121 130 165 186 319 446 241 153 55 50 46 47
48 45 44 48 49 50 50 69 113 110 46 122 122 112 109 109 116 127 141 259 274 267 382 69 49 46 46
44 45 49 46 46 46 45 48 58 69 44 79 93 93 80 80 70 78 94 126 123 245 280 76 58 43 44
43 42 44 48 45 46 45 43 46 47 44 53 58 59 60 58 52 56 56 70 75 142 152 65 57 46 44
48 44 43 44 43 44 44 43 44 42 44 51 50 49 50 50 50 51 52 51 56 74 76 53 50 46 43
42 43 45 43 45 42 44 49 44 43 44 50 50 55 52 59 52 55 48 53 58 56 64 52 46 48 41
43 49 45 44 46 43 45 44 44 46 42 51 61 63 70 81 63 66 56 58 55 56 61 57 47 44 44
41 44 52 46 47 50 46 46 46 49 44 58 65 79 90 159 89 91 70 72 62 58 56 57 43 46 48
46 49 47 64 70 73 69 65 61 70 46 124 132 154 163 2493 178 178 161 145 117 102 85 65 57 51 50
45 45 46 54 56 56 60 63 51 52 44 62 65 86 89 181 102 106 108 95 71 77 59 58 53 45 46
46 44 51 61 64 59 60 63 53 56 44 62 68 86 88 123 109 117 106 98 74 82 68 62 58 46 47
44 43 47 57 60 63 59 58 53 54 44 64 65 75 92 119 120 126 95 83 78 80 65 69 60 47 47
42 43 45 50 54 54 56 59 52 49 44 62 62 65 70 109 116 113 86 71 69 70 65 64 56 47 46
42 44 44 46 48 49 53 50 49 47 44 58 56 54 61 86 81 82 65 60 56 61 57 57 52 44 44
43 44 44 47 47 45 45 46 45 46 47 50 50 50 49 58 60 56 51 51 49 56 50 49 47 42 43
