43 42 44 43 44 45 46 62 204 184 53 48 44 45 46 45 44 46 46 46 54 59 53 45 42 43 43
44 43 48 45 43 44 44 57 262 147 51 51 46 46 46 45 46 46 47 47 60 148 106 54 44 43 44
46 44 42 44 44 44 45 49 94 68 47 46 46 43 44 45 44 44 50 45 51 178 173 52 44 47 44
44 43 42 43 43 43 44 44 59 52 45 44 44 42 43 44 43 43 47 42 46 86 75 46 46 44 44
42 47 44 42 44 42 43 45 51 46 46 43 45 43 43 43 42 43 44 47 46 65 59 44 45 45 42
42 46 44 42 43 42 44 46 49 45 48 43 44 43 42 43 42 42 43 44 44 53 57 44 45 44 42
43 43 40 42 45 42 44 52 68 46 44 44 46 44 42 43 43 44 41 44 54 51 49 44 42 43 44
43 44 40 43 42 43 45 70 100 51 44 44 45 43 44 44 43 44 46 46 54 61 44 46 48 44 46
40 44 43 44 46 44 45 87 102 56 47 44 46 43 44 44 48 44 45 48 66 79 46 42 43 47 44
42 43 43 44 50 44 47 111 115 77 53 46 47 45 45 47 45 46 49 58 87 104 48 46 44 42 43
41 43 43 44 46 43 51 170 138 102 58 47 48 47 46 47 47 47 52 102 112 140 53 45 46 44 42
43 44 44 45 46 45 50 181 143 110 63 50 47 47 48 48 48 49 85 157 123 132 47 45 43 44 47
43 43 46 44 44 45 44 134 122 99 62 49 47 47 48 46 53 52 134 179 122 138 47 45 44 45 44
43 45 42 44 46 44 47 120 111 87 62 49 46 47 47 47 52 53 115 168 128 120 49 46 44 44 44
43 44 44 44 43 44 50 91 102 77 52 47 47 45 46 51 46 50 105 130 105 80 52 48 45 48 44
43 44 47 44 43 44 47 79 102 76 51 47 45 46 47 44 46 52 85 140 94 58 48 43 43 43 44
42 43 45 43 44 46 46 68 101 68 50 47 45 45 43 46 47 54 67 108 68 46 50 44 42 43 46
43 43 44 44 44 44 51 72 100 92 56 48 46 46 47 47 47 87 87 122 64 46 49 45 42 43 44
42 43 44 44 44 44 47 62 94 73 63 47 46 46 47 45 48 76 126 81 57 46 45 44 43 45 44
43 45 48 45 42 44 51 72 132 92 66 52 48 48 47 52 62 90 106 74 51 48 46 44 44 44 44
44 43 46 46 43 44 56 116 127 130 85 57 50 49 50 64 88 114 106 79 53 47 48 43 44 49 46
43 45 42 46 52 47 66 151 174 159 129 74 56 57 59 80 110 140 149 110 61 49 51 46 44 52 44
44 45 44 46 48 47 85 161 196 190 163 95 63 59 67 104 132 168 174 142 71 53 49 50 49 45 45
43 46 47 46 48 47 100 164 212 225 177 113 63 62 74 116 117 139 159 129 73 51 52 50 41 44 50
45 46 46 47 51 47 101 165 191 213 159 127 68 62 97 124 123 159 143 138 74 53 56 51 45 45 43
43 46 42 50 90 52 91 145 163 172 153 125 78 65 120 151 142 159 148 130 73 54 57 50 49 44 44
43 43 43 50 102 55 81 121 149 137 150 111 71 74 106 146 162 115 144 143 88 105 66 54 45 44 45
43 45 51 51 51 51 79 175 215 185 202 152 92 163 140 176 213 166 189 151 68 60 114 86 46 45 45
44 44 49 50 49 49 71 118 153 193 180 155 139 225 162 175 144 135 108 101 56 53 64 63 44 45 48
44 42 46 52 49 48 60 101 109 152 124 153 133 169 144 153 105 112 86 75 52 52 51 51 45 46 44
43 44 51 47 50 53 62 98 108 149 135 157 146 198 149 166 118 118 86 64 51 53 53 53 46 44 46
45 47 47 57 49 48 66 116 126 156 140 151 133 207 151 180 121 111 91 63 51 51 54 54 45 45 45
44 45 47 55 48 46 56 101 117 129 138 125 106 160 136 147 108 97 90 56 50 50 52 50 45 46 45
43 53 53 59 48 46 59 98 110 117 104 90 86 109 108 102 85 97 86 51 49 47 54 55 44 44 46
42 45 49 55 47 46 48 72 87 102 82 72 76 84 89 88 71 75 63 54 48 46 51 53 45 45 45
47 44 55 61 48 46 52 52 82 88 80 77 78 69 68 80 68 68 54 46 46 47 64 73 45 44 49
43 49 72 114 63 46 46 48 56 67 62 59 70 67 60 68 57 59 43 46 51 45 82 65 47 44 46
43 46 61 128 75 46 50 47 52 64 60 63 62 63 60 74 56 52 53 46 46 45 59 59 47 44 46
46 56 78 152 90 50 47 53 58 66 80 77 70 72 63 71 58 57 55 47 46 48 150 159 57 44 45
45 63 100 167 107 50 53 55 58 82 113 86 70 64 65 74 63 58 49 47 48 48 138 190 50 46 45
45 50 69 128 96 57 51 55 56 71 77 110 96 86 90 83 71 59 52 44 47 52 144 225 49 43 46
42 45 51 118 88 56 51 58 68 82 108 102 86 72 72 69 61 55 50 49 47 50 191 299 62 45 46
44 44 50 100 119 54 47 57 78 99 97 93 82 77 72 74 66 58 53 48 47 60 221 266 62 45 44
45 45 46 74 89 70 48 55 71 83 98 108 90 87 72 77 70 67 56 49 46 74 179 205 50 45 44
45 50 44 66 76 84 57 66 82 88 100 104 100 95 86 89 94 70 59 50 50 110 150 103 48 44 44
42 46 51 55 97 85 58 80 129 127 103 120 129 110 101 108 103 88 76 54 67 140 138 67 45 43 47
44 45 49 58 88 98 63 102 111 105 128 125 132 108 133 125 107 98 79 57 89 142 105 53 45 42 45
46 45 48 53 68 102 83 127 112 120 151 141 159 133 141 144 157 131 100 82 148 174 70 54 43 45 49
44 45 49 53 63 89 102 126 142 142 165 143 154 133 120 146 142 113 104 80 112 80 56 53 45 45 43
44 47 50 52 54 77 95 109 138 128 154 145 155 141 124 149 159 113 118 114 128 85 54 52 45 43 46
43 45 47 49 53 60 84 108 110 125 137 145 138 140 127 151 146 109 122 137 118 60 54 52 44 44 45
43 47 47 49 46 48 62 87 83 103 114 119 123 111 119 127 101 97 94 103 72 50 51 47 44 48 44
42 46 44 45 46 43 48 61 61 77 83 87 96 87 93 89 75 66 66 53 50 47 47 47 41 43 44
42 42 44 45 42 45 51 50 52 54 54 59 60 68 60 65 52 47 48 52 48 44 45 43 43 44 43
43 43 45 41 45 50 45 45 52 49 53 56 54 51 52 50 46 44 40 44 51 44 43 44 42 43 44
42 43 46 44 45 42 46 50 46 47 49 51 52 49 46 46 45 45 40 43 50 44 43 44 42 43 44
42 44 44 45 43 50 53 46 48 53 56 63 57 51 50 51 42 44 51 45 44 44 43 44 44 43 44
43 43 45 46 50 54 56 56 55 57 63 65 58 59 50 49 45 46 46 46 43 45 49 44 44 44 43
42 43 42 51 63 58 66 60 58 70 71 68 67 66 59 60 47 50 49 48 48 47 47 48 44 44 44
42 44 54 63 68 64 69 71 68 77 84 78 70 70 65 62 55 55 53 45 50 54 51 49 44 45 44
40 45 61 66 61 62 62 69 66 72 73 79 70 68 67 67 59 57 61 51 52 55 52 52 44 44 44
43 44 62 72 65 61 69 67 62 64 72 77 74 60 63 73 66 56 58 52 49 58 59 52 48 44 42
43 44 58 57 57 58 59 66 63 57 65 68 60 56 59 64 55 59 50 50 53 56 57 51 45 43 44
42 45 53 49 54 53 52 57 52 51 55 57 52 50 52 54 48 52 45 46 53 54 54 50 44 43 45
