41 43 43 43 44 43 45 45 44 44 44 42 44 44 45 44 45 61 149 93 66 47 46 42 43 43 44
44 44 44 47 45 42 44 43 44 44 44 45 46 44 46 52 46 66 471 122 66 51 47 47 44 42 44
44 44 46 44 42 43 43 43 44 42 44 49 45 44 45 44 49 77 319 82 61 45 45 45 42 44 49
43 43 44 47 44 42 43 42 43 44 43 44 44 44 44 46 49 63 93 51 49 43 43 44 41 44 52
42 44 44 46 44 42 43 42 43 44 42 43 49 44 43 45 45 54 63 49 44 44 43 43 44 42 47
42 44 43 43 48 44 42 44 42 43 45 42 44 48 44 44 48 54 53 46 45 43 43 44 43 44 51
43 42 42 48 44 42 44 42 43 44 44 44 47 43 44 46 51 53 49 46 42 43 49 44 43 46 46
42 43 39 42 42 43 44 44 47 44 44 44 43 44 43 46 69 59 47 46 43 44 44 44 42 44 46
41 43 43 43 47 44 49 46 43 44 42 44 42 44 43 58 90 63 45 46 46 44 44 48 47 43 55
41 43 42 43 45 43 44 42 43 46 44 43 45 44 46 79 97 66 48 44 45 44 44 46 44 43 55
42 43 44 42 46 47 44 44 44 43 44 44 45 46 54 105 102 86 43 44 49 44 46 45 44 46 82
42 42 43 44 44 44 46 44 46 44 44 44 46 45 72 99 108 94 53 47 47 45 45 46 48 56 133
43 45 44 43 44 45 44 44 44 44 47 46 44 46 77 103 103 94 53 45 44 46 44 47 57 98 163
44 44 44 44 43 44 45 43 44 43 45 48 46 44 71 94 97 68 47 50 46 45 45 50 85 140 179
42 43 44 44 44 44 44 43 47 44 44 44 46 46 71 85 85 54 45 41 45 49 45 63 112 129 158
42 43 42 43 45 44 44 41 44 48 45 43 46 45 68 91 62 45 47 44 44 48 43 60 125 131 145
42 44 44 44 43 43 46 44 44 42 45 48 46 45 72 81 51 46 46 47 46 45 47 72 123 149 138
42 42 44 45 44 46 45 42 43 44 45 45 43 46 65 79 58 46 45 44 49 45 45 72 119 134 85
42 43 44 43 44 42 44 43 43 44 43 44 48 46 57 71 46 44 44 44 44 44 49 72 83 82 49
42 43 40 43 49 44 43 44 43 44 46 44 46 54 105 71 51 44 45 44 46 43 47 80 82 54 47
43 40 44 44 45 44 44 44 43 44 44 45 48 56 99 102 48 44 46 45 46 46 52 76 55 49 46
42 44 48 44 43 45 44 44 45 44 46 50 54 77 117 108 55 50 47 45 51 57 59 110 50 44 45
41 43 46 43 45 44 46 45 46 46 47 46 69 102 138 106 82 49 49 46 52 78 115 98 51 46 50
43 47 45 45 45 45 46 46 47 46 45 55 94 111 134 122 66 50 50 53 72 128 123 111 51 42 46
42 44 47 44 47 48 46 46 50 47 50 67 108 117 136 121 76 52 50 67 123 156 131 134 56 46 46
44 43 42 44 44 48 55 49 46 47 51 82 110 130 144 130 73 57 52 89 119 136 121 104 50 51 46
43 47 49 44 45 49 74 72 47 47 55 85 110 123 128 110 65 58 61 97 168 163 148 106 50 51 46
43 44 43 45 51 52 52 50 48 50 68 122 150 186 197 155 97 70 84 154 174 196 200 137 54 47 48
43 44 45 42 48 54 49 47 48 48 63 95 125 165 175 141 81 84 101 126 110 136 122 94 51 47 47
44 43 44 44 46 52 48 45 47 47 59 93 107 135 139 150 102 118 118 109 104 116 88 63 48 47 47
43 44 45 45 44 50 53 47 47 50 75 107 117 135 150 161 126 162 129 128 122 100 89 61 50 47 47
44 43 45 44 46 51 48 47 51 51 74 113 122 139 175 162 132 162 133 140 122 106 91 62 59 47 48
44 44 44 44 45 50 50 47 48 53 75 110 123 136 191 136 135 140 132 124 104 100 80 61 51 47 48
43 43 44 44 45 50 50 46 49 53 67 100 111 135 135 132 151 115 110 108 92 96 77 59 56 46 45
42 44 44 44 46 54 50 46 48 52 61 83 102 148 108 102 114 94 123 101 87 95 67 55 51 50 46
41 43 44 43 49 66 55 47 46 50 53 78 81 92 78 81 91 74 84 84 77 75 65 51 61 46 44
43 41 44 48 56 95 64 44 45 46 51 58 69 62 65 74 65 58 68 63 61 54 52 52 47 44 48
43 42 44 43 72 141 87 46 48 46 55 63 68 62 62 61 62 60 56 54 53 49 52 48 44 44 45
43 44 42 44 64 194 104 46 46 48 61 66 69 71 58 60 65 61 60 57 50 51 51 53 46 42 44
43 44 44 44 64 176 91 47 46 49 72 72 83 73 62 66 70 60 56 52 51 59 52 50 46 43 44
48 44 44 44 66 140 82 46 47 53 86 87 93 76 60 65 71 59 58 48 49 55 54 55 50 44 44
42 43 44 44 65 116 81 46 48 63 95 105 111 94 73 71 71 62 60 50 49 57 59 64 65 48 44
42 43 46 45 68 107 101 51 54 81 116 128 122 111 86 91 81 71 60 54 53 54 77 204 258 60 46
44 43 46 46 61 108 113 53 75 103 126 159 163 127 106 96 98 76 62 57 56 62 152 390 173 59 47
44 44 43 46 59 109 115 62 105 125 133 154 158 148 115 114 117 93 61 56 60 70 175 240 69 58 47
45 47 46 46 68 118 111 93 134 148 146 169 171 167 136 138 126 94 66 59 64 110 197 137 75 53 48
44 45 45 47 73 117 107 114 130 150 171 156 167 162 132 139 121 88 69 62 70 120 183 81 68 49 47
46 45 46 46 52 98 99 123 119 131 162 150 172 161 124 165 209 135 76 62 81 114 104 65 59 52 46
45 44 46 47 50 71 85 109 111 119 146 128 140 116 104 120 124 89 76 63 93 90 59 58 50 48 47
43 44 45 45 46 52 59 72 85 92 101 101 117 103 92 89 91 88 67 80 101 58 50 51 47 45 47
43 44 44 44 47 48 50 48 59 76 82 79 90 81 74 71 81 89 77 94 68 50 50 50 46 42 45
43 43 41 43 50 45 46 45 49 53 60 63 65 69 56 56 58 55 62 61 52 46 49 47 43 43 45
43 44 44 43 44 44 47 43 47 56 53 46 51 50 47 48 46 50 47 49 47 42 53 47 44 44 41
41 43 44 43 45 43 46 48 54 53 47 45 48 46 45 45 45 44 45 45 46 42 46 48 43 44 44
41 43 44 44 46 45 51 54 55 55 50 44 46 46 45 45 44 43 45 46 43 44 52 44 44 44 42
43 42 47 46 49 70 60 62 78 73 52 49 45 45 46 45 48 45 46 45 45 45 46 45 48 43 45
43 44 59 50 65 88 79 83 98 85 64 51 46 46 46 48 44 47 43 45 49 44 46 46 42 43 45
43 68 53 65 86 102 105 103 94 90 67 55 50 52 47 46 45 46 47 44 46 49 48 47 45 44 44
47 50 59 74 90 94 121 112 98 83 67 60 52 50 51 47 47 46 49 47 48 55 52 48 46 43 44
61 46 80 91 99 97 124 116 102 84 71 64 53 51 51 52 50 52 55 48 50 55 59 52 48 45 46
42 44 112 101 95 86 101 97 86 69 63 60 54 54 52 55 54 54 56 52 52 59 56 54 51 45 44
43 46 87 91 86 82 84 79 70 56 58 58 52 52 49 56 55 59 52 46 50 54 54 54 49 46 48
43 44 73 95 74 67 69 73 63 54 54 54 49 50 49 54 50 60 47 46 48 48 51 51 48 44 43
43 46 54 64 58 63 59 60 49 49 54 50 46 46 46 46 44 47 48 44 46 48 47 48 46 44 45
