44 43 46 45 43 46 62 107 78 57 46 50 45 44 44 44 44 42 44 47 115 138 65 47 50 47 43
43 43 40 44 50 46 72 361 125 58 54 46 47 52 46 46 44 46 48 54 178 446 80 72 46 44 45
42 44 51 44 44 48 60 327 126 53 48 47 46 46 46 43 45 45 56 59 106 281 71 49 44 43 44
42 43 48 44 43 44 62 105 63 48 45 48 45 44 44 42 43 45 47 49 64 79 52 46 43 44 46
43 40 43 49 44 45 52 76 55 46 44 44 46 44 44 43 41 43 45 46 52 62 47 41 43 44 44
41 43 43 46 45 42 50 76 50 44 44 42 44 44 44 44 44 40 45 51 57 63 49 44 44 44 43
43 46 44 49 44 43 48 81 49 45 43 44 48 44 43 44 42 44 44 45 50 59 46 49 44 44 46
43 43 41 47 45 44 48 113 53 43 44 44 44 44 44 44 43 44 44 48 53 65 49 50 44 42 44
43 43 42 43 44 44 67 136 68 45 43 44 44 44 44 44 42 43 47 46 72 99 43 45 48 44 44
43 45 42 44 49 44 79 132 89 47 45 45 46 45 44 46 45 42 45 54 101 125 52 44 45 46 44
47 44 43 44 43 45 110 199 129 66 46 47 47 45 45 45 46 45 48 72 124 163 72 45 45 44 46
43 44 43 44 45 42 112 208 150 89 48 45 48 47 46 46 46 52 50 143 135 162 69 46 44 46 43
43 45 45 43 44 44 93 185 125 103 52 47 47 47 46 46 44 48 80 170 128 179 63 45 44 44 45
42 43 44 44 45 43 70 158 151 101 48 47 52 47 46 46 43 47 75 157 117 148 49 44 44 44 45
43 42 44 44 44 44 52 110 122 82 47 46 46 46 46 45 47 46 61 134 103 108 46 43 44 42 44
42 43 42 44 44 44 60 95 113 79 50 46 44 45 45 47 45 46 51 92 95 71 47 46 44 42 43
41 43 43 44 45 43 48 65 89 69 48 44 46 46 45 47 45 45 52 106 85 59 44 44 48 44 42
45 42 44 42 44 43 45 60 99 82 47 50 45 44 46 45 53 46 48 93 66 64 46 44 45 44 42
43 42 43 42 43 44 44 49 53 68 49 46 44 45 46 44 50 52 54 79 68 48 48 44 42 43 43
42 43 41 42 44 44 43 50 55 75 52 48 48 46 48 45 46 57 82 83 71 46 48 44 42 43 44
42 42 43 44 46 44 42 47 58 87 66 47 50 53 46 45 45 69 110 90 72 53 53 47 44 42 44
43 44 47 44 43 44 44 47 93 125 98 71 51 51 48 48 49 84 113 127 78 53 55 42 44 49 46
45 44 51 44 43 43 44 58 120 142 133 99 56 57 51 50 57 98 122 120 125 60 51 45 45 44 49
44 43 44 47 45 43 45 60 124 170 174 120 78 57 51 55 66 88 107 123 100 53 52 45 44 48 43
44 46 44 46 45 42 45 58 127 173 172 159 96 62 56 57 80 90 102 132 116 64 46 44 49 45 48
44 44 43 44 44 44 46 55 114 126 140 139 97 76 67 59 88 97 132 121 118 67 46 45 42 44 51
44 43 42 44 43 44 50 50 85 103 110 109 94 67 61 65 93 119 95 128 145 82 58 42 45 49 45
44 45 42 45 50 45 46 58 91 124 136 177 165 108 99 130 170 220 197 148 154 113 63 47 44 44 49
44 45 42 44 50 45 45 63 70 107 118 142 178 178 152 164 186 173 134 106 112 66 53 44 46 45 45
43 43 45 43 45 50 45 46 51 81 98 128 123 138 149 148 148 128 114 104 104 59 50 45 45 45 45
43 43 45 42 45 49 46 46 50 81 104 132 135 145 168 161 173 148 129 104 104 63 46 47 46 44 47
44 43 45 43 45 44 45 48 53 95 118 127 149 149 183 159 179 142 140 130 115 76 49 49 50 47 46
44 43 48 43 44 45 45 47 52 85 111 124 149 159 193 133 153 123 128 112 96 66 46 47 46 44 47
43 42 44 44 44 44 45 46 49 63 100 106 140 150 139 127 145 99 105 104 94 63 52 43 46 44 44
43 44 44 42 44 44 44 46 50 54 89 103 122 142 115 112 104 87 98 87 71 55 59 44 44 45 44
40 43 49 44 44 43 43 44 45 48 71 94 93 93 87 73 72 75 67 64 58 52 48 46 43 44 44
43 43 44 43 45 43 44 43 45 49 50 59 72 64 66 64 66 62 70 63 54 50 51 44 44 44 45
43 42 43 43 44 44 43 44 47 46 50 55 63 66 71 62 64 67 66 62 58 46 48 44 42 43 48
42 44 43 43 44 44 44 44 44 44 53 60 72 68 77 59 61 67 60 69 58 46 46 46 42 44 45
42 45 47 43 43 44 42 44 49 46 51 61 80 84 83 58 70 71 70 68 55 46 45 51 44 42 44
43 45 43 44 42 44 49 44 45 46 51 67 91 89 81 63 71 68 72 77 62 46 44 47 44 46 44
47 44 43 43 43 44 44 44 46 47 51 69 92 109 87 71 75 75 88 83 65 49 44 46 44 43 46
43 49 44 43 45 42 44 45 46 49 55 76 102 131 103 86 85 89 112 94 70 53 44 46 46 44 46
43 48 45 43 45 43 44 46 47 50 59 98 129 128 108 95 101 99 110 101 75 60 44 49 49 44 46
43 44 42 43 46 43 44 47 46 52 68 100 126 143 131 120 136 148 124 112 85 61 46 45 47 46 47
44 44 41 43 46 44 45 49 48 55 76 101 143 191 170 150 168 176 154 138 114 87 45 46 44 44 46
44 43 45 44 46 45 45 51 59 60 87 111 155 206 178 172 162 170 184 161 149 153 49 46 44 44 45
44 46 48 45 49 45 46 50 54 68 101 111 232 237 162 173 187 194 195 195 163 92 50 45 46 47 44
44 44 45 43 46 48 46 50 62 89 121 132 165 184 127 135 149 155 173 176 132 129 53 45 47 50 45
44 45 44 45 46 45 46 50 67 95 116 135 215 183 123 123 143 140 170 205 170 78 64 46 52 46 48
45 44 45 42 45 49 46 47 76 97 114 152 210 161 117 117 113 126 132 162 116 65 56 47 50 46 43
46 42 44 44 44 44 42 46 53 64 82 110 164 94 76 79 75 81 86 82 70 52 49 49 46 43 44
44 46 42 43 44 43 45 42 44 52 49 55 72 59 53 54 49 57 52 55 56 47 53 46 46 44 44
43 44 43 45 42 44 49 44 43 45 45 51 55 50 50 53 46 48 49 44 47 57 47 45 46 43 44
44 43 44 43 45 42 44 48 44 44 46 48 49 49 49 49 46 46 44 46 44 48 54 44 46 44 46
48 44 42 44 44 44 45 42 44 50 45 46 48 46 50 50 46 46 44 45 43 45 50 44 44 44 46
43 42 45 45 45 48 45 46 50 46 46 51 49 53 58 59 50 50 45 47 52 45 46 45 42 43 46
44 44 46 45 51 53 53 49 47 49 51 56 55 63 69 75 62 55 50 53 54 47 46 46 42 43 46
44 43 52 56 56 58 57 57 50 51 55 57 58 72 71 76 64 59 59 55 53 58 47 48 46 42 46
54 44 51 65 65 64 66 58 54 54 60 61 63 71 71 81 72 70 63 60 56 56 53 56 49 44 51
47 44 51 67 69 65 65 59 56 56 56 62 63 65 72 90 80 71 71 58 57 61 53 57 55 45 48
43 47 48 60 68 62 63 59 53 51 56 64 59 59 66 87 79 76 69 54 53 58 53 57 58 45 46
43 46 46 52 57 57 57 59 52 49 57 55 54 54 57 72 63 66 51 51 50 54 55 53 53 46 43
44 44 42 47 51 54 56 52 48 48 49 51 50 51 49 56 52 51 47 47 47 53 51 50 53 45 43
