42 44 43 43 44 42 44 42 43 47 44 42 46 45 44 44 43 43 44 46 44 47 44 42 43 42 44
43 39 44 48 44 42 44 43 43 44 43 46 48 46 45 45 42 42 44 42 44 46 44 45 43 42 44
45 43 45 43 42 43 43 43 43 42 44 52 51 46 44 44 43 43 46 43 44 43 43 44 42 43 50
43 44 44 46 44 42 44 43 44 45 45 66 114 62 46 45 43 39 44 44 44 43 44 43 43 44 43
43 46 45 45 45 44 45 46 45 48 65 208 165 61 48 47 40 44 44 45 44 44 44 43 45 43 46
42 43 44 43 47 44 43 44 43 46 72 78 67 52 45 44 43 44 44 44 44 42 43 44 41 43 49
43 43 40 44 45 42 43 43 43 46 50 55 56 45 43 43 42 44 42 43 47 44 45 44 42 43 46
43 43 44 43 49 44 47 44 42 46 48 51 48 44 44 44 42 43 43 44 44 43 44 44 43 44 46
42 42 43 43 44 42 43 43 44 45 48 51 46 49 44 42 39 43 45 44 43 43 42 43 44 41 44
42 43 44 44 48 44 43 45 44 45 50 46 46 50 44 43 43 42 44 48 44 42 44 43 43 43 44
43 43 44 43 46 48 44 43 45 50 58 57 48 47 49 45 42 44 42 43 49 45 42 43 42 43 45
42 44 43 44 42 44 50 44 43 51 84 77 58 49 46 48 42 43 49 44 44 44 42 43 43 44 45
43 48 46 42 44 45 45 45 46 57 94 103 74 61 50 45 42 44 49 47 44 44 42 43 44 44 46
43 43 43 44 43 45 46 45 46 53 95 123 111 70 54 47 44 42 44 50 45 43 44 42 44 46 45
43 45 44 42 44 46 45 46 50 58 110 125 148 110 58 50 45 45 44 39 44 50 45 44 45 45 46
41 45 44 44 46 47 49 52 49 58 121 165 175 220 78 59 51 45 47 47 48 46 50 45 46 48 46
43 44 44 44 46 47 48 46 48 59 91 144 159 241 130 60 52 53 43 49 44 46 52 46 46 49 46
43 42 43 43 45 47 46 47 51 56 77 122 144 237 182 63 56 48 45 50 46 46 49 48 47 49 48
46 44 42 44 45 46 47 46 46 51 63 90 108 156 290 102 54 48 43 46 51 46 48 45 44 47 48
43 43 47 44 45 46 45 46 46 50 57 68 82 149 329 167 76 69 48 44 46 51 49 46 46 46 47
45 40 44 47 45 48 48 47 47 51 57 74 80 141 307 328 95 63 48 44 48 54 51 46 46 47 46
48 44 44 44 44 47 48 46 48 48 60 79 91 137 263 289 148 57 55 44 47 49 50 46 43 48 52
43 47 44 45 46 46 50 48 48 54 66 98 119 193 251 223 110 49 55 45 46 50 49 46 48 49 49
43 48 44 44 46 52 54 54 52 67 100 173 188 243 224 225 92 53 50 48 46 49 52 46 48 52 50
41 44 49 44 46 61 62 62 61 101 179 255 243 230 244 215 89 52 50 50 48 51 54 51 51 55 51
44 44 41 46 48 63 67 63 69 142 177 248 256 204 254 192 68 53 48 48 49 50 52 47 49 57 53
42 46 44 44 47 73 78 78 85 149 163 210 214 197 162 111 56 51 48 47 46 48 50 46 48 52 51
44 44 45 46 53 116 123 116 131 217 234 265 268 214 157 80 56 58 49 53 50 50 51 46 49 55 51
44 44 45 45 48 130 135 126 145 174 193 180 169 155 111 66 61 53 46 47 48 53 49 44 47 50 51
44 43 46 48 52 129 135 125 136 120 133 125 115 90 70 53 46 45 45 45 50 46 45 44 44 46 47
43 44 44 55 70 145 158 144 156 138 124 136 125 79 64 58 46 46 50 46 46 46 46 45 46 48 46
46 42 44 93 64 155 163 156 172 167 122 136 117 84 59 51 52 46 46 46 45 46 46 44 46 45 47
43 43 40 57 81 127 132 126 136 165 150 93 93 73 56 50 44 44 46 45 46 44 46 44 45 47 48
45 44 40 52 96 110 116 109 118 143 115 84 86 64 52 50 44 44 46 45 46 45 45 47 45 45 46
43 43 47 52 85 146 155 145 175 131 107 74 70 57 52 47 44 45 46 45 46 44 46 45 44 46 45
46 44 42 46 93 146 157 143 144 104 89 59 61 52 48 47 44 45 41 45 43 44 50 44 44 44 43
43 42 44 44 69 118 123 119 119 93 80 61 60 54 49 46 45 45 44 42 46 42 44 48 44 44 45
43 43 44 43 71 132 140 132 123 100 86 66 65 57 50 46 44 45 42 45 50 44 44 44 43 44 47
42 43 49 45 60 129 139 129 124 105 90 74 74 61 53 46 48 46 44 45 44 45 46 44 44 48 47
43 46 44 44 52 110 119 110 107 115 108 84 85 66 55 51 45 45 46 43 46 50 46 45 45 45 46
48 44 43 44 46 116 125 117 119 135 145 112 108 74 58 52 46 45 49 45 46 46 46 46 44 47 52
43 50 44 44 47 101 106 101 103 145 168 129 123 81 61 51 48 46 52 46 46 47 45 45 50 48 50
43 47 44 43 46 93 98 94 94 142 168 127 124 81 59 53 48 48 51 56 47 46 48 44 46 52 49
42 44 48 45 45 82 86 82 83 134 142 145 141 93 61 56 51 56 94 106 54 49 52 46 47 50 48
43 44 40 44 50 72 76 72 71 99 110 109 110 80 60 63 67 90 106 173 127 64 52 48 46 49 48
45 46 45 44 46 70 70 70 69 88 99 107 110 84 76 98 104 108 96 161 232 190 73 54 47 50 49
42 44 48 44 46 63 64 63 63 87 92 95 98 92 148 151 129 88 71 108 167 344 217 55 47 51 48
44 43 45 46 46 58 57 54 56 82 95 93 90 187 206 194 139 89 60 59 84 251 309 78 51 55 50
43 43 45 48 46 56 57 54 56 109 120 149 146 227 160 168 124 62 56 54 60 88 257 141 91 77 55
43 45 44 45 48 56 58 56 55 91 164 200 199 226 170 147 96 59 54 53 55 56 92 141 203 276 67
44 45 43 45 50 57 59 57 57 83 137 279 277 278 198 157 85 57 56 53 51 55 60 80 215 287 158
44 46 44 45 48 60 63 59 62 84 158 362 358 278 192 140 72 61 58 59 58 63 67 58 66 209 302
44 48 44 46 50 64 66 63 66 85 129 519 512 345 168 109 73 70 63 57 58 57 61 55 60 128 187
42 44 46 44 46 53 57 60 56 65 77 249 248 223 84 76 62 57 52 50 64 57 53 51 52 62 65
42 43 45 44 46 45 47 51 46 47 53 64 65 68 52 57 54 58 58 50 53 46 52 55 44 46 45
43 44 45 46 49 46 44 46 51 48 52 55 55 56 57 63 74 67 63 66 54 48 46 49 49 45 45
43 46 53 49 48 50 49 50 52 52 55 56 56 59 68 89 81 87 82 82 64 57 49 47 46 45 46
45 46 57 48 48 53 53 52 52 53 55 60 58 65 80 91 87 96 101 91 62 66 62 47 50 45 45
45 45 47 48 58 54 53 54 51 57 54 62 63 73 87 95 100 111 129 104 66 68 64 56 48 48 46
51 44 44 50 55 57 59 56 56 57 54 65 65 71 85 99 110 121 112 91 69 74 57 63 51 51 54
44 45 46 48 52 55 56 55 56 54 54 66 64 67 86 104 108 144 126 77 67 74 58 63 58 48 50
44 50 45 44 49 55 57 56 54 51 60 62 63 62 76 107 101 155 138 68 61 74 59 54 62 48 46
44 44 45 44 46 50 51 49 49 47 56 53 59 53 63 76 65 115 72 54 51 63 64 53 54 46 44
44 44 39 44 50 46 47 47 45 45 51 47 48 47 51 57 49 66 54 46 52 55 53 54 47 44 46
