45 44 42 43 43 43 44 42 43 48 44 43 45 42 43 45 42 42 44 44 44 47 44 44 43 42 44
45 39 43 47 44 44 43 42 43 43 43 45 42 43 48 45 42 42 44 45 44 43 44 42 43 49 46
41 44 49 43 42 43 42 43 44 43 44 44 44 45 44 42 43 43 44 44 45 42 43 43 42 43 44
44 42 44 48 44 43 44 42 43 44 44 44 43 43 46 44 42 44 43 44 45 44 44 43 43 43 44
43 41 44 48 44 42 44 42 43 44 44 44 46 44 45 44 40 44 44 44 45 44 42 43 44 43 45
42 44 41 43 49 44 44 44 42 43 45 44 44 44 44 46 47 44 44 44 42 43 44 42 44 44 44
43 42 45 44 44 44 42 44 48 44 44 44 43 43 44 43 46 44 46 44 42 43 44 42 44 40 45
43 45 42 43 43 43 43 43 43 44 45 43 44 41 44 48 46 44 46 44 42 43 43 43 42 43 46
43 44 44 43 44 43 44 44 43 44 45 43 44 42 43 42 42 43 44 38 44 48 44 44 43 42 44
42 43 44 43 44 42 44 47 43 43 44 42 43 44 43 43 43 43 42 43 42 43 47 43 44 43 43
43 44 44 43 44 43 44 44 43 45 44 42 43 43 43 44 42 43 38 42 48 43 46 44 42 43 44
43 44 43 44 43 44 46 44 45 44 42 43 44 43 44 41 41 44 50 43 46 43 42 42 42 43 45
44 47 47 44 43 43 44 44 44 44 41 43 49 43 43 44 40 43 49 43 45 44 42 43 43 43 44
44 45 46 45 42 43 43 43 44 41 44 48 44 42 44 42 43 43 44 45 44 45 44 42 43 43 43
46 44 42 43 44 43 44 44 43 44 44 43 44 43 43 43 44 44 44 40 44 43 43 47 43 42 43
42 44 43 44 46 44 44 42 44 48 44 43 44 43 44 44 44 42 51 44 44 43 41 43 48 44 42
44 43 45 42 49 45 46 45 43 45 45 46 46 44 45 44 44 43 47 47 44 43 43 43 47 44 42
43 43 51 43 46 53 52 50 47 51 52 49 46 46 49 45 53 45 44 47 47 43 43 43 43 43 44
42 53 50 53 46 64 66 62 56 67 58 57 54 55 53 48 49 45 44 45 44 44 48 44 42 44 43
52 112 79 78 114 233 223 211 210 213 161 143 122 92 95 69 53 50 53 48 50 47 46 48 44 44 45
55 75 108 108 128 296 280 255 250 226 244 221 175 153 188 136 68 58 51 52 56 55 49 43 45 49 46
46 69 54 54 75 183 174 165 186 192 174 188 167 180 275 237 106 56 53 52 55 54 47 46 45 46 47
44 46 46 51 52 71 71 67 76 107 140 161 168 178 297 311 133 56 50 52 55 58 46 44 46 45 44
44 45 49 50 47 59 60 57 58 65 78 139 161 238 233 229 94 50 48 49 52 53 46 44 45 44 45
43 45 44 46 53 63 61 60 60 75 152 215 213 242 246 199 79 55 48 50 55 56 47 48 46 46 50
44 46 43 47 46 63 66 61 63 116 157 222 238 198 241 171 55 51 47 50 54 56 47 43 45 50 45
43 48 44 47 49 69 71 72 78 148 152 198 193 182 158 99 51 50 48 47 52 53 46 44 44 44 44
46 46 44 52 57 118 113 110 127 223 221 236 241 198 138 72 53 55 50 56 56 56 47 43 44 45 44
43 45 46 50 51 130 122 118 134 177 194 167 160 139 88 61 56 52 45 49 56 51 46 44 42 45 45
42 44 49 57 62 130 129 127 130 121 140 111 103 78 59 53 46 46 41 46 53 48 45 44 42 44 45
43 44 45 69 79 141 140 130 138 124 116 109 97 74 61 52 44 46 50 46 49 47 43 43 44 44 46
44 44 45 119 80 140 138 128 136 129 105 110 99 70 55 52 44 46 51 46 48 47 44 43 44 44 45
44 43 50 69 81 120 117 110 119 136 123 82 75 60 53 50 46 43 46 50 47 46 45 42 43 44 45
43 44 47 97 100 108 101 101 110 117 89 72 70 53 51 47 44 45 44 45 46 45 44 44 44 46 46
43 45 45 70 100 145 137 133 158 112 94 62 64 58 51 49 46 45 45 50 47 44 44 42 44 44 42
43 43 46 56 113 143 139 133 130 92 84 60 58 51 50 48 44 44 44 45 45 45 46 43 46 44 42
43 42 45 45 84 115 111 106 108 90 85 60 58 51 50 47 47 45 44 47 46 44 44 43 43 46 44
48 44 44 46 70 141 137 132 129 110 87 67 69 55 50 48 45 46 44 45 49 46 46 44 42 43 46
43 44 44 46 67 141 136 131 131 118 101 76 76 65 53 48 44 45 46 45 48 46 44 47 44 43 46
43 41 45 46 53 129 122 115 119 133 118 92 90 68 56 54 45 45 46 46 48 50 44 46 44 42 44
45 44 46 47 48 131 126 121 128 158 156 127 119 83 63 54 48 46 47 47 50 49 46 45 42 44 50
43 44 45 50 50 109 108 103 108 183 182 136 138 89 64 56 48 47 50 47 52 51 46 44 42 44 51
43 47 46 49 49 100 98 95 99 165 177 148 147 88 67 56 45 50 49 54 48 51 51 44 44 44 43
43 43 45 46 49 97 92 91 98 163 169 175 168 107 71 58 51 51 54 74 56 54 46 45 44 45 49
47 43 44 46 46 88 89 82 84 127 132 127 127 105 66 58 55 66 81 126 74 52 49 44 44 49 45
42 49 44 45 48 84 84 82 81 107 121 117 121 101 66 69 76 109 121 164 111 62 55 49 46 42 44
43 44 43 46 51 70 68 68 68 98 108 105 107 88 90 102 110 108 134 159 157 66 52 45 45 45 45
43 44 45 43 47 64 59 58 59 91 107 102 100 138 144 139 135 115 93 153 222 81 60 47 45 44 50
44 44 45 44 48 68 63 60 63 123 125 159 154 194 137 146 127 92 60 89 213 148 53 46 44 56 46
43 45 46 47 46 64 68 62 63 103 181 240 235 256 170 149 116 71 59 61 199 160 51 47 47 50 52
44 46 46 48 48 67 70 64 65 109 187 316 308 298 209 173 89 63 65 70 136 153 56 47 62 58 46
46 45 46 48 49 70 69 67 69 103 188 398 384 312 204 174 77 62 62 68 102 189 71 48 47 58 50
43 46 48 50 52 76 74 72 76 100 155 585 568 405 190 123 79 70 68 72 93 223 69 47 49 57 46
43 45 44 46 48 60 60 56 59 74 84 259 255 219 89 80 64 60 57 55 75 124 75 49 50 47 44
44 44 44 44 44 48 49 47 48 55 56 70 70 69 58 60 58 58 58 60 68 82 82 52 48 44 42
43 44 45 44 49 48 47 48 51 51 58 61 59 60 62 69 71 69 66 78 70 99 98 61 63 46 44
46 48 51 49 50 51 51 50 48 55 64 60 60 63 70 97 76 80 75 90 75 86 79 54 55 48 45
44 45 55 49 51 55 53 53 53 55 58 59 61 72 82 103 86 95 98 95 77 77 78 56 51 46 45
46 42 48 53 54 55 56 54 54 57 56 67 67 72 93 105 100 117 120 107 74 84 73 60 51 48 46
52 45 47 53 55 59 59 58 58 55 58 75 71 76 94 106 121 132 114 97 74 81 66 67 51 50 55
44 46 47 54 54 57 58 57 57 56 57 68 68 74 92 110 114 152 126 78 71 78 65 72 58 49 50
44 49 46 46 50 58 58 58 57 52 62 67 68 63 80 113 111 159 143 70 64 75 62 58 70 46 46
42 44 50 45 46 54 52 52 53 49 62 57 57 56 66 83 71 124 78 56 56 66 62 53 62 47 44
44 44 41 43 44 48 52 48 46 46 52 48 49 47 52 63 51 65 54 46 52 59 54 48 47 48 46
