43 44 44 44 45 46 48 66 170 108 51 45 46 43 44 44 43 42 44 48 44 42 43 42 42 44 43
45 44 44 43 45 44 45 47 66 113 80 55 50 44 42 43 42 43 40 43 49 43 43 43 41 43 44
43 42 44 44 44 44 45 45 50 65 84 123 72 42 43 44 43 42 41 43 42 43 48 43 43 44 42
43 42 43 43 44 44 42 44 50 48 71 97 80 44 44 43 45 43 43 42 44 42 43 46 43 43 44
46 44 42 43 44 44 45 45 46 46 119 93 50 44 43 43 45 44 43 41 44 44 42 43 44 43 43
42 44 41 43 50 45 44 44 44 47 113 57 46 46 44 44 47 43 43 44 42 43 45 42 43 43 44
44 46 40 44 49 46 48 47 50 72 188 50 46 42 44 49 42 43 44 43 44 44 43 46 44 41 43
43 40 44 43 49 45 48 53 72 109 105 46 46 43 43 44 43 43 44 43 44 40 43 43 44 48 44
43 44 44 45 48 48 53 60 111 139 102 47 46 46 45 44 43 44 44 46 45 42 43 45 46 44 41
44 43 46 48 49 53 58 100 136 134 92 50 45 46 50 45 44 44 44 43 48 44 42 44 44 44 45
44 46 47 47 51 57 79 165 164 136 70 51 51 49 48 47 46 47 47 46 47 45 42 44 44 44 51
43 47 53 50 57 69 126 231 168 131 78 66 66 73 70 68 74 78 93 63 50 48 46 45 46 56 45
44 53 48 50 59 71 173 227 132 108 70 66 70 83 89 75 86 98 100 63 48 51 48 57 45 57 45
45 50 48 51 60 88 206 196 142 89 59 57 70 77 75 72 78 82 79 54 51 49 50 50 49 55 47
46 48 49 50 58 103 223 156 114 71 56 52 59 72 88 80 85 89 74 55 51 49 51 50 49 50 45
45 48 50 50 59 110 171 142 90 62 51 53 57 75 86 79 91 76 68 54 51 46 44 44 44 45 48
44 48 49 50 63 168 151 101 70 55 49 53 57 70 71 93 89 92 83 61 50 46 51 48 54 62 52
44 46 47 49 81 126 134 76 57 51 49 50 53 62 75 99 83 81 78 54 49 50 54 55 63 68 69
43 46 47 48 74 149 121 80 56 50 48 47 51 57 59 68 65 62 60 52 47 46 47 50 63 56 53
44 47 46 49 96 133 121 83 57 57 49 48 50 57 58 60 61 61 53 50 47 44 45 47 47 52 48
44 49 49 59 125 178 152 115 71 57 56 51 53 58 57 58 55 57 50 47 50 45 46 47 46 47 54
47 52 50 78 151 203 196 163 116 77 59 55 59 58 67 62 54 57 50 47 45 45 51 46 46 49 50
48 52 54 87 175 224 218 186 156 98 69 63 65 66 74 63 61 59 54 49 49 46 46 51 49 56 46
49 55 56 82 177 225 239 204 179 120 80 71 69 73 79 68 60 59 55 48 50 48 47 52 48 48 47
51 58 58 89 185 285 289 245 235 137 81 80 77 78 83 75 63 59 56 50 48 53 50 50 50 61 59
51 54 59 79 149 257 234 237 202 119 76 81 73 76 84 79 67 61 57 50 51 53 49 46 48 61 55
48 52 56 71 123 213 228 201 189 118 73 89 75 72 78 74 63 57 55 53 53 54 54 46 49 52 46
52 66 61 79 142 246 276 285 290 206 128 134 106 96 93 84 75 68 69 56 60 50 49 49 51 49 47
50 64 58 68 125 189 240 272 244 173 121 107 110 98 87 76 68 63 56 57 50 48 47 47 46 51 49
48 55 57 59 81 134 169 216 166 145 112 88 95 83 72 64 65 57 53 51 48 45 47 45 45 51 46
50 54 64 59 76 127 160 204 171 158 133 98 120 95 72 67 58 60 54 47 49 46 45 48 45 49 46
48 51 56 57 67 96 130 183 163 143 140 87 131 119 72 70 52 55 54 47 48 46 46 49 46 53 45
46 51 50 52 61 81 108 157 161 140 138 104 111 90 67 71 58 59 59 53 49 50 50 46 46 47 46
46 49 49 51 58 69 110 116 131 145 90 126 96 91 66 67 57 61 57 50 49 44 46 46 43 46 48
46 49 50 57 63 76 124 164 128 156 88 111 88 87 76 67 57 57 59 56 51 50 45 45 44 46 45
44 48 47 50 59 66 93 117 104 117 71 93 77 65 68 65 53 51 53 50 45 51 48 46 42 46 45
44 47 47 50 61 73 89 118 82 71 61 69 66 63 60 58 51 50 51 51 50 48 49 43 44 45 48
44 47 51 50 64 97 101 109 87 69 62 67 62 66 55 56 52 54 53 51 51 46 51 46 44 44 54
44 51 48 52 67 94 104 107 90 74 63 67 62 62 54 55 52 58 57 52 52 44 52 49 46 45 53
46 48 52 50 70 105 109 112 90 74 71 73 61 63 54 55 49 52 61 56 51 46 48 50 45 45 50
45 51 52 54 74 115 123 150 125 85 74 79 70 63 52 56 53 52 51 54 49 49 46 49 44 45 56
47 56 53 59 76 119 136 163 156 108 81 86 84 63 56 57 50 55 54 50 46 46 49 46 45 46 46
49 53 54 60 72 128 151 185 172 136 96 95 87 67 59 55 55 53 59 47 47 46 46 58 45 44 52
49 58 56 61 78 141 166 193 185 149 108 118 89 74 61 59 56 54 56 46 48 51 48 52 45 45 47
63 82 57 63 86 139 165 190 178 120 110 113 85 80 63 63 59 56 54 47 46 50 49 46 46 45 45
129 150 86 76 119 147 179 217 183 133 99 118 100 82 67 68 62 63 55 48 46 48 47 47 47 50 50
214 267 134 103 97 165 181 222 146 136 105 115 95 79 71 67 62 59 59 50 47 47 45 46 50 50 45
170 306 204 194 178 250 236 270 161 135 107 119 112 79 75 71 67 66 62 52 51 47 48 45 46 58 47
113 235 173 203 286 299 273 263 203 132 109 112 102 78 69 70 64 63 56 52 54 48 48 50 45 56 47
65 97 168 248 288 332 302 288 230 127 102 110 93 78 70 72 67 62 56 46 53 54 49 51 47 74 47
67 87 134 284 316 382 361 349 259 127 106 111 94 85 76 74 70 63 58 55 51 52 51 53 48 60 48
63 79 135 266 440 421 394 351 222 119 95 105 90 79 77 73 64 61 58 54 51 50 47 51 53 56 49
60 75 88 178 332 380 445 288 191 103 86 100 86 76 69 67 60 57 58 54 54 49 48 49 54 50 48
49 51 63 88 116 165 209 100 80 74 58 73 58 54 54 51 48 48 51 49 46 45 44 44 45 45 47
46 47 53 65 76 70 69 62 53 50 53 48 48 46 45 44 43 44 50 44 44 45 42 43 44 43 44
45 55 59 68 85 85 78 67 56 51 48 48 48 45 45 47 44 44 44 52 46 44 44 42 44 44 44
49 53 68 73 100 112 87 75 65 54 50 49 48 47 45 46 44 45 50 44 44 46 46 46 44 43 45
56 56 77 83 95 94 93 81 68 60 53 49 48 47 46 50 45 49 46 43 44 43 44 45 44 44 47
70 65 127 91 96 95 97 81 74 59 59 52 48 48 47 48 47 46 46 46 46 45 45 43 43 45 44
51 73 131 98 101 97 103 94 78 61 58 56 51 50 48 50 46 50 45 49 49 47 51 46 43 44 44
56 74 117 89 84 83 81 79 71 57 52 55 51 47 51 51 49 50 57 47 48 51 48 47 50 44 42
52 88 111 86 77 74 77 78 66 55 55 54 54 48 51 54 53 51 58 44 51 56 50 51 50 42 44
50 89 89 69 65 64 70 65 61 56 56 50 50 48 50 51 49 51 49 47 48 58 53 50 49 44 44
50 63 65 55 55 54 59 56 53 48 50 51 48 44 47 47 46 43 45 50 48 51 52 47 46 44 44
