48 44 43 44 45 45 47 54 72 549 140 64 50 48 49 51 47 51 82 98 241 48 46 52 44 43 45
43 46 43 43 47 44 45 48 58 170 59 48 47 46 47 47 52 50 54 163 698 54 49 46 44 46 44
42 44 43 44 44 43 47 45 49 69 46 44 46 42 44 50 43 45 55 63 195 53 46 43 43 42 44
42 44 44 43 44 44 47 44 47 50 44 43 44 43 44 43 44 43 47 59 82 48 46 42 42 44 43
42 44 45 42 44 47 44 44 47 46 44 44 43 44 42 44 42 43 43 50 63 46 47 44 41 43 44
42 42 44 44 44 44 46 42 53 48 45 42 44 44 44 44 43 48 45 51 56 43 44 44 43 44 42
43 44 45 42 45 46 46 48 75 54 45 45 44 45 42 44 43 42 45 56 66 46 46 44 44 44 45
46 44 46 44 44 44 46 55 86 70 44 45 45 44 49 44 44 43 46 74 74 45 48 46 40 44 46
42 43 44 44 44 44 47 69 109 85 52 46 46 45 44 46 44 44 51 121 99 49 45 44 44 43 43
42 43 44 44 45 45 46 83 111 93 55 47 46 45 45 46 45 46 50 143 106 60 45 48 44 42 43
42 43 43 44 46 44 54 120 127 112 67 48 47 47 48 49 49 48 87 223 110 81 48 48 46 44 43
44 42 44 43 47 45 48 124 125 108 76 51 48 48 48 49 49 47 142 232 115 76 49 47 44 44 45
44 48 46 46 47 43 48 87 101 95 61 48 52 47 46 48 46 51 161 176 120 60 49 49 43 45 44
43 43 41 43 45 45 43 74 94 79 53 47 46 45 46 47 45 46 126 139 90 60 44 49 47 44 42
44 45 44 42 44 46 44 57 78 69 56 46 45 45 44 46 44 46 91 101 71 50 51 46 46 47 44
42 43 47 44 43 45 44 49 74 64 48 50 45 44 45 44 44 46 75 82 57 48 46 44 44 42 43
44 43 48 44 43 43 46 52 93 73 51 54 46 45 46 45 53 49 68 109 47 45 46 47 41 44 49
44 43 44 48 44 42 49 50 80 91 59 47 51 46 46 46 52 86 78 67 47 46 46 48 43 45 46
42 43 44 44 45 41 47 60 81 83 76 50 46 47 46 48 59 72 117 71 49 44 46 46 43 48 44
43 48 44 43 45 43 46 77 125 106 77 59 52 49 48 52 81 98 89 59 54 45 45 49 44 44 49
44 44 41 46 44 45 58 134 146 165 112 71 54 51 54 72 111 132 110 78 51 45 47 51 45 50 46
44 46 42 46 52 47 67 170 196 177 180 95 59 61 60 104 139 167 153 112 55 47 49 58 44 45 45
44 45 44 47 52 48 92 171 226 222 217 131 68 68 74 137 168 190 185 141 68 48 50 63 46 46 46
44 44 46 45 49 53 113 178 251 255 203 153 74 68 104 163 141 164 171 120 76 50 52 68 46 45 46
44 45 45 48 51 45 121 179 234 263 189 172 93 72 138 160 137 184 161 140 78 48 53 78 46 45 46
45 45 46 48 50 49 102 175 204 235 208 170 120 90 159 188 166 186 170 139 72 51 74 103 46 44 46
49 51 63 116 99 57 109 157 212 198 223 177 125 110 165 200 198 136 156 140 86 62 141 3154 63 51 50
46 49 47 53 53 51 90 213 294 254 296 237 154 250 246 276 271 221 238 168 70 55 63 109 51 46 47
44 44 46 50 51 51 76 162 195 236 231 218 182 277 233 237 179 162 130 107 57 52 55 75 47 43 46
42 45 49 48 50 49 69 129 135 175 160 191 172 199 179 181 130 133 99 76 54 48 52 75 51 45 42
44 44 48 52 50 52 66 109 127 167 171 201 190 225 169 202 134 126 95 74 54 50 52 72 46 46 45
45 54 47 49 50 50 74 142 140 175 154 180 172 236 175 193 127 122 105 72 58 50 53 71 45 44 45
44 44 45 51 50 48 56 115 130 137 143 140 119 181 154 152 103 96 93 59 56 48 51 63 45 45 45
44 50 50 46 46 46 59 107 123 118 99 90 88 114 110 101 89 89 82 53 48 46 50 62 46 44 46
43 44 46 45 43 44 54 72 86 99 76 70 78 81 86 86 69 73 58 49 47 45 49 52 50 50 45
47 44 45 46 45 44 54 53 76 83 77 78 78 69 74 77 65 64 54 46 47 45 60 72 51 45 52
44 46 46 48 46 43 46 48 54 66 58 60 71 68 58 62 56 49 51 46 46 42 62 57 48 46 43
44 47 45 50 50 43 45 47 51 64 56 60 62 62 57 72 57 50 51 47 45 45 53 58 52 47 47
46 45 48 68 60 45 46 51 57 66 70 67 63 65 60 71 60 54 50 47 47 46 117 139 63 45 49
54 54 95 171 110 52 55 53 60 83 80 64 62 55 58 68 62 54 50 48 47 46 115 172 50 49 46
50 56 105 232 162 64 54 58 58 71 81 95 79 83 78 72 69 58 52 51 48 46 127 169 48 50 56
44 46 58 170 128 59 52 61 67 77 88 88 74 71 67 63 59 54 54 57 48 46 191 201 58 53 46
44 44 55 166 184 60 50 60 77 85 81 78 68 65 68 66 65 60 53 50 54 58 238 220 56 49 48
44 44 51 101 92 68 51 53 76 87 88 92 74 70 70 71 67 67 56 48 50 68 183 149 51 46 49
44 47 51 72 83 75 60 59 81 94 95 95 85 79 88 83 86 71 59 50 49 90 151 95 47 45 45
44 44 60 60 104 80 62 73 120 138 111 113 117 101 97 97 100 86 69 53 58 130 137 71 46 43 45
44 44 48 55 101 103 57 90 122 122 145 124 142 112 140 124 108 88 71 51 81 143 114 64 45 43 45
44 45 46 49 59 96 63 117 137 140 164 150 168 142 150 145 147 127 94 71 110 154 70 63 46 48 45
44 48 50 49 57 93 82 124 168 176 194 174 183 152 133 161 161 120 99 74 110 86 54 66 46 45 47
44 45 46 49 51 87 95 115 155 161 176 172 196 165 143 183 177 118 109 101 127 80 58 66 45 45 45
44 43 46 49 50 63 97 126 148 168 166 178 197 160 152 188 176 128 115 135 124 62 54 67 44 45 46
44 44 48 52 49 49 64 106 130 174 167 161 167 142 153 165 128 122 109 114 88 52 52 63 44 44 46
44 44 49 48 47 47 57 63 88 123 120 125 139 123 127 127 99 95 94 65 55 53 49 57 45 42 44
48 44 44 45 44 45 49 52 58 69 73 87 87 94 88 86 75 56 51 47 49 44 46 52 44 44 44
46 43 42 44 44 44 46 47 51 60 60 65 71 65 58 52 49 46 49 47 45 44 45 43 43 44 43
42 42 46 42 46 50 47 46 47 47 51 52 62 60 53 47 46 45 49 42 44 45 43 44 46 43 44
42 46 45 43 49 53 49 47 47 50 57 59 61 59 53 50 46 46 45 46 44 44 46 45 46 44 42
43 44 42 48 53 56 59 51 50 52 56 61 60 63 58 56 48 47 47 47 44 45 49 46 46 44 42
42 45 44 53 59 56 58 54 50 55 63 60 59 66 61 59 48 50 56 51 48 49 46 48 46 44 45
42 42 50 62 62 57 57 58 61 59 62 61 63 66 64 63 55 54 51 53 52 54 51 52 46 45 45
42 44 53 60 58 54 54 57 56 57 62 59 63 66 64 68 59 55 64 54 53 58 60 57 48 47 42
43 43 47 58 53 56 55 56 54 54 59 60 58 56 63 68 58 57 62 50 50 59 55 60 56 43 44
43 42 46 52 48 51 51 53 51 50 54 54 50 51 59 58 52 58 52 46 46 51 54 56 49 44 50
42 39 44 51 46 44 46 46 46 46 48 48 49 46 49 49 46 48 45 45 45 48 51 50 49 45 44
