45 43 46 44 43 44 44 45 45 46 54 58 71 139 256 94 70 52 52 45 46 45 44 44 42 44 47
44 44 47 43 45 45 44 45 48 50 56 67 74 360 1055 92 71 61 62 56 54 50 46 44 45 44 45
43 42 44 44 44 44 43 44 47 46 51 56 62 270 498 76 63 51 45 50 54 46 44 44 42 43 44
42 43 44 44 41 43 49 44 43 44 44 47 58 98 103 51 44 44 45 39 44 49 44 43 44 42 44
41 43 43 43 44 42 44 48 43 44 45 44 58 99 68 47 43 43 45 38 44 49 44 43 44 42 43
41 43 44 43 44 41 44 48 43 43 45 44 63 118 60 46 45 42 45 49 45 44 44 42 44 44 43
42 46 44 48 44 42 43 43 43 44 44 46 94 92 55 46 44 45 45 42 45 49 44 43 44 42 44
43 48 44 47 45 44 44 42 44 43 46 50 122 102 50 46 44 44 45 50 46 47 45 43 43 42 44
42 43 41 43 49 43 48 44 44 45 47 60 130 98 51 45 44 46 46 46 46 45 44 43 38 44 48
43 42 44 42 44 44 43 44 42 44 56 77 134 91 52 45 48 46 45 50 46 44 45 41 43 48 44
47 44 44 43 43 44 44 43 44 43 53 103 138 120 61 46 46 45 47 47 47 45 44 44 44 41 44
48 44 43 44 43 43 45 43 44 44 56 108 125 134 68 46 44 46 49 46 47 43 44 49 44 42 44
44 42 46 42 44 48 45 43 44 44 55 103 102 125 69 47 46 45 49 48 47 46 45 44 44 44 44
43 40 44 47 44 45 44 43 43 45 48 89 94 109 63 47 45 45 46 46 45 45 46 44 45 44 42
43 45 44 46 44 42 44 43 43 45 43 69 77 78 50 45 44 44 49 46 44 44 43 43 44 44 43
42 43 44 43 44 47 44 42 44 43 46 69 66 59 56 47 46 44 48 45 43 43 43 43 44 41 44
42 44 47 43 46 43 42 43 43 43 46 59 58 56 50 43 47 45 45 49 45 41 44 48 43 42 45
42 43 43 44 44 43 48 43 42 44 46 58 53 44 48 50 46 44 43 47 45 42 45 43 42 44 42
43 43 44 44 44 46 44 42 44 43 49 60 50 46 55 45 44 46 45 42 44 43 46 44 43 43 48
43 43 48 43 44 44 44 42 44 48 49 70 58 48 53 45 44 46 45 43 45 44 43 44 41 43 49
43 42 46 42 43 44 43 43 47 46 62 81 70 61 54 46 47 48 51 46 44 45 45 43 44 42 44
43 43 43 44 44 43 44 43 44 54 96 106 95 79 56 50 48 57 50 50 52 46 46 46 43 43 44
42 44 46 44 42 44 49 43 46 76 125 134 109 95 64 60 57 86 77 63 52 53 47 44 44 42 47
42 43 44 44 44 42 44 44 46 104 188 160 143 117 74 61 74 95 96 84 60 55 49 43 44 43 44
42 44 45 44 46 42 45 49 47 82 210 189 165 131 72 67 101 116 115 136 75 53 51 43 44 44 45
44 50 45 44 45 43 44 44 46 84 160 200 158 143 82 66 113 125 128 157 103 57 52 43 45 45 42
43 46 45 44 45 43 45 44 46 80 116 188 141 130 76 71 91 129 136 168 161 72 62 46 43 44 45
44 44 45 45 46 46 45 46 48 111 201 236 242 175 121 106 177 242 210 236 189 150 76 50 47 46 46
44 43 45 44 46 46 45 46 48 95 161 174 202 193 149 178 191 203 166 172 131 102 56 46 45 50 46
48 44 44 46 44 45 46 44 47 86 130 157 161 169 154 175 162 161 156 144 115 83 53 46 45 46 45
47 45 44 46 45 46 46 45 49 95 130 172 162 184 196 174 183 192 167 150 131 89 53 50 47 44 45
43 42 45 45 46 49 46 44 47 84 124 159 154 176 212 178 199 186 158 167 133 86 57 51 51 47 46
44 40 43 45 46 45 46 44 51 86 124 150 174 188 169 152 148 160 147 141 107 82 56 46 45 45 48
43 44 46 42 44 45 44 44 46 63 98 111 125 145 130 120 115 121 123 105 96 72 54 47 46 44 45
43 48 44 44 45 43 44 44 46 54 74 95 108 122 99 128 103 85 95 88 71 57 55 44 45 42 45
41 43 47 44 46 44 42 44 44 48 55 70 80 84 69 84 70 64 72 68 60 49 52 45 45 44 45
40 43 48 44 44 44 42 43 44 46 48 54 59 65 60 59 60 56 62 59 54 48 47 49 44 42 47
41 44 42 43 45 43 44 41 44 50 48 54 61 62 62 59 63 63 67 64 57 53 47 44 44 42 45
45 43 44 48 43 42 45 41 44 51 49 55 63 64 66 56 63 66 66 67 59 48 45 45 42 43 49
43 44 48 42 43 44 42 43 49 46 48 56 63 75 76 57 71 71 70 72 61 48 45 43 45 40 44
43 43 44 44 45 42 44 47 45 45 49 57 69 79 77 63 71 69 78 80 70 50 44 44 43 43 44
42 44 44 44 44 44 47 44 43 46 50 57 74 87 82 74 79 75 93 88 75 52 47 42 44 49 44
45 48 44 45 44 44 42 44 49 49 51 60 78 103 94 81 89 89 112 106 78 59 47 43 44 43 44
42 44 45 44 45 43 44 48 46 47 56 63 85 103 93 90 106 102 120 125 82 63 50 46 44 44 45
43 49 45 43 45 45 46 44 46 51 59 76 91 107 119 111 149 145 133 128 97 76 60 44 44 45 43
45 43 46 44 46 45 45 46 46 55 72 101 109 142 143 146 177 168 159 154 134 137 58 45 45 45 45
44 43 45 45 46 46 46 46 49 59 86 139 125 174 162 160 175 171 196 182 179 190 97 46 45 45 46
45 42 46 51 46 47 47 45 50 65 116 146 165 199 167 166 184 196 230 217 239 204 143 47 46 45 46
45 45 43 46 50 46 47 46 52 76 131 153 220 192 132 135 149 163 193 212 242 227 160 53 46 47 46
46 45 46 46 46 47 48 47 65 157 209 291 323 207 140 128 141 158 233 282 270 178 133 50 53 46 47
47 48 46 46 46 45 46 52 119 234 237 217 223 148 118 118 124 149 188 302 237 137 106 57 50 47 46
44 42 44 44 46 45 46 49 95 163 109 96 119 97 72 78 73 100 120 127 132 85 67 56 48 45 44
44 46 46 42 44 44 50 46 83 80 77 60 62 58 52 54 52 63 61 71 68 61 50 46 47 44 45
42 47 44 44 44 43 45 44 50 62 48 51 60 50 51 51 53 52 53 54 51 52 52 46 46 42 43
41 43 46 44 49 44 43 45 46 49 49 51 53 58 55 59 55 55 50 50 51 50 49 45 44 44 44
41 43 49 45 46 46 48 47 50 53 50 49 56 59 65 76 64 58 51 53 49 45 46 44 44 45 41
43 43 52 47 46 58 53 49 51 58 58 67 60 66 81 147 78 73 60 56 53 49 47 49 44 43 44
46 55 58 62 69 76 70 69 68 85 109 140 141 164 172 3045 176 157 149 144 117 102 73 55 52 48 49
46 45 48 62 64 67 63 63 56 61 61 67 73 87 93 179 89 84 79 72 62 63 55 52 48 46 46
53 43 56 72 71 71 70 66 60 64 67 69 67 83 92 123 100 90 80 74 66 68 57 55 54 46 49
44 44 62 80 72 68 73 64 63 61 63 65 68 73 88 119 108 95 78 65 64 73 59 59 57 46 46
43 42 52 75 68 68 63 61 62 55 58 62 61 64 75 102 107 94 74 57 61 69 58 54 55 47 44
42 44 46 62 58 59 57 62 57 49 55 59 56 58 59 81 76 72 56 59 53 58 55 53 51 45 44
43 45 45 50 48 54 57 52 48 49 48 52 50 49 51 63 54 53 48 48 49 53 51 54 48 43 44
