43 42 44 44 44 45 52 69 140 70 53 50 47 48 45 43 44 46 49 94 261 75 52 45 44 44 44
44 40 45 49 46 46 48 126 480 70 68 55 50 50 52 49 49 53 61 148 694 71 60 50 46 46 43
44 46 45 46 45 43 46 89 248 66 51 49 47 46 45 45 46 47 63 84 246 65 51 44 46 44 46
43 47 44 42 44 42 49 54 85 52 50 46 46 44 43 43 42 45 51 65 89 50 46 43 43 44 44
40 43 49 44 44 44 45 48 71 46 46 43 44 46 44 44 43 44 49 49 63 46 43 43 43 43 44
41 43 48 46 46 43 44 50 65 45 45 42 44 48 44 42 43 44 44 54 58 47 49 41 44 50 44
42 47 46 44 45 43 43 61 63 44 45 43 45 47 44 42 43 46 44 51 61 49 46 43 44 45 45
43 45 44 44 44 43 45 82 78 46 44 49 45 43 44 42 42 43 44 49 75 51 47 44 44 42 44
43 42 44 42 44 42 44 104 99 47 45 44 46 44 44 43 45 45 45 61 97 69 45 45 47 44 43
43 43 44 43 44 47 49 99 97 58 45 46 44 45 50 45 44 45 44 82 108 93 48 45 44 43 45
42 44 44 44 46 44 68 152 132 88 47 47 49 45 46 51 46 46 51 147 118 124 56 45 47 44 42
43 44 44 44 46 45 66 172 143 118 48 48 50 45 47 52 48 48 75 184 118 119 50 46 46 41 44
42 43 44 44 44 43 58 150 127 119 56 50 50 46 48 47 47 47 110 174 114 126 49 45 45 44 45
42 44 43 44 44 43 49 139 143 115 58 48 48 46 46 46 46 48 79 141 104 92 48 45 44 44 47
42 43 43 44 46 43 45 91 110 97 53 46 47 47 45 46 46 46 64 131 95 68 51 44 46 44 42
43 43 43 44 45 43 48 63 110 99 49 46 47 44 44 46 44 46 50 112 81 54 53 44 43 44 42
43 42 43 44 44 44 43 50 94 84 50 47 46 45 46 44 48 49 59 121 86 49 47 49 44 44 45
43 43 44 44 44 42 44 46 76 85 53 46 45 45 44 44 51 47 51 79 59 52 47 49 43 42 44
43 44 42 43 44 43 44 43 52 80 51 46 46 44 44 45 49 53 59 86 62 52 47 44 44 42 43
43 39 44 44 44 43 44 45 47 74 58 53 51 47 46 48 47 55 104 80 58 52 46 43 44 42 43
44 39 44 50 45 43 45 44 59 89 74 56 50 48 49 47 46 78 111 99 72 56 52 44 44 44 42
43 49 45 44 44 42 44 47 94 121 103 76 52 52 48 46 50 87 111 105 78 52 44 46 49 44 46
43 46 48 43 45 44 44 55 113 149 148 104 62 60 50 51 63 109 115 129 127 57 51 44 46 47 46
42 44 49 44 44 47 44 52 111 170 164 120 84 58 54 54 78 102 107 128 107 62 50 45 43 46 45
43 45 45 45 43 45 50 51 115 157 176 160 99 68 56 60 85 105 120 140 117 76 51 45 45 44 48
43 44 46 45 44 44 45 49 101 124 141 149 100 83 65 63 101 112 148 125 117 81 51 44 44 48 48
44 47 46 44 46 43 45 53 80 97 108 123 98 81 60 67 108 141 104 136 150 91 59 46 43 44 49
45 44 47 44 47 51 47 50 86 122 140 170 191 113 112 145 189 245 218 168 166 127 71 46 46 46 49
44 44 46 49 47 47 46 52 70 109 124 150 192 187 163 181 197 185 148 116 123 76 55 46 51 46 45
43 44 46 44 46 46 45 47 50 86 102 128 135 148 159 155 154 138 130 113 98 65 53 46 44 45 46
43 44 44 46 49 45 47 47 50 83 107 129 146 152 173 171 184 152 133 112 105 67 51 47 47 42 47
44 45 44 45 46 46 46 47 56 93 114 126 156 157 194 164 188 147 136 131 117 79 56 48 51 48 47
43 46 43 45 46 45 46 45 53 84 109 121 149 165 199 132 157 126 121 109 96 69 51 48 45 45 46
44 44 47 42 45 48 46 45 49 58 95 96 129 154 141 124 139 95 99 92 88 65 54 45 46 45 45
42 43 45 44 45 43 45 50 48 50 85 97 115 136 104 101 92 78 82 85 71 56 63 45 43 44 43
43 42 44 44 44 44 42 44 50 48 63 87 92 85 79 65 65 66 61 57 57 52 49 51 44 44 45
43 42 44 44 44 44 42 44 48 47 47 57 67 59 62 57 59 55 62 52 52 49 46 49 44 42 47
41 44 42 43 45 43 44 42 44 51 47 52 60 60 64 57 60 59 64 53 52 52 46 43 44 42 49
43 44 42 43 44 42 44 44 43 45 50 56 67 66 66 55 58 60 59 60 52 51 46 45 44 43 45
42 39 43 48 44 42 44 43 44 46 46 56 71 73 74 58 63 64 63 61 50 47 50 55 43 44 43
43 44 44 44 44 43 43 44 46 44 48 63 72 74 74 60 69 62 71 64 56 48 43 47 50 44 43
43 45 44 42 44 44 44 45 44 46 54 58 74 93 74 67 76 68 74 75 57 48 48 44 46 49 44
44 44 47 44 45 44 45 45 46 48 47 60 86 109 87 79 86 81 93 83 63 49 46 46 43 44 45
42 44 46 44 43 44 50 46 46 49 50 67 87 109 94 87 92 90 95 87 63 50 45 44 44 44 47
43 43 45 45 44 45 45 46 48 51 56 79 100 109 107 104 126 124 106 95 69 53 48 50 45 46 48
43 42 46 44 46 50 47 48 51 54 69 116 125 138 134 133 150 140 135 122 91 81 49 46 49 46 46
44 43 46 49 46 46 46 48 57 61 96 147 134 179 147 143 138 147 182 142 123 95 53 47 46 46 49
44 46 48 50 47 46 46 49 57 70 113 151 165 196 138 136 155 187 199 152 170 118 60 46 46 47 46
44 45 44 47 52 47 47 54 71 95 140 206 209 187 125 118 146 181 190 242 248 189 98 48 47 46 47
45 46 47 49 54 49 50 64 87 133 177 255 327 208 132 114 152 193 211 404 465 203 110 50 54 48 48
45 45 48 46 49 52 49 66 119 158 186 204 236 140 106 97 115 143 178 326 308 228 216 63 51 47 47
43 49 45 45 47 45 47 95 103 109 90 98 145 94 65 70 66 87 114 138 163 217 222 76 49 46 48
43 44 48 42 44 45 47 53 78 64 59 60 63 59 54 56 53 58 62 73 96 152 173 53 55 46 44
42 43 46 44 44 46 45 48 49 50 47 51 53 51 50 50 47 49 48 56 62 74 86 54 51 46 45
43 42 46 46 44 47 46 47 51 51 46 53 53 52 56 56 57 54 51 50 59 62 62 52 52 49 49
43 43 48 54 48 64 62 51 55 59 49 52 56 61 71 72 72 66 57 51 56 59 60 67 49 51 56
42 47 67 54 71 83 71 57 58 63 62 69 66 77 92 112 92 89 76 71 64 63 59 59 50 50 55
44 68 57 68 81 89 77 64 61 63 67 77 72 89 100 125 109 93 87 92 68 65 65 58 52 47 53
47 55 66 77 83 84 83 73 63 64 65 70 76 96 97 110 98 98 97 93 75 75 62 62 54 48 56
54 46 86 98 85 81 83 71 64 60 66 73 73 85 89 104 99 99 97 83 70 76 66 67 71 57 58
46 44 97 97 84 78 74 69 58 60 65 67 68 76 89 117 115 107 88 76 67 80 65 69 72 72 52
43 44 67 89 72 67 68 60 56 55 56 63 67 64 76 110 108 96 77 68 62 69 62 64 71 72 49
43 43 52 63 59 58 54 55 52 47 53 60 54 54 60 77 69 70 54 54 54 58 57 60 61 59 46
42 44 45 49 50 51 51 48 45 47 46 49 49 48 50 59 51 53 48 47 48 52 52 59 58 49 45
