40 42 48 43 43 43 42 43 44 43 44 43 44 46 44 42 42 43 42 42 44 42 43 40 43 47 44
42 46 43 42 44 40 44 49 43 42 44 42 44 44 42 43 42 42 43 43 43 40 43 48 43 42 43
46 44 42 43 43 43 44 42 43 46 44 44 45 43 43 43 43 42 46 41 43 44 42 43 45 43 45
43 48 43 42 44 42 43 44 43 43 45 43 46 44 42 43 41 43 43 46 44 42 44 43 43 43 46
43 46 44 42 44 42 43 44 43 43 47 44 44 44 42 43 43 43 43 46 42 42 44 43 43 46 43
41 43 48 43 43 43 43 43 44 43 44 45 44 44 44 42 41 43 42 42 44 43 44 44 43 43 44
43 44 38 41 44 43 44 44 42 43 49 44 44 44 42 43 42 43 45 43 46 44 42 43 42 43 44
42 43 47 44 43 43 44 44 43 44 42 44 49 44 43 44 42 42 43 42 43 43 43 44 43 43 44
43 44 44 44 43 44 44 44 44 44 44 43 44 43 43 43 44 43 43 46 45 40 43 48 44 42 43
42 44 42 43 44 43 44 41 43 49 45 43 44 43 44 45 43 44 47 42 43 44 41 43 49 44 42
43 45 44 43 45 49 46 46 46 45 47 48 47 48 46 53 43 45 45 42 44 44 42 43 44 43 43
42 45 42 44 59 67 82 89 71 77 84 75 80 96 89 89 82 58 49 48 45 46 45 44 45 42 44
46 52 45 46 49 57 65 76 69 76 83 85 88 125 134 136 165 137 63 53 50 50 48 45 46 44 44
46 53 44 47 48 54 57 63 75 80 76 78 79 112 124 112 127 180 103 58 53 51 48 46 46 46 42
47 51 52 44 46 50 52 62 65 72 73 69 73 97 116 108 142 155 164 96 57 58 51 45 46 46 44
47 54 49 44 49 59 69 76 79 80 69 76 66 93 99 103 135 131 174 139 74 60 56 47 47 45 44
48 56 62 52 62 76 86 78 81 78 70 67 64 78 81 92 107 99 115 145 93 76 53 47 46 46 47
49 54 54 52 58 59 76 70 71 79 68 63 66 68 74 80 84 78 87 141 120 144 63 46 48 43 44
42 49 51 46 53 53 61 62 69 68 65 61 58 61 63 60 56 66 77 118 184 131 84 47 47 45 44
43 48 51 46 44 49 55 58 61 61 58 61 55 51 54 50 52 66 83 118 128 155 108 46 47 45 43
44 43 50 49 46 48 53 56 55 57 55 54 55 50 50 51 50 79 82 134 129 175 128 52 49 44 44
48 51 48 46 45 46 52 54 58 61 52 54 54 51 53 56 62 100 115 161 156 219 165 59 50 47 44
44 51 63 43 47 52 49 55 62 59 57 59 57 57 61 61 95 103 161 189 209 242 178 66 53 48 49
45 47 51 44 46 47 47 51 57 73 71 58 60 57 59 60 78 100 149 176 224 270 159 68 52 47 45
44 47 46 47 44 47 54 49 54 73 68 71 66 64 69 71 82 118 172 246 256 291 174 73 61 49 44
43 46 42 46 50 47 47 50 54 59 71 72 72 72 78 81 96 133 202 278 240 265 153 68 59 48 45
44 43 47 43 46 52 49 50 55 58 66 63 69 73 81 96 106 139 206 300 302 320 181 61 60 55 45
44 47 51 47 46 48 49 55 60 70 71 79 76 105 121 122 162 222 275 341 289 326 186 69 62 52 47
44 43 46 49 47 46 47 50 55 63 62 68 76 102 104 116 113 157 193 186 153 170 92 55 53 48 45
44 43 45 49 45 45 46 47 49 54 57 64 75 92 81 106 90 129 165 128 102 127 68 50 51 46 45
43 45 42 44 50 45 48 51 47 58 60 67 75 100 97 118 107 130 133 127 90 128 65 49 51 46 44
45 47 45 44 46 45 49 56 52 52 58 68 71 102 108 109 117 131 114 108 106 100 59 50 50 48 44
43 46 44 44 46 46 49 58 66 69 75 85 83 102 125 131 112 111 99 85 86 78 54 53 49 45 44
43 42 46 46 42 46 55 61 60 60 62 68 73 99 138 138 109 103 116 98 91 77 54 51 49 45 44
48 45 46 45 45 47 55 67 61 62 63 68 74 100 103 126 93 112 108 121 92 68 54 49 46 46 49
44 47 45 44 49 51 60 60 62 60 63 60 65 79 76 84 71 82 78 106 76 63 51 46 45 45 44
42 45 44 46 47 55 62 58 58 54 53 52 62 65 62 64 62 63 75 82 66 61 48 47 46 43 44
42 46 44 46 55 61 59 58 57 54 57 53 56 63 64 62 67 76 95 94 74 63 48 46 46 44 44
43 47 46 46 46 58 57 61 58 52 57 58 57 61 62 60 70 66 87 107 81 68 51 47 46 45 44
43 45 46 46 46 58 57 63 61 58 58 54 58 66 62 62 71 64 75 108 83 67 51 50 47 46 44
43 45 45 44 46 51 57 66 64 64 57 53 59 59 59 67 66 70 82 96 79 63 48 50 53 45 44
43 46 46 42 44 46 50 64 59 61 63 58 62 63 63 69 64 82 89 95 86 59 51 48 50 46 42
43 43 45 49 45 46 48 60 61 60 58 61 67 71 74 76 71 97 98 95 77 59 50 56 50 49 45
43 51 44 45 49 48 48 58 61 62 57 63 74 73 72 73 76 100 95 87 62 57 53 66 61 69 44
43 45 43 46 48 47 46 54 64 61 59 62 72 79 76 77 86 84 94 81 62 58 59 75 99 142 48
45 45 46 46 47 54 48 56 64 65 61 69 81 85 90 91 118 86 105 107 72 68 77 181 368 198 53
51 46 47 47 46 48 47 56 64 61 68 69 92 81 92 91 89 100 114 101 82 92 173 340 562 177 50
44 46 49 45 47 46 52 58 65 63 68 68 100 89 93 100 100 124 137 140 126 198 279 279 368 158 47
60 56 47 49 49 53 52 55 67 71 71 75 94 89 84 97 91 121 151 200 265 316 286 249 286 126 47
46 49 47 48 52 52 51 57 66 67 70 72 84 95 88 96 101 149 222 278 332 347 275 167 122 77 50
47 48 51 48 51 52 53 58 67 68 72 77 85 100 95 108 119 198 291 374 366 417 345 96 85 68 47
47 51 49 47 51 51 54 57 62 70 74 78 82 92 94 105 100 191 268 350 406 468 210 76 76 58 46
44 50 46 46 48 50 54 58 57 66 69 76 84 81 91 95 85 154 246 337 350 232 104 64 64 58 50
43 49 47 45 46 47 47 50 49 50 56 61 62 68 64 76 74 75 93 184 189 86 72 51 50 47 44
43 60 49 45 46 44 45 51 48 45 46 44 46 49 56 54 51 55 54 72 75 55 48 46 44 44 44
42 57 44 45 43 46 50 44 44 45 44 45 46 47 52 56 55 53 57 55 56 56 47 45 45 43 43
42 48 44 44 49 52 46 45 51 46 49 46 45 49 60 66 56 59 65 59 52 50 46 45 45 44 44
43 46 46 47 53 54 55 49 48 55 49 52 51 60 74 83 74 63 68 67 56 52 50 46 46 45 46
43 48 48 51 60 56 58 52 53 55 53 51 57 78 89 92 83 71 80 76 61 58 54 46 49 46 44
42 44 49 56 63 56 60 52 60 58 55 55 62 78 93 105 95 90 90 72 64 67 54 53 54 46 43
43 44 49 55 58 56 54 58 53 53 54 63 63 72 96 127 108 113 89 72 66 73 65 55 51 46 42
43 43 46 58 56 51 53 64 56 51 58 62 64 62 85 123 111 132 99 71 68 70 61 56 51 47 44
46 44 43 50 50 48 57 54 52 51 54 57 57 57 69 92 77 102 64 62 63 65 60 50 46 44 44
42 43 46 45 48 46 47 49 48 47 50 50 49 58 54 60 56 65 52 51 53 59 53 48 46 43 44
