42 42 44 44 43 43 47 43 43 44 43 43 45 47 44 42 41 42 44 44 44 45 44 45 44 42 44
43 40 44 45 44 45 44 42 43 43 43 44 42 44 48 44 42 42 43 44 44 44 43 43 47 45 43
43 43 44 46 45 42 43 42 43 44 42 43 44 44 44 44 42 43 46 42 43 44 43 44 43 45 48
42 48 44 43 44 41 43 43 43 44 42 43 47 44 42 43 40 43 42 46 42 43 44 43 46 44 45
40 43 49 43 44 43 42 43 43 43 44 41 44 48 44 44 42 44 43 44 48 44 42 44 46 49 47
42 43 46 43 46 44 42 43 43 43 44 41 44 49 44 42 44 43 42 44 43 43 45 45 55 68 51
42 46 43 43 44 43 44 41 44 48 44 42 44 44 44 45 43 45 46 46 46 48 53 77 200 142 60
42 46 44 44 43 43 42 44 43 43 46 44 49 44 45 44 43 44 44 45 45 48 63 104 78 59 52
42 43 42 43 43 43 43 43 43 43 44 42 44 44 44 48 42 43 44 42 47 63 63 65 54 60 45
44 44 42 43 43 42 44 42 43 48 44 43 44 42 43 44 42 44 48 49 46 51 52 47 54 46 44
42 43 44 42 44 48 43 43 44 42 43 44 43 44 45 44 42 43 44 47 51 68 63 50 51 45 43
42 43 43 44 42 44 48 43 42 43 43 44 44 42 44 48 41 44 50 46 45 63 85 55 58 46 46
43 43 44 44 43 43 44 43 44 43 44 46 44 42 44 44 43 42 49 51 47 54 91 72 63 51 50
43 44 44 44 43 43 44 43 43 44 44 44 44 43 44 44 43 44 47 52 49 52 105 149 87 72 49
42 43 44 43 44 43 44 42 43 47 44 42 44 44 45 45 44 45 51 51 51 51 120 184 119 78 49
43 44 44 44 44 43 44 43 44 47 44 44 44 44 45 45 46 46 49 51 51 56 131 197 204 104 53
43 43 44 43 44 45 42 45 49 44 44 44 43 46 46 45 49 50 50 53 56 61 132 222 256 225 73
43 44 46 44 44 44 44 45 44 44 48 44 44 46 46 46 48 50 52 53 60 61 138 239 274 311 100
45 44 43 44 44 44 45 43 44 48 44 44 45 45 46 46 45 49 52 53 57 64 104 202 249 289 180
43 40 43 45 46 44 44 44 43 44 44 43 45 44 46 49 45 48 51 50 56 63 89 183 209 264 196
44 40 44 48 44 45 44 43 43 44 44 44 42 45 49 46 44 46 48 51 49 55 66 126 162 249 189
43 46 45 45 45 42 44 44 44 44 44 40 44 47 46 44 44 46 51 47 50 54 57 81 133 228 217
42 48 44 43 44 42 43 44 43 44 46 44 46 46 44 45 43 46 49 54 50 55 63 114 156 179 177
40 43 50 44 44 45 43 43 44 44 44 45 44 46 51 46 46 48 50 55 52 65 71 92 148 221 191
41 44 50 45 44 44 44 44 44 44 45 48 45 51 51 48 50 53 56 61 75 101 123 207 226 308 187
44 47 45 44 45 42 45 49 44 43 44 44 46 51 52 51 51 58 62 77 109 159 160 221 203 230 196
43 46 46 45 46 44 45 47 45 43 44 44 48 56 54 56 58 70 89 140 233 255 251 275 197 198 140
46 45 47 46 46 49 46 45 45 44 44 45 48 76 84 78 87 144 161 228 284 336 378 335 238 190 111
44 44 46 45 45 48 45 43 44 43 44 46 44 69 77 72 76 142 133 168 168 203 216 199 131 110 68
42 44 46 44 43 44 49 44 43 44 43 44 46 69 75 78 79 136 130 140 128 158 143 114 89 74 54
43 44 44 44 44 44 47 44 43 44 44 44 46 91 102 101 109 141 151 139 136 131 134 96 77 58 53
44 44 44 44 44 44 45 44 44 46 44 45 48 152 164 152 175 152 151 122 133 144 118 88 63 61 52
43 46 43 43 44 44 45 41 44 49 44 43 60 146 153 141 163 150 120 99 127 114 94 78 57 60 50
44 44 44 42 44 44 44 44 42 44 49 44 72 142 145 136 156 118 110 112 107 83 85 68 54 58 49
41 43 44 43 45 41 44 49 44 43 44 43 72 141 138 130 151 98 89 98 77 73 74 55 50 53 52
43 42 44 47 45 42 44 42 43 44 43 44 57 129 129 122 136 106 92 78 63 58 59 53 50 49 47
43 42 43 43 44 43 41 43 49 44 43 43 51 101 104 94 111 64 62 55 53 49 50 54 46 46 46
43 44 42 43 44 43 44 42 43 49 44 42 49 77 79 77 83 66 66 57 57 58 51 49 46 44 45
43 43 43 45 44 43 44 44 42 43 44 43 49 79 80 78 83 79 71 64 65 63 53 58 48 45 45
42 39 43 44 44 43 44 44 44 46 44 42 46 82 84 80 87 83 74 72 72 60 55 62 50 48 49
42 43 44 44 44 43 42 43 44 43 44 47 45 78 80 75 84 80 81 78 70 61 53 52 56 47 47
42 46 44 42 44 43 43 44 43 44 47 44 44 73 74 72 79 86 95 90 70 62 60 56 54 52 48
41 44 48 44 44 44 44 44 44 43 43 44 49 72 75 72 79 97 105 108 69 63 70 64 71 59 48
43 44 47 44 43 44 43 44 45 43 44 48 45 65 67 64 68 97 102 97 76 68 84 91 97 71 52
43 45 46 46 44 44 45 45 45 44 44 44 44 65 68 63 67 103 104 110 93 104 164 209 277 150 85
45 44 48 46 46 48 46 47 45 43 45 45 46 68 68 68 72 106 108 134 153 224 284 283 408 311 163
44 46 49 48 47 48 46 46 45 45 46 45 46 69 72 72 74 104 128 182 228 326 352 250 354 397 188
44 43 47 51 46 45 46 44 44 45 45 45 47 68 72 69 74 102 159 250 289 344 298 199 134 174 199
44 46 45 48 51 46 46 46 44 45 45 45 47 68 70 68 72 118 214 279 329 393 323 143 102 119 113
44 46 46 47 50 46 47 45 44 45 45 45 47 72 76 77 81 206 251 355 428 367 291 111 109 148 80
44 46 49 47 47 47 46 48 45 44 45 46 47 80 81 81 88 262 319 477 482 420 287 122 137 104 79
45 45 47 47 47 46 46 43 45 50 46 44 47 72 75 73 78 266 364 459 471 394 203 125 103 98 74
45 46 48 46 46 46 46 45 44 46 49 45 47 70 71 69 74 217 556 693 488 243 161 111 104 92 71
42 45 47 46 46 43 45 48 45 43 44 44 46 57 55 57 57 93 278 458 232 132 108 78 73 68 57
44 43 44 44 44 45 42 44 48 44 43 43 43 46 47 45 47 56 74 95 88 67 78 66 65 54 48
43 45 46 45 46 46 43 44 47 44 42 43 44 46 47 44 47 55 65 79 75 83 89 97 96 63 56
42 49 52 46 49 56 47 42 44 48 44 42 44 46 47 47 46 54 63 71 71 95 89 104 80 79 59
44 53 56 51 49 51 46 45 44 42 44 49 46 47 49 47 48 54 66 76 73 94 108 113 90 81 67
45 49 59 58 56 51 48 45 46 45 44 44 51 50 49 49 49 61 71 80 84 110 118 121 106 89 68
44 47 69 66 59 56 53 47 49 44 45 51 48 50 52 50 53 66 85 81 92 131 120 128 125 100 67
46 51 82 68 60 56 51 49 46 46 50 48 48 52 52 52 54 73 83 82 92 120 119 126 120 110 62
44 64 78 71 60 53 54 53 48 46 44 49 52 52 52 52 56 86 88 76 80 96 96 103 110 93 65
46 62 72 62 53 52 57 53 47 43 48 51 45 49 51 48 47 78 63 59 67 74 79 85 91 74 56
42 45 53 52 51 48 54 51 46 45 44 43 45 46 47 46 44 55 52 51 57 60 63 66 69 59 53
