43 43 44 45 45 46 48 73 598 112 59 52 50 49 51 52 50 62 79 66 161 133 45 45 44 44 43
43 43 44 45 45 46 46 64 148 57 52 47 47 46 47 44 51 49 51 61 367 462 55 46 44 44 44
42 43 43 44 42 43 51 51 78 47 46 46 46 42 44 49 44 45 50 48 84 138 53 46 42 43 44
42 44 42 43 47 43 44 46 62 44 44 44 44 42 44 47 42 44 45 49 60 78 48 43 43 43 43
42 42 45 42 44 45 44 47 53 42 44 44 44 44 42 44 42 43 43 43 56 52 50 49 45 41 44
46 43 44 43 42 43 44 47 53 42 44 49 44 42 44 43 41 43 44 44 54 44 46 49 43 43 44
43 41 48 44 42 43 43 56 69 44 46 48 44 44 45 43 43 44 45 46 65 52 46 44 43 45 44
45 46 44 48 44 42 45 70 75 48 45 44 44 44 44 44 43 43 45 53 77 50 46 43 43 42 43
43 43 42 43 46 44 51 84 81 57 45 46 44 44 46 45 42 44 45 64 92 53 45 43 44 44 44
43 42 43 44 44 44 46 104 103 69 48 46 45 45 46 45 47 46 49 90 99 70 43 43 44 43 44
42 44 42 44 50 44 54 137 118 100 53 48 48 51 48 48 47 48 71 172 118 89 46 43 43 44 44
43 43 46 44 50 44 46 130 112 93 55 54 48 46 48 48 48 54 114 159 114 92 46 44 44 43 44
42 39 45 49 50 44 46 92 93 80 52 48 46 47 50 48 47 52 134 154 104 63 55 45 44 46 42
43 43 42 44 46 49 45 69 84 66 48 48 46 44 46 46 46 50 105 116 91 51 44 45 43 44 47
42 42 44 43 44 47 44 55 71 54 47 45 45 45 42 45 45 44 80 95 67 46 47 44 43 43 43
43 42 43 44 44 44 44 49 68 52 46 46 49 44 44 45 45 49 65 79 48 44 44 44 44 47 44
42 43 47 44 43 43 47 54 104 66 53 53 46 46 46 46 61 52 71 107 46 44 44 44 42 44 48
43 41 44 48 44 42 51 49 83 79 58 47 47 51 47 47 57 89 79 61 46 43 45 44 43 44 48
43 43 44 47 45 42 50 54 99 85 79 53 52 48 49 51 70 72 116 56 48 45 44 45 45 50 46
44 42 45 44 45 44 48 91 133 114 88 62 51 52 52 61 95 99 100 59 49 46 43 44 47 46 44
45 42 46 46 46 45 67 154 165 169 124 79 59 58 61 81 132 153 126 85 51 46 47 44 45 47 47
45 45 45 47 48 47 95 212 236 207 198 110 70 71 77 133 173 198 181 125 58 49 47 47 45 44 45
44 45 44 48 53 48 127 221 262 251 241 153 81 81 103 163 202 225 205 173 71 51 50 46 46 45 46
44 45 46 45 50 52 142 231 286 279 216 160 88 84 127 183 167 200 194 146 69 56 51 48 45 46 45
45 46 47 46 51 52 157 226 281 296 213 202 117 95 187 204 173 222 198 168 83 51 60 51 46 46 45
45 47 47 49 52 52 143 236 283 291 281 227 158 128 240 248 240 243 224 175 81 54 56 72 46 46 48
45 46 47 49 51 50 138 203 260 246 305 209 142 147 228 273 268 188 234 196 97 64 52 50 47 46 46
46 46 49 54 57 54 145 292 407 346 418 339 205 350 324 359 352 295 316 233 85 60 89 112 50 47 47
46 50 49 54 56 54 125 226 272 340 359 282 255 353 307 308 233 221 179 146 60 55 149 78 46 44 47
45 46 48 51 54 50 103 181 182 256 224 259 227 265 243 244 168 186 138 100 55 49 59 49 46 45 46
44 46 52 53 54 52 79 151 177 231 243 271 244 302 227 258 178 179 123 89 54 52 56 46 45 50 46
45 55 48 50 53 54 108 184 187 236 223 252 250 333 238 258 167 168 137 85 54 52 53 49 44 46 46
44 46 51 55 50 48 75 140 154 197 201 214 191 255 200 195 136 125 119 70 56 50 53 47 44 47 46
45 58 63 48 51 47 63 133 175 162 150 133 128 165 144 141 111 122 108 59 51 56 64 49 46 44 44
45 45 54 48 46 44 52 82 103 139 101 100 108 104 110 113 89 89 72 56 48 46 63 43 44 47 45
49 44 46 45 45 44 55 60 97 113 97 90 87 74 78 86 77 70 58 49 49 54 99 45 42 44 50
44 45 54 45 46 45 47 51 59 70 69 60 63 67 62 63 58 56 51 44 45 49 79 45 42 44 49
44 53 46 44 45 42 45 49 52 63 57 56 59 58 54 61 53 48 48 45 45 48 60 45 49 44 44
46 45 47 48 47 45 45 51 51 58 61 56 55 55 52 63 53 47 47 46 47 62 87 50 48 44 43
49 53 58 53 47 47 53 78 69 79 70 67 57 53 56 78 58 51 48 47 48 52 65 44 43 50 47
47 56 63 81 63 56 56 105 62 71 66 76 64 63 67 92 91 53 53 53 51 76 78 51 45 43 59
48 53 53 156 94 51 51 71 58 68 72 63 64 68 58 65 63 50 51 53 74 101 62 91 46 48 58
45 46 50 230 266 53 49 56 53 61 73 70 63 60 59 67 64 54 48 50 64 91 60 80 45 45 54
47 50 65 167 136 59 59 52 56 69 70 78 59 58 63 64 60 56 51 46 54 57 46 50 45 44 50
46 43 64 110 124 77 57 60 63 76 82 75 68 63 70 70 72 65 52 53 49 56 47 44 44 44 42
44 44 53 93 152 72 56 62 79 103 84 83 93 78 76 85 94 79 62 54 48 74 48 44 44 42 44
43 43 45 69 144 74 55 60 79 85 104 97 107 91 100 96 93 87 72 52 57 83 55 46 44 44 43
45 44 45 49 60 76 59 71 92 103 113 124 153 109 116 123 117 111 84 63 56 87 51 47 44 44 44
51 44 45 47 54 90 67 84 132 135 158 158 169 138 116 130 124 104 93 65 70 67 49 51 44 46 45
44 44 46 48 51 63 68 97 134 140 173 183 201 156 137 153 183 142 119 89 63 63 49 47 44 45 46
46 42 46 54 51 66 92 107 141 160 175 203 212 158 160 184 209 162 134 119 76 65 50 47 45 43 45
45 49 46 47 51 62 110 128 136 163 190 201 206 158 166 186 170 144 121 111 85 53 50 47 44 45 48
44 44 51 49 49 49 71 112 147 165 168 189 200 150 156 169 157 124 112 92 74 57 50 46 44 46 46
43 43 45 46 48 47 54 74 110 137 134 159 142 132 126 136 126 93 68 58 50 47 48 46 44 46 45
48 44 43 45 45 44 48 53 60 81 92 115 98 85 83 90 75 58 56 48 46 47 46 43 43 44 44
41 44 49 44 44 44 46 46 50 52 58 66 63 63 60 63 51 47 48 43 44 44 44 44 45 43 45
44 49 44 42 44 43 51 46 46 48 49 51 54 56 51 54 46 44 45 44 44 44 43 44 47 44 42
43 43 44 44 46 46 48 53 47 46 49 50 52 56 50 51 45 44 45 45 44 44 45 43 46 44 43
43 42 40 44 49 49 55 51 46 49 51 54 54 58 55 58 46 48 47 45 45 45 45 42 44 46 45
43 44 44 46 52 50 53 52 48 51 51 53 52 55 58 54 49 50 51 48 45 46 45 43 44 42 44
40 43 50 46 53 51 51 50 49 51 53 52 56 58 56 57 55 50 56 49 50 47 45 45 44 44 42
43 42 46 50 50 50 50 51 50 50 52 55 55 50 59 67 59 51 74 49 49 47 47 49 45 44 42
42 42 47 50 47 46 48 49 47 48 50 53 50 48 56 58 51 50 55 45 46 50 49 51 44 44 49
45 42 51 44 44 45 43 46 46 46 47 50 48 44 46 50 46 45 47 44 44 46 49 48 43 44 49
