42 43 41 43 49 43 44 43 42 43 45 44 45 43 44 46 43 43 44 43 44 43 43 43 43 43 46
43 43 40 43 46 43 46 43 42 43 45 45 46 41 44 48 41 43 43 43 45 43 43 43 43 46 44
43 43 44 43 47 44 42 43 43 43 49 47 46 49 44 43 42 43 43 44 44 43 44 43 41 43 44
43 44 46 43 46 44 42 43 44 47 99 115 65 54 47 44 43 43 44 47 45 42 43 42 42 44 42
45 44 44 43 45 48 44 42 45 46 56 182 167 69 55 46 44 44 44 44 49 44 44 43 43 44 44
44 43 44 45 44 46 44 42 44 45 48 59 114 135 64 48 45 46 45 42 44 42 43 44 42 44 48
43 43 47 43 44 43 43 44 42 44 50 48 54 96 93 67 49 44 50 44 44 43 42 43 44 43 43
43 43 47 44 44 43 43 44 43 44 42 46 51 79 85 68 53 42 44 42 44 42 43 43 43 44 43
43 44 46 44 48 43 48 44 40 44 44 47 54 113 77 48 44 42 44 43 44 46 44 42 43 42 43
43 44 44 42 44 44 42 44 49 45 44 49 56 99 105 45 44 44 45 40 44 48 44 42 43 42 43
42 43 44 44 45 41 44 49 44 44 46 52 88 104 57 45 44 44 41 45 42 43 48 43 43 43 42
44 44 44 44 46 44 44 41 45 52 50 68 115 135 52 46 45 43 44 49 45 43 43 42 42 44 44
44 50 45 43 45 42 44 44 44 49 54 106 132 118 51 46 44 46 42 44 49 44 43 43 42 43 44
45 45 49 44 45 44 44 45 45 50 74 118 146 115 54 48 46 46 44 45 49 44 44 44 42 43 45
45 43 44 43 45 44 44 45 46 56 118 126 108 104 50 47 49 46 45 46 44 43 46 41 43 48 44
52 46 44 45 45 44 45 46 52 110 153 174 119 97 51 49 50 47 44 43 45 42 44 47 44 45 44
47 46 43 44 46 45 46 44 56 169 211 129 108 71 53 50 49 45 48 43 43 46 43 43 46 44 44
45 48 45 43 46 44 45 46 60 215 189 114 89 64 52 48 47 45 49 48 44 43 44 42 43 44 43
44 44 44 42 46 50 45 45 80 198 138 91 66 59 52 48 46 50 45 43 44 42 44 44 43 44 44
45 44 46 42 45 45 45 47 84 174 105 76 54 55 49 49 46 44 44 44 42 44 48 43 43 44 43
46 44 40 44 50 45 46 57 150 188 108 74 56 50 54 52 45 45 44 44 45 43 44 46 43 44 45
43 45 48 45 47 46 45 61 229 172 156 87 60 59 67 52 52 45 41 44 45 46 42 43 43 44 44
44 45 49 44 47 46 46 54 142 180 164 116 78 68 77 60 59 47 48 46 46 44 44 49 44 43 44
47 47 44 45 48 46 48 48 113 230 173 152 122 105 96 76 73 50 51 46 46 50 44 44 43 43 44
51 46 47 50 50 48 48 48 102 209 201 200 188 156 185 101 95 63 52 50 48 46 45 44 41 44 49
53 48 49 46 50 48 46 50 77 122 171 216 196 225 296 146 141 80 62 56 51 49 46 44 44 44 45
52 49 46 46 50 47 47 49 56 86 119 193 197 229 280 160 157 148 76 58 51 51 47 44 44 44 44
55 57 46 48 50 49 53 51 56 74 128 183 287 322 275 253 231 287 162 104 69 61 48 45 45 45 45
50 48 48 46 46 47 53 49 51 59 80 118 156 222 213 266 245 194 155 125 76 61 47 45 44 43 44
44 45 46 45 47 44 46 51 49 52 58 74 97 133 138 206 194 139 175 135 81 70 51 44 44 44 44
46 46 44 45 47 46 47 45 48 56 56 63 85 113 121 221 207 168 207 245 141 126 51 44 44 45 42
46 49 45 44 46 45 46 47 47 50 56 60 71 107 110 242 224 179 177 274 172 158 60 44 44 46 46
44 44 44 44 46 45 48 44 45 48 49 53 61 85 97 115 108 166 145 159 146 156 78 46 46 44 45
44 44 50 45 44 44 44 44 46 45 48 54 53 70 78 101 97 163 168 160 138 172 74 46 44 43 44
48 44 45 45 45 45 46 46 43 47 53 51 53 59 69 118 113 167 239 182 145 182 97 49 48 51 45
44 44 43 44 45 44 45 42 45 50 46 47 51 56 89 75 72 110 144 169 124 146 51 45 49 48 44
43 45 44 42 44 44 45 44 44 44 47 54 54 65 84 74 72 80 81 152 87 86 45 49 49 44 43
43 45 44 42 44 44 44 45 42 46 52 49 53 75 84 76 73 96 84 93 74 56 57 46 45 44 42
43 43 40 44 50 44 45 45 45 46 47 51 54 81 74 84 78 92 81 90 68 52 59 47 44 44 42
43 44 39 44 50 44 45 46 44 46 48 50 57 77 76 84 76 79 73 80 58 45 52 50 44 43 44
42 44 49 44 45 46 46 53 49 48 48 52 63 79 77 90 84 77 71 64 51 46 48 42 44 48 44
44 44 47 45 44 45 54 82 59 50 51 58 64 89 83 85 84 75 72 56 49 45 45 44 43 44 47
45 44 45 49 47 50 98 146 108 65 54 60 72 91 86 85 79 71 69 50 48 44 44 44 44 44 45
46 44 46 51 49 85 168 171 136 100 65 67 69 82 79 79 75 62 60 47 46 45 44 44 42 44 48
46 45 50 46 52 122 131 137 121 108 95 76 66 81 88 87 86 66 53 49 46 44 44 44 43 44 47
49 48 46 46 78 123 89 60 109 113 108 127 89 85 105 101 98 64 50 48 46 45 46 43 44 46 44
52 49 46 50 134 102 56 52 80 124 140 161 152 109 120 105 95 55 50 48 47 46 49 44 42 44 44
60 57 46 81 174 53 52 52 63 107 168 215 268 202 146 110 101 56 53 52 48 49 45 43 44 44 44
63 54 47 71 98 51 52 54 59 113 211 242 313 209 148 98 93 58 50 50 49 47 45 44 44 43 44
67 57 54 101 58 54 52 58 62 99 217 299 342 281 178 105 98 59 55 53 50 48 47 44 43 44 44
107 114 56 53 59 53 55 59 66 95 193 430 458 308 191 90 86 62 58 54 52 48 45 44 46 45 45
552 255 50 53 64 56 56 61 71 97 211 699 546 305 154 83 76 64 61 54 51 49 45 45 45 46 46
103 58 49 49 53 51 51 58 60 70 89 300 369 171 80 61 59 52 50 49 47 48 45 43 44 44 44
47 46 44 43 49 50 53 51 48 48 54 62 64 55 48 46 45 44 43 40 44 42 43 47 44 43 43
46 45 44 47 72 68 61 54 57 60 54 56 55 51 46 46 45 43 47 43 44 44 41 44 48 45 43
44 45 49 77 82 104 87 65 67 62 56 59 52 47 47 45 44 44 46 44 44 46 42 44 47 44 43
44 49 81 69 92 156 128 88 78 76 66 55 50 48 47 46 45 45 44 45 42 44 50 44 43 44 46
45 95 74 70 99 111 128 105 84 76 64 55 52 51 52 47 45 45 45 45 45 44 48 44 43 43 44
47 85 87 86 96 102 122 108 84 76 66 56 54 59 51 49 45 46 49 46 46 44 46 50 45 43 45
55 55 104 92 106 102 122 111 95 74 62 61 61 56 52 52 51 51 51 49 48 48 50 46 45 50 47
56 57 109 89 82 83 82 84 83 62 57 65 54 51 53 52 53 55 54 48 49 51 48 53 43 45 50
47 72 96 83 74 71 76 89 70 57 57 59 54 54 55 55 54 57 62 47 48 52 50 49 50 44 49
44 69 82 71 63 60 70 72 60 52 54 53 56 49 53 53 51 56 49 46 48 53 50 48 56 44 45
44 48 54 54 53 52 67 59 53 49 48 49 48 46 48 48 47 46 45 45 46 53 47 47 52 43 44
