47 44 42 44 43 43 45 47 52 111 121 71 47 44 44 45 42 44 45 44 72 59 48 48 44 42 43
42 40 43 45 46 45 46 50 62 307 393 65 53 48 48 50 48 48 52 49 98 142 61 50 44 44 45
42 44 44 45 43 44 50 46 59 163 129 55 50 46 46 50 45 46 50 46 103 301 65 46 44 43 43
41 43 44 43 45 42 44 49 53 70 60 47 48 46 44 45 44 44 46 46 74 187 54 49 44 43 44
41 43 46 44 44 41 44 49 46 58 50 46 45 44 43 44 43 43 41 45 54 83 57 44 44 44 42
43 42 44 44 44 44 42 44 51 59 46 46 44 43 44 43 42 44 44 44 56 66 49 46 43 42 43
42 46 45 42 44 43 46 49 51 66 45 44 44 44 42 44 43 43 44 43 63 58 44 44 42 43 47
44 43 48 43 44 44 44 46 66 84 45 45 51 44 45 44 43 42 44 46 68 63 45 44 43 43 42
41 42 43 44 44 44 44 49 85 94 51 45 44 44 45 45 44 44 49 54 91 81 43 44 49 44 42
43 43 44 42 44 44 47 57 92 92 64 46 44 44 45 44 47 46 46 65 111 101 46 41 44 43 44
45 44 43 43 44 44 49 84 108 110 67 46 46 44 45 47 45 45 52 91 136 147 53 45 47 44 45
42 46 44 43 45 44 47 94 115 105 82 49 47 46 45 46 46 46 61 164 149 159 54 44 46 45 43
43 45 45 44 46 45 46 89 103 96 75 48 47 47 44 47 46 47 110 174 130 157 54 45 45 44 42
43 44 41 44 48 44 47 90 114 90 70 49 47 44 46 51 45 49 125 165 121 132 50 46 44 45 45
43 43 44 44 45 46 45 63 104 79 64 47 46 46 47 47 46 47 109 150 117 107 59 44 44 44 44
40 43 49 44 44 44 43 50 97 87 55 47 46 47 46 44 46 48 88 129 108 70 49 44 43 44 43
43 41 44 44 45 44 44 46 78 67 49 45 46 46 45 46 46 49 70 104 78 48 47 44 43 44 45
43 40 43 49 45 44 44 48 66 83 49 46 46 45 47 46 43 64 80 106 59 46 46 43 43 43 44
42 43 41 44 49 44 45 53 59 64 47 45 44 44 46 46 45 56 97 80 55 45 44 44 43 46 46
44 42 45 43 45 44 43 49 74 81 48 45 45 44 46 43 51 57 93 63 47 44 44 43 44 42 44
43 46 42 43 46 44 45 51 88 106 64 48 47 46 46 47 60 85 86 57 48 47 45 44 44 44 44
42 44 44 44 44 46 52 70 105 133 92 55 50 46 51 59 81 102 101 68 51 53 46 44 44 43 43
42 43 44 44 47 44 46 90 135 130 128 71 52 51 56 70 103 124 123 101 52 49 47 44 43 44 44
43 43 45 45 48 50 50 94 168 174 142 81 57 54 56 92 99 114 122 88 55 51 49 46 42 45 44
43 44 47 46 49 48 54 113 168 186 153 113 67 58 72 104 115 148 117 101 57 53 49 46 46 44 44
43 46 46 46 51 48 56 119 158 145 159 107 68 58 77 116 121 133 120 97 62 52 47 47 45 44 44
43 43 49 56 61 67 62 100 136 114 123 101 63 64 77 111 137 93 109 115 63 50 51 49 43 44 44
43 43 44 54 61 61 71 114 193 175 219 128 85 88 117 157 204 145 138 125 78 53 55 54 45 45 45
45 44 44 47 53 53 66 122 144 209 166 148 113 146 157 170 136 121 102 92 56 55 53 50 45 50 45
43 44 46 47 52 51 54 107 113 168 142 138 148 141 141 162 108 103 88 72 51 52 51 48 44 45 43
44 45 46 45 53 56 63 103 132 178 156 171 154 196 147 178 133 122 87 65 52 53 53 51 45 44 44
44 44 46 51 56 50 64 124 164 190 165 177 168 240 178 215 141 122 95 63 53 56 55 52 43 44 49
44 49 49 48 54 52 66 122 148 178 169 177 159 222 177 196 130 108 91 61 52 56 54 51 46 45 44
43 44 41 48 58 50 57 110 119 142 146 146 158 177 152 134 103 98 91 54 51 50 53 55 44 44 44
42 44 49 48 51 49 52 98 116 134 114 118 115 129 129 116 88 96 73 52 50 49 49 47 44 44 42
43 46 41 53 62 48 50 62 76 101 82 81 100 94 83 100 67 70 54 46 47 46 46 46 42 44 47
42 42 44 66 73 45 47 50 58 73 67 65 82 74 62 79 55 60 51 46 42 46 50 44 44 44 42
43 44 44 95 120 57 46 47 54 64 65 66 71 65 67 89 63 59 50 44 45 46 45 45 46 44 45
43 46 46 117 157 67 47 48 59 73 74 81 68 69 66 79 68 61 51 46 45 46 48 46 44 45 44
43 49 46 120 215 83 49 48 55 73 81 91 67 69 70 86 68 60 51 46 46 47 50 47 44 46 44
42 48 53 134 200 73 49 49 61 82 83 96 76 72 75 96 66 59 51 46 47 51 52 53 44 43 44
42 48 49 99 142 71 47 50 65 90 109 98 93 91 79 98 67 59 51 52 48 48 72 102 46 45 45
47 46 45 71 121 98 48 54 85 101 121 113 114 114 83 97 78 67 56 47 49 60 146 194 59 44 46
47 51 46 58 129 104 50 66 92 104 130 155 131 120 86 93 89 71 54 50 51 109 241 276 57 44 44
44 53 45 57 99 116 54 89 103 107 137 143 130 125 102 111 104 78 61 52 56 188 277 252 49 44 45
44 52 46 55 111 121 62 125 136 137 128 159 160 144 126 131 118 93 71 56 79 231 277 157 61 44 46
44 44 45 55 115 116 92 148 154 177 148 140 162 143 153 154 134 103 74 57 106 221 227 85 56 44 45
44 45 44 51 93 108 101 142 156 167 167 148 174 152 155 183 157 128 88 72 122 169 121 55 47 49 45
43 49 44 49 70 103 116 130 141 155 161 143 160 133 120 146 141 106 99 92 121 122 68 53 54 45 44
44 52 46 47 55 90 92 106 119 116 137 137 136 127 119 135 147 108 112 128 136 91 56 50 42 52 49
44 44 45 46 51 59 65 94 101 96 111 122 106 103 108 122 120 116 123 139 103 59 57 49 45 46 44
43 43 42 45 54 48 51 59 64 81 90 89 95 80 88 93 76 95 85 87 58 49 49 46 49 44 43
43 43 49 44 48 47 46 50 54 63 63 67 72 69 68 65 56 58 55 53 47 48 46 47 44 42 44
44 43 47 44 44 48 49 47 49 49 52 60 57 53 54 53 48 46 47 46 45 43 45 44 44 43 44
41 43 49 45 44 45 46 44 48 54 53 60 52 52 48 46 47 46 45 44 45 42 44 44 42 43 45
43 41 46 50 46 46 47 44 49 54 53 59 60 51 50 49 44 45 46 44 44 45 46 44 45 44 44
46 43 45 44 52 63 52 49 59 64 67 76 60 56 59 54 46 44 47 46 46 46 43 45 48 44 43
50 44 44 48 56 60 67 59 66 77 74 78 66 65 62 59 52 48 47 47 46 46 47 45 44 47 44
45 44 48 56 64 63 66 66 74 91 88 85 74 76 70 65 54 52 51 50 49 50 49 44 45 48 44
43 44 51 68 74 67 79 81 76 96 91 88 84 77 74 78 60 58 58 56 53 56 51 46 44 44 44
43 44 52 65 68 65 74 74 73 86 81 89 84 71 76 83 64 62 63 59 56 56 52 48 44 44 42
43 45 53 63 66 68 72 69 70 70 76 80 73 65 74 84 70 76 64 54 60 59 52 48 46 43 44
42 45 50 58 60 57 65 68 65 62 72 71 63 60 62 73 60 83 54 50 50 56 57 49 44 44 46
43 44 47 47 51 54 54 59 56 55 61 61 52 51 54 57 49 57 53 49 48 55 51 47 44 43 44
