42 46 46 46 45 46 44 43 42 44 45 43 44 43 44 45 41 43 42 42 44 43 44 41 43 47 44
42 46 54 55 49 42 46 48 44 45 46 44 44 44 42 43 42 42 44 42 43 43 42 44 41 44 47
43 51 72 72 60 51 46 44 46 58 55 46 45 41 44 48 44 43 42 45 44 41 43 44 43 44 41
44 52 93 250 84 55 51 51 56 206 115 51 44 45 48 44 42 43 44 43 47 44 42 43 43 43 44
44 52 116 353 75 58 58 55 62 313 158 55 49 46 42 45 43 43 45 43 46 44 42 43 44 44 45
43 48 72 134 64 46 50 47 49 94 111 49 46 42 44 48 46 43 45 44 42 43 43 43 44 41 44
42 46 61 89 49 44 50 44 46 67 73 50 45 44 44 43 47 43 44 43 42 43 43 43 43 41 43
43 47 59 63 44 44 44 44 44 50 53 47 46 43 43 48 46 44 43 43 43 43 43 43 43 44 44
42 49 56 62 47 43 44 42 43 46 53 45 48 44 43 44 42 42 43 42 44 38 41 43 44 43 44
41 45 84 70 45 44 44 44 45 53 82 50 45 44 43 42 42 44 43 43 44 42 43 43 43 43 46
44 49 145 117 51 46 47 45 46 68 117 54 48 44 45 44 44 43 44 44 44 43 43 43 47 44 43
44 66 147 128 53 48 46 48 52 79 122 75 46 44 44 43 43 44 41 43 49 43 44 44 42 43 44
44 106 189 136 76 49 49 48 49 83 112 86 49 49 44 42 42 43 44 44 44 44 44 43 44 43 42
45 146 202 126 99 50 55 50 54 88 106 101 49 46 45 43 43 43 44 42 44 47 44 43 43 42 43
49 141 191 121 105 50 53 50 60 101 104 92 48 44 44 44 44 43 48 42 44 44 44 43 43 44 44
48 106 184 120 109 52 54 51 64 119 116 113 52 45 44 45 43 43 46 42 44 44 43 44 46 44 46
46 91 180 110 92 49 52 50 59 98 104 86 52 46 43 44 43 43 44 46 42 42 45 45 44 44 44
48 49 108 99 63 46 49 46 50 84 86 68 49 45 45 44 44 44 43 48 46 42 45 44 42 43 44
43 47 85 88 48 46 50 46 48 58 79 58 46 44 44 43 40 42 48 43 44 43 42 43 43 43 44
43 45 65 74 51 45 43 46 49 58 85 64 45 44 44 41 41 43 43 43 44 42 44 44 43 45 44
43 46 56 70 50 45 46 49 45 51 67 51 45 44 41 44 42 42 43 42 44 44 43 43 43 43 46
44 51 76 79 56 46 50 47 45 53 81 61 47 43 44 46 43 43 43 44 44 41 43 44 43 44 43
44 45 62 95 76 54 48 47 50 71 105 91 47 45 47 44 42 43 44 44 45 44 43 43 46 44 42
45 50 96 102 92 60 51 53 55 101 141 98 61 46 44 44 42 44 44 43 45 44 42 43 43 43 45
46 57 193 135 110 70 55 58 63 119 140 127 78 48 45 47 49 44 44 45 43 43 44 43 44 42 44
48 71 158 127 116 91 58 60 68 121 112 119 89 51 44 46 49 44 44 44 42 43 44 43 44 42 44
46 88 137 108 103 91 56 55 61 120 95 104 88 61 45 46 44 48 44 45 45 42 43 43 43 44 42
51 88 174 144 121 104 63 67 96 100 124 142 117 91 48 45 46 44 44 46 45 46 44 42 44 44 44
51 106 173 188 136 107 68 68 93 98 113 115 100 105 49 48 45 44 41 44 46 45 47 44 42 44 44
66 104 162 144 114 92 67 77 78 122 97 101 95 101 54 49 44 44 41 44 43 44 48 44 43 44 43
54 129 168 193 142 125 116 120 104 158 121 145 111 89 51 46 45 44 42 44 49 44 44 44 43 44 45
60 150 230 186 129 123 144 188 177 159 145 164 111 99 58 48 46 44 44 45 42 44 49 44 44 44 43
61 119 179 152 102 92 116 180 213 151 153 157 113 104 58 47 46 44 45 42 45 48 45 44 44 43 44
56 125 222 160 104 85 119 176 198 152 145 145 122 91 50 49 45 45 45 44 45 42 45 47 45 43 44
55 75 108 128 101 86 130 195 174 152 156 129 125 105 58 48 47 44 48 42 44 44 42 44 48 44 44
55 66 107 139 152 127 150 158 149 161 132 126 112 84 48 48 46 44 45 48 44 44 44 44 44 45 49
50 58 81 129 141 127 116 138 95 102 106 87 75 55 46 46 48 44 45 46 43 43 45 43 44 49 44
53 61 76 113 140 121 100 121 92 75 79 80 58 49 46 46 43 43 43 43 45 43 44 44 43 44 44
45 53 54 63 93 86 76 85 63 67 68 61 54 53 45 45 42 43 44 42 44 41 44 48 44 42 44
47 47 57 60 82 91 88 81 62 70 65 64 57 48 49 46 45 42 43 43 44 44 41 43 48 44 43
50 50 50 59 88 95 81 93 61 71 69 64 57 48 46 50 46 44 43 43 44 42 43 45 43 44 46
63 48 54 63 80 93 83 78 60 72 77 63 59 47 49 61 53 46 44 43 45 44 42 44 44 43 44
92 50 54 55 83 115 105 93 64 77 80 67 56 48 52 148 151 46 45 44 43 45 48 44 45 44 42
118 50 57 58 87 119 129 114 81 97 83 83 60 49 49 76 61 46 43 44 47 44 46 45 43 43 44
115 54 60 65 102 149 147 136 103 110 103 89 64 51 51 70 64 45 43 44 43 43 44 44 44 45 44
156 69 65 74 110 155 171 137 138 114 97 97 76 55 56 76 63 49 45 44 44 44 44 44 44 44 44
133 77 72 94 124 164 177 170 143 129 120 97 85 58 55 74 55 43 44 48 45 44 44 43 43 45 44
125 83 91 120 135 161 168 189 137 131 126 100 109 72 52 78 51 45 40 42 45 45 44 45 43 45 47
157 104 115 142 176 172 167 187 165 159 136 153 141 85 52 75 48 45 39 44 51 45 45 45 43 44 45
152 131 144 158 172 179 175 173 155 131 140 177 147 109 57 68 47 44 44 41 45 49 45 46 44 43 44
131 207 166 155 170 190 194 179 157 132 142 156 127 78 65 71 44 45 50 44 45 45 44 44 44 44 45
109 253 210 198 158 200 198 172 141 126 134 133 100 73 65 58 47 43 45 48 45 46 45 43 44 44 44
56 121 96 115 127 145 173 142 115 100 96 91 73 64 53 48 44 44 45 41 44 47 45 46 44 42 44
47 53 53 61 78 110 108 79 66 77 65 62 52 46 45 46 45 44 46 43 44 44 42 43 48 44 44
43 45 46 45 50 55 59 55 49 51 54 47 45 44 42 43 42 43 44 46 44 43 42 44 40 43 52
45 46 50 50 60 81 85 64 62 57 55 49 47 45 43 44 46 43 44 47 43 43 44 40 43 49 45
51 50 56 63 89 122 116 85 78 68 56 57 50 45 45 45 42 43 44 44 44 44 41 44 47 44 43
48 59 57 78 110 123 119 100 72 75 60 52 50 52 45 45 42 43 44 43 44 43 44 47 45 42 44
49 52 73 93 111 117 129 109 77 72 63 57 49 49 50 46 44 42 44 45 45 45 44 44 44 48 44
52 55 99 114 127 125 139 125 91 74 71 68 56 50 49 50 47 48 48 45 46 47 47 45 42 44 48
50 57 132 130 128 123 128 125 93 75 70 65 62 51 51 58 50 49 50 49 48 49 46 46 44 44 44
49 63 108 116 103 101 112 99 78 65 62 63 62 50 50 62 57 52 54 49 46 50 48 46 47 42 44
46 53 110 105 89 83 85 84 74 61 62 60 54 56 50 59 57 54 45 48 45 50 51 47 48 46 44
46 51 96 84 73 79 76 74 61 61 57 57 49 50 49 50 51 46 44 45 44 51 53 49 46 47 44
