43 43 44 43 43 44 46 43 44 44 42 43 44 42 45 42 47 43 44 44 42 43 44 43 44 41 44
44 44 40 43 48 43 42 43 42 43 44 42 44 48 44 43 40 42 44 44 44 41 43 48 44 42 44
41 43 49 43 43 44 44 43 48 44 43 44 43 43 45 43 42 42 44 39 44 49 44 43 44 42 44
42 43 44 43 44 41 44 48 43 43 44 42 44 44 43 44 43 42 41 44 42 43 48 44 44 44 42
43 42 44 43 44 44 44 43 44 44 44 42 44 43 44 44 43 42 40 44 45 43 46 44 42 44 43
43 42 44 44 44 43 43 43 47 44 42 43 44 42 44 41 42 43 43 44 48 43 42 43 43 44 44
43 44 49 44 43 44 41 43 49 44 44 43 44 43 46 43 41 43 46 44 46 43 42 43 43 44 44
44 43 48 44 47 43 40 44 42 43 44 43 44 43 44 43 42 43 47 44 48 43 46 43 44 44 42
41 44 44 44 44 43 44 43 44 43 44 42 44 44 44 44 42 43 42 48 42 43 44 42 46 46 44
41 43 48 44 43 43 42 43 44 43 44 46 44 44 44 42 43 43 43 43 44 42 43 44 47 45 46
43 41 44 49 44 42 44 42 43 44 43 44 44 43 45 44 42 44 43 43 48 41 43 44 48 46 47
43 46 44 42 45 42 43 44 42 44 47 43 44 43 42 43 42 42 44 44 43 43 46 44 63 49 42
42 43 41 43 46 43 46 44 42 43 43 43 44 40 44 49 42 44 44 43 44 43 41 44 149 57 43
42 43 40 43 49 43 43 44 42 43 44 43 44 46 44 45 42 43 44 43 45 41 44 52 338 95 44
40 43 49 44 43 43 42 43 44 43 44 42 44 46 44 43 44 44 43 44 44 44 44 47 223 138 45
40 43 49 44 43 43 42 43 45 43 44 45 44 45 44 44 44 44 45 45 46 42 45 48 162 68 44
43 41 44 48 44 43 44 42 46 44 44 44 44 45 48 53 52 44 46 46 52 55 47 68 151 55 53
43 41 44 49 44 43 44 42 46 47 47 48 49 50 63 67 60 52 65 77 70 93 71 91 127 63 45
43 46 43 45 50 45 46 47 50 53 55 66 71 92 101 201 189 153 160 103 150 105 130 89 114 94 45
45 44 48 46 46 46 46 50 60 64 77 114 132 174 200 240 223 175 146 79 82 61 59 46 53 50 47
46 46 46 46 46 47 49 59 72 157 119 182 147 156 196 208 196 127 82 60 58 50 47 45 46 46 46
44 45 49 48 46 49 51 70 199 146 194 181 171 147 175 148 142 68 58 58 50 49 46 43 45 46 44
42 44 46 45 46 49 52 66 180 222 159 121 95 84 76 89 88 56 51 47 50 47 46 45 43 44 44
43 45 47 46 46 46 49 57 138 293 225 148 98 67 70 76 74 57 46 48 51 48 47 47 43 44 44
43 44 49 49 46 49 52 54 120 252 261 235 200 129 114 78 78 63 58 54 50 46 45 44 44 44 46
43 45 53 50 47 50 50 53 74 136 212 261 226 236 268 116 110 68 70 60 52 51 44 44 44 45 46
44 46 50 50 44 49 54 52 56 92 147 234 222 247 282 155 145 122 66 60 57 51 47 42 45 49 45
44 52 49 51 52 51 51 54 61 84 157 209 318 349 278 242 239 279 154 84 70 65 49 53 47 45 45
42 45 49 47 46 47 49 49 55 66 97 127 172 249 223 263 256 200 158 122 70 58 48 46 50 46 44
43 44 47 45 45 46 47 49 48 55 61 78 101 145 150 201 197 141 180 129 81 64 46 45 49 45 43
43 43 46 44 44 46 46 48 47 52 62 64 78 110 121 207 203 164 177 224 132 114 55 45 45 45 44
43 44 41 45 50 45 46 47 48 51 56 59 66 94 102 219 213 174 168 249 166 148 64 45 45 45 44
43 43 41 44 48 44 44 46 45 48 51 52 59 82 87 105 102 161 145 159 145 150 80 51 47 44 44
43 41 46 42 45 49 45 44 46 46 48 51 53 70 80 95 92 157 165 164 139 166 72 43 45 49 44
42 44 48 44 44 45 45 46 47 46 49 55 54 60 68 107 105 159 237 185 148 178 95 46 47 52 47
43 41 44 49 45 43 45 44 45 46 47 50 54 57 88 73 71 95 136 173 126 146 52 44 44 48 44
43 42 44 48 44 42 44 43 44 46 46 49 57 66 85 72 67 75 73 147 84 85 52 48 45 46 43
43 42 44 43 44 44 43 45 49 46 48 50 52 75 87 79 76 99 84 95 79 56 52 46 44 44 49
42 44 42 44 42 44 50 46 45 47 48 52 55 85 76 88 83 93 84 97 76 54 55 44 45 49 44
42 46 44 44 45 42 45 51 46 47 50 51 57 80 81 86 83 87 78 88 65 48 50 45 44 44 44
42 44 44 44 50 46 47 52 50 50 50 54 66 85 82 95 91 84 79 78 55 47 50 42 44 44 44
42 43 46 42 45 50 51 61 62 52 53 56 65 98 88 91 88 84 76 60 51 46 46 44 44 44 44
42 44 46 46 46 49 67 163 148 78 59 59 72 104 95 93 89 80 72 54 54 46 46 44 42 44 44
43 47 47 48 46 56 117 223 191 148 76 69 76 92 88 89 83 71 71 50 47 47 44 43 44 44 45
43 46 48 52 49 50 123 201 182 146 125 88 78 94 95 101 96 76 63 50 47 46 44 44 44 44 44
44 44 49 49 47 62 125 109 120 144 129 139 98 95 112 118 109 74 54 49 48 46 46 43 44 47 45
43 45 50 50 49 66 109 60 82 136 162 169 156 119 133 110 107 64 55 45 48 50 45 46 45 43 44
42 45 51 52 49 71 79 58 63 110 182 220 264 204 152 117 113 60 56 52 48 47 46 45 47 45 43
44 44 54 54 48 90 61 57 63 122 239 261 327 227 155 107 104 62 55 52 50 47 48 45 46 45 43
44 44 56 56 49 107 61 63 66 108 244 311 356 290 188 112 113 64 56 54 50 48 47 45 46 47 45
49 46 60 62 59 84 59 66 68 99 220 460 463 296 193 102 98 66 58 55 54 49 48 45 44 44 45
45 48 164 141 59 63 61 67 78 97 266 731 506 291 161 91 88 67 61 55 51 50 47 48 46 44 45
46 42 117 176 56 60 57 61 64 71 100 301 389 159 86 70 64 55 52 47 48 49 45 46 45 44 44
46 44 54 67 53 56 53 52 55 47 52 69 69 54 50 45 45 45 46 42 44 43 43 44 42 44 48
44 44 52 59 114 78 65 60 62 57 52 58 60 52 47 46 45 45 47 42 44 43 43 46 41 44 49
43 48 51 99 101 124 98 71 70 63 55 56 58 49 46 47 41 45 46 44 43 45 43 43 44 42 44
42 51 88 79 121 184 141 95 84 77 64 54 53 55 49 46 46 46 46 43 44 44 44 44 41 44 52
43 106 73 77 108 132 142 113 86 81 68 56 55 49 49 52 46 46 44 45 46 44 44 42 44 48 45
45 90 95 88 101 110 130 120 88 80 70 60 55 56 51 51 49 47 49 47 47 47 44 44 46 42 45
51 56 105 96 105 104 127 117 95 76 69 61 58 60 55 54 51 50 54 55 49 48 49 47 44 46 47
45 57 107 92 87 94 88 89 85 64 59 64 55 54 58 54 53 55 49 50 50 53 49 53 46 44 44
43 74 102 79 76 82 79 93 72 56 60 61 55 52 62 58 56 59 61 48 55 55 49 49 58 44 44
43 73 90 68 64 63 72 76 60 53 64 54 53 50 54 53 51 59 49 47 47 54 56 48 51 44 45
43 47 58 52 55 55 62 61 54 49 53 50 47 46 49 48 45 49 50 45 46 53 50 46 47 44 46
