42 43 44 43 46 43 42 44 43 44 45 45 49 42 44 44 41 43 42 42 44 42 43 44 43 45 44
42 43 44 43 44 42 44 47 44 42 44 48 63 48 41 44 43 42 43 42 43 44 43 43 42 43 46
43 43 44 42 44 48 44 42 45 44 46 76 123 57 45 44 43 44 44 45 45 42 43 43 42 44 42
42 41 44 48 44 44 44 42 44 50 53 126 67 49 48 45 43 44 44 43 46 44 41 42 43 43 44
42 44 43 43 47 44 45 45 48 81 92 74 51 44 44 44 43 44 43 44 40 42 48 43 42 43 43
42 43 43 43 44 44 47 48 72 229 102 88 48 44 46 51 45 44 48 44 43 44 43 43 44 41 44
42 43 42 44 42 43 50 45 54 120 88 109 50 45 46 48 43 44 44 44 48 44 42 43 43 44 44
43 46 42 43 43 43 44 44 44 52 60 101 51 49 46 48 44 44 44 43 42 43 43 43 43 43 44
43 47 44 43 44 42 43 43 44 46 47 61 76 54 48 45 44 43 45 44 44 43 43 44 43 44 44
41 43 43 43 45 42 44 46 44 48 48 57 99 78 53 47 45 44 44 44 44 43 46 43 44 44 42
42 42 44 43 45 44 45 48 48 53 54 59 78 101 73 51 50 46 45 46 45 44 43 43 43 44 44
43 42 44 44 63 48 74 109 84 91 95 95 98 124 109 70 57 50 46 47 51 44 43 44 42 43 44
44 48 51 46 48 57 57 79 78 91 99 117 124 164 177 132 120 60 53 49 49 51 44 44 44 44 45
43 43 54 44 49 57 57 71 78 74 81 94 106 145 145 127 124 69 52 48 49 50 44 43 43 42 44
48 44 44 45 44 49 59 66 77 81 83 85 89 128 136 132 162 84 56 49 48 46 43 44 41 45 48
43 46 49 44 53 49 65 75 87 79 90 84 77 109 123 122 164 76 57 50 48 46 42 44 47 44 44
44 48 45 43 55 62 78 76 79 82 86 78 72 94 91 98 134 68 50 53 46 44 45 43 44 46 44
44 44 46 45 51 55 62 60 70 79 66 73 68 81 86 91 110 52 49 51 45 44 45 44 44 47 44
42 44 49 45 48 58 52 53 61 64 61 63 61 57 73 58 72 46 49 46 46 43 46 45 43 45 44
42 43 46 44 47 68 66 51 64 54 51 51 56 54 63 49 59 49 64 50 49 44 44 46 43 44 44
42 43 46 46 44 58 66 57 53 51 51 53 50 48 58 57 74 55 63 76 52 44 44 42 42 43 43
43 47 44 44 46 49 69 70 59 54 53 53 53 57 66 82 79 81 108 78 53 44 44 46 43 44 46
43 45 57 50 45 47 56 69 78 61 68 60 61 62 83 87 87 119 123 92 74 50 46 43 44 44 45
43 46 44 45 52 49 49 59 82 93 68 76 64 76 95 100 95 119 116 101 83 51 43 43 44 44 44
44 44 45 46 52 47 54 54 69 96 83 92 71 85 103 126 126 127 142 128 100 52 47 46 44 43 44
43 46 42 46 50 47 52 65 72 71 89 94 80 129 129 165 140 154 158 151 95 65 46 46 44 45 44
42 46 44 44 46 47 51 65 66 68 77 66 84 136 113 164 117 152 144 154 115 72 45 46 43 44 44
42 45 46 45 49 50 63 74 78 83 72 93 111 171 147 222 187 222 188 172 143 63 52 51 45 44 44
42 46 45 44 51 56 62 82 71 72 72 83 102 156 134 180 132 172 141 108 73 63 50 45 43 44 43
43 43 44 44 45 50 55 63 64 64 67 78 92 120 108 134 129 140 109 79 66 54 44 42 49 45 42
43 43 44 46 45 49 63 70 63 72 79 94 107 148 127 138 143 158 114 75 71 52 46 44 43 44 44
43 48 52 45 44 47 57 63 77 70 78 119 115 163 207 138 158 161 116 76 80 51 45 44 43 44 44
44 44 47 45 45 46 58 77 82 94 100 145 144 206 213 119 149 110 90 80 63 52 46 43 44 44 44
43 46 44 47 46 46 57 73 73 83 85 115 143 194 180 160 126 108 99 76 61 52 44 44 44 44 44
43 44 43 44 46 49 60 77 67 89 89 90 122 179 158 195 98 104 106 70 56 49 42 44 49 44 43
43 45 45 42 46 54 57 73 64 76 87 86 99 130 116 127 85 89 76 64 51 46 45 42 44 44 44
43 45 44 45 45 53 59 64 63 61 64 68 86 94 84 95 82 72 71 64 49 45 45 41 43 50 45
45 44 46 44 43 56 63 63 63 59 62 72 72 82 82 89 101 79 82 67 53 43 44 47 44 44 44
43 43 44 45 44 50 66 65 62 59 62 65 68 76 78 83 88 73 83 73 53 43 44 48 44 43 44
43 41 44 42 44 50 56 76 61 58 61 64 65 76 76 80 78 66 74 79 53 46 42 43 48 44 45
43 44 44 44 44 45 50 72 63 60 63 61 70 78 71 81 72 72 78 81 55 51 44 44 44 43 43
42 43 44 43 45 42 47 69 68 64 64 61 77 81 76 86 80 86 97 91 60 46 48 44 45 44 42
43 42 44 43 44 46 46 64 67 65 68 66 84 95 91 94 88 100 121 114 60 47 45 44 44 42 44
42 44 43 46 49 46 46 70 67 69 71 81 95 101 88 92 114 101 135 115 63 48 46 43 44 45 44
43 47 43 44 46 47 50 66 71 69 81 88 96 103 106 116 145 121 142 114 71 52 46 43 44 47 45
44 47 47 44 46 46 48 62 81 73 83 104 126 118 119 149 159 141 146 135 82 65 45 44 44 42 44
47 44 45 45 45 46 48 63 74 73 85 94 130 122 135 159 136 149 161 159 100 59 45 43 44 44 44
43 44 46 42 46 51 57 64 75 69 85 99 145 137 143 173 156 177 189 201 124 58 46 45 42 44 44
43 44 45 45 46 47 53 72 81 90 93 98 133 116 110 163 148 154 176 203 147 92 49 45 43 44 44
43 44 46 46 46 50 51 75 90 80 85 105 134 131 120 168 162 164 216 291 276 148 51 44 45 42 45
42 45 51 51 48 51 51 77 80 79 87 107 124 134 130 184 152 189 287 388 279 162 49 45 44 44 45
43 43 46 46 56 57 50 57 76 80 86 104 111 118 120 150 118 196 280 337 276 175 49 44 44 45 45
44 45 45 47 52 51 49 57 66 80 76 97 107 95 108 121 93 135 204 255 268 95 61 45 45 44 44
42 45 44 47 48 45 46 45 52 63 59 69 70 67 66 75 64 68 76 107 101 61 46 44 48 44 42
42 47 46 44 46 46 45 46 44 47 54 52 49 50 53 52 55 54 57 64 67 49 46 44 41 44 48
42 49 46 44 48 47 45 44 42 45 50 46 45 46 47 48 51 50 54 58 52 46 45 41 43 48 44
47 65 48 49 55 56 49 44 44 42 45 50 45 44 46 46 44 46 51 49 48 42 44 46 44 44 44
42 49 54 56 62 55 51 46 44 46 45 43 45 49 46 45 44 45 47 47 46 42 44 51 45 43 46
43 44 80 61 61 60 53 48 48 44 45 46 45 49 50 47 45 44 46 46 46 46 42 45 53 44 44
42 47 98 74 66 56 54 52 52 46 47 47 49 54 51 50 46 50 52 43 48 55 48 49 47 45 44
41 49 84 71 60 50 51 61 49 46 47 48 50 48 48 53 47 51 50 48 51 51 50 55 46 47 47
42 56 74 65 58 55 49 56 47 46 47 49 46 47 55 55 44 57 50 48 48 53 53 53 58 42 43
42 51 63 56 55 49 49 50 46 46 48 45 47 52 48 49 48 55 46 47 47 52 56 51 55 50 44
43 49 49 46 47 45 46 46 48 45 46 46 44 45 46 46 45 48 43 45 46 50 53 48 49 50 43
