42 42 43 44 44 43 42 43 48 44 42 43 44 43 44 43 43 46 45 44 49 45 43 43 42 43 43
42 43 48 44 44 43 42 43 43 43 44 41 44 48 45 44 43 51 51 43 43 44 44 43 41 43 48
42 41 44 49 44 43 44 42 43 44 44 44 44 44 47 45 46 57 90 55 44 44 43 43 44 44 44
42 44 42 44 48 44 44 43 42 43 44 44 45 42 46 50 59 92 69 47 42 44 44 45 42 43 44
42 43 41 44 49 44 43 43 43 43 44 44 45 44 48 57 84 88 50 51 46 44 44 42 43 44 44
42 43 44 42 44 48 44 44 44 43 44 44 45 46 78 130 102 79 49 46 46 46 45 44 44 44 44
42 46 45 43 44 43 44 45 44 45 45 43 45 46 95 106 78 66 47 44 45 44 45 45 43 44 47
42 42 46 42 43 44 44 44 44 45 47 45 44 48 58 74 311 93 57 50 47 48 48 45 45 46 45
42 43 44 43 44 45 44 46 44 42 43 45 45 45 46 49 84 84 51 47 48 45 47 44 42 43 44
42 43 43 44 44 44 43 44 46 44 43 43 46 45 46 44 81 82 64 44 46 45 45 47 44 44 44
42 43 44 43 44 44 46 44 45 45 43 44 46 47 50 46 94 126 125 52 48 50 47 47 45 44 44
42 45 45 44 45 44 44 44 44 47 46 44 46 47 47 50 72 126 150 70 50 52 47 44 44 45 45
46 44 43 46 44 47 44 44 46 45 46 44 48 57 50 50 74 145 202 111 57 56 50 45 46 47 47
44 43 45 46 45 43 45 45 45 46 45 49 54 59 56 88 68 140 181 143 63 61 54 49 46 47 46
44 44 44 44 45 45 46 46 46 44 55 64 68 124 82 62 95 154 178 187 81 66 52 49 52 50 47
44 47 44 43 45 46 47 47 45 49 59 69 72 94 73 65 127 170 188 199 118 64 57 47 50 56 49
48 45 45 44 46 46 47 49 48 58 57 70 66 100 72 90 121 204 227 235 127 78 61 50 51 57 51
49 51 44 45 45 48 48 49 50 55 66 74 69 117 72 80 105 209 237 225 156 85 63 54 49 55 56
45 51 46 45 45 46 47 49 56 62 65 65 67 83 86 65 67 118 163 174 140 92 64 55 51 51 49
46 46 45 43 45 50 48 48 56 62 61 69 61 67 88 66 55 75 116 118 110 97 56 49 51 50 48
45 46 47 47 45 48 52 50 59 62 66 65 58 57 93 66 52 55 77 106 91 100 53 47 52 49 46
47 48 48 50 48 49 51 52 61 66 67 62 61 54 59 57 55 52 78 96 96 107 58 47 50 50 47
47 51 51 47 54 56 66 58 69 66 74 68 61 55 59 55 56 57 67 119 122 102 78 50 53 49 46
50 52 46 47 52 54 64 61 82 72 77 75 62 61 63 57 65 61 75 120 122 134 85 59 50 51 49
49 51 55 48 49 57 68 62 78 77 75 85 72 68 72 59 65 72 102 124 138 124 105 60 51 50 51
45 51 49 46 48 56 63 64 76 71 67 74 73 82 81 66 62 85 110 145 137 122 99 71 50 54 57
46 47 50 44 47 54 58 63 69 66 63 68 67 74 70 72 61 97 130 156 175 187 126 87 55 58 50
46 48 47 44 48 59 62 72 68 71 73 78 76 85 89 87 67 140 165 200 190 244 181 97 58 62 57
47 47 45 45 48 50 56 63 65 65 67 64 65 81 78 78 64 126 113 133 114 133 122 67 57 54 50
45 46 46 46 44 47 54 57 56 62 56 59 60 71 69 74 63 104 103 112 96 101 93 59 49 49 49
44 46 46 45 46 47 55 57 62 62 62 65 70 77 81 88 82 113 126 151 109 105 93 60 51 54 51
46 48 51 46 46 47 53 63 65 62 64 78 73 85 94 100 94 120 140 182 108 146 98 58 53 56 53
57 64 55 55 60 71 86 106 100 102 104 125 132 156 163 183 179 226 269 309 308 3290 256 156 138 157 125
46 46 48 45 47 47 54 63 59 62 64 70 74 106 101 113 106 109 150 116 119 150 118 57 54 57 55
44 45 45 44 46 51 54 57 55 56 60 65 76 119 122 115 109 111 144 122 119 116 155 56 53 56 53
46 48 46 54 57 62 70 82 71 71 79 86 84 108 109 110 103 103 102 107 107 148 79 54 54 57 52
48 45 46 46 52 55 61 66 61 62 63 71 83 95 90 102 92 94 94 83 84 106 63 51 49 52 53
46 49 46 46 54 63 59 68 62 66 61 70 80 82 80 94 87 99 89 95 85 70 63 53 50 49 49
44 44 45 44 53 64 58 69 60 66 69 68 75 85 77 77 76 76 96 103 67 63 63 50 52 50 47
43 44 42 42 54 63 61 72 65 67 73 66 77 89 70 72 74 69 81 107 74 64 64 51 51 50 47
44 45 45 47 52 64 66 76 69 68 70 71 82 89 72 73 83 73 94 106 84 81 69 52 50 50 49
44 46 42 45 53 62 63 71 73 67 70 69 74 84 82 75 84 83 91 118 95 97 79 54 52 51 51
44 56 44 44 51 60 69 72 69 66 67 70 73 80 81 78 74 87 98 129 95 102 85 56 52 54 50
47 51 46 42 51 66 66 79 68 67 64 75 78 71 76 82 77 85 97 112 96 117 76 52 52 59 52
43 47 45 45 50 47 59 80 72 67 68 70 76 80 78 96 95 100 116 111 105 123 85 57 51 57 58
44 46 51 44 46 49 55 74 76 69 69 78 75 97 91 113 116 110 140 142 141 145 95 59 63 63 59
44 46 46 44 48 61 68 78 77 67 74 78 84 103 106 117 132 120 152 165 167 167 102 66 74 85 87
58 50 54 51 48 54 60 77 73 67 76 83 95 109 122 127 133 159 176 188 190 170 109 72 75 116 145
46 46 46 47 46 52 68 78 76 76 83 90 119 100 105 132 128 154 162 206 238 197 139 81 115 302 161
45 47 47 47 49 53 72 85 77 76 84 92 132 116 112 135 138 169 180 236 300 221 154 104 204 504 220
46 48 47 47 51 54 77 97 87 81 89 100 127 126 116 155 159 168 202 261 273 241 164 166 271 519 450
46 58 49 47 55 63 91 98 88 89 94 110 120 135 127 159 141 174 213 252 295 307 319 250 300 351 387
48 56 50 48 59 63 102 110 97 92 102 120 135 141 138 159 155 189 228 270 428 400 479 288 324 268 237
48 49 48 48 59 69 96 105 95 94 100 114 116 128 130 146 156 183 198 310 450 380 415 289 246 228 125
50 50 49 47 55 78 103 93 91 92 96 116 118 109 114 129 135 149 189 311 353 303 352 270 203 152 91
53 54 46 51 56 106 113 95 89 96 93 102 121 108 112 127 126 143 203 320 328 307 309 240 166 116 86
46 54 50 49 63 100 102 93 83 72 93 84 85 95 96 108 103 133 180 277 267 250 277 189 120 91 74
46 54 48 61 48 53 55 54 58 62 68 75 66 73 78 85 92 116 134 181 138 149 157 113 83 68 59
54 47 49 49 49 51 56 60 54 54 56 62 63 74 76 95 110 136 152 160 127 147 156 113 86 72 59
46 48 51 47 53 59 52 52 51 51 51 58 66 70 71 95 118 148 149 131 117 138 122 97 81 63 59
48 46 46 47 53 51 51 51 52 54 55 61 64 69 79 131 159 209 156 131 118 133 127 103 76 72 59
42 46 53 46 51 55 56 60 56 56 60 67 72 78 120 168 232 296 229 149 130 134 122 100 86 72 61
45 44 46 53 56 55 59 58 59 56 60 63 67 81 110 192 214 244 168 135 126 140 115 87 83 71 60
46 46 45 50 56 53 56 59 53 51 56 58 62 81 82 137 174 150 108 112 113 121 100 79 70 62 59
