41 43 43 44 45 45 47 45 43 44 44 42 44 44 45 46 44 41 44 47 44 44 43 41 43 43 44
44 44 43 48 45 53 50 44 45 44 42 44 49 45 49 55 56 43 45 44 45 48 44 43 43 42 43
42 45 43 45 46 65 75 48 46 52 46 44 45 47 122 156 63 45 47 48 45 42 43 43 44 44 41
45 46 46 45 51 141 251 71 51 51 50 54 53 74 422 322 62 52 48 47 46 48 45 45 43 46 50
44 45 44 43 51 96 145 62 47 47 52 46 47 69 207 110 66 48 44 48 49 46 43 43 43 44 44
42 45 46 44 47 109 87 57 44 44 44 44 47 60 70 83 65 50 49 44 44 44 44 43 44 44 43
43 43 48 45 49 84 65 49 45 44 44 41 46 53 57 63 58 45 44 41 44 46 44 44 43 43 43
42 42 49 46 55 138 76 46 44 45 45 44 43 46 57 81 59 45 46 44 44 44 45 43 43 44 44
47 44 44 44 46 115 82 46 45 44 45 49 45 44 46 92 72 45 47 43 44 44 44 44 40 43 48
42 46 44 44 46 105 81 45 45 45 42 45 50 45 45 78 63 46 45 46 40 44 49 43 42 43 43
43 44 44 45 55 167 141 46 45 45 45 45 43 46 53 92 85 53 48 47 43 44 44 43 44 41 44
42 44 46 47 73 207 170 61 46 46 47 43 47 51 50 95 108 67 50 45 45 45 45 42 44 49 44
42 49 46 47 101 215 164 71 48 47 47 46 49 46 58 98 113 94 54 46 49 46 43 43 43 44 44
45 44 50 47 97 196 187 105 50 48 49 50 48 48 68 112 119 124 59 45 46 51 45 43 45 44 44
49 46 44 46 105 213 218 135 59 50 49 49 49 46 87 131 135 161 59 53 46 46 44 43 45 45 43
44 46 45 44 103 233 224 146 59 50 50 49 47 50 72 124 152 128 47 48 50 47 44 44 44 45 46
43 45 45 45 82 186 217 126 49 49 49 46 47 52 52 87 125 107 46 46 48 46 44 44 44 45 45
43 44 44 45 49 150 175 82 50 46 46 46 47 48 52 72 107 78 49 41 45 49 45 43 44 43 44
42 43 44 44 49 67 109 72 52 45 46 45 45 46 47 48 64 55 49 45 43 43 43 43 44 43 44
44 44 42 43 49 72 88 68 55 46 45 46 46 44 47 51 57 47 47 48 45 42 43 42 43 44 43
44 44 44 42 50 47 59 81 58 46 47 46 46 44 48 54 55 56 46 47 45 42 43 42 43 44 44
43 44 44 43 49 45 58 79 84 51 46 46 46 45 49 56 72 61 47 46 46 43 43 43 44 45 42
43 43 45 47 49 46 63 89 99 69 50 48 45 46 53 56 76 101 52 49 49 47 45 42 44 44 44
44 43 45 49 50 48 102 96 131 121 66 51 49 49 60 77 87 78 67 54 48 47 44 44 45 45 45
45 47 43 45 51 50 96 130 156 142 90 59 57 51 72 100 99 88 73 64 46 50 50 46 45 46 44
44 47 51 45 46 53 88 137 139 122 90 63 61 56 73 113 101 101 80 65 46 55 46 45 46 44 46
44 43 46 49 46 50 95 120 107 108 81 58 60 51 74 84 98 118 93 80 47 49 45 45 45 45 45
50 49 46 45 47 53 107 162 138 108 135 90 69 64 105 100 126 161 151 88 49 55 46 46 45 48 50
45 53 46 45 49 49 90 123 132 99 123 79 65 58 88 80 113 94 93 92 49 52 46 45 46 46 44
45 52 45 44 48 47 87 101 94 88 92 82 69 56 63 76 96 106 78 64 56 49 46 45 46 44 46
46 49 51 45 48 51 69 116 99 114 112 116 108 80 107 118 118 134 80 89 55 57 46 44 47 47 47
48 54 46 46 46 52 64 104 130 130 125 133 135 125 152 148 147 113 107 97 63 96 48 44 50 53 48
50 63 51 49 53 54 67 107 128 140 135 133 152 173 159 134 142 100 123 90 64 3359 54 52 52 55 56
47 52 52 46 46 49 59 96 127 118 133 135 148 165 159 125 138 105 136 79 58 102 47 47 46 54 52
47 53 49 43 49 57 61 95 127 112 133 139 143 192 176 135 132 104 119 85 65 66 47 47 48 54 49
46 51 48 46 48 47 64 97 115 129 129 123 147 121 148 124 118 100 116 83 53 59 46 46 48 50 49
45 49 46 45 47 48 56 62 85 99 106 97 113 90 118 101 86 84 92 56 50 56 46 44 46 46 46
44 49 46 45 46 47 56 59 86 91 87 85 103 90 106 74 80 66 68 53 47 50 45 45 46 44 48
45 51 45 44 46 48 54 69 96 107 107 94 107 91 97 74 74 65 73 60 49 51 45 46 47 49 46
48 52 48 44 47 49 52 79 119 112 111 104 107 92 98 82 79 69 75 64 50 52 46 47 49 50 50
61 60 47 45 47 45 52 80 123 108 120 102 106 87 82 80 71 66 68 57 48 53 49 62 51 55 68
85 101 49 45 46 48 53 72 99 105 119 99 117 88 79 77 68 68 62 56 46 52 51 57 57 65 115
114 157 59 46 46 49 48 72 94 106 118 108 106 102 87 74 76 74 65 51 47 52 49 77 52 76 110
128 209 76 46 47 50 53 68 93 127 115 138 126 95 80 79 85 76 65 55 51 54 50 61 53 103 133
142 267 128 49 48 51 54 76 97 122 132 133 137 102 91 108 108 89 71 54 53 59 48 66 63 153 170
176 427 324 60 51 55 59 77 125 127 144 162 161 127 118 151 132 108 85 66 59 56 56 61 137 325 167
67 221 146 79 53 52 59 83 108 118 142 164 157 128 126 147 113 93 98 71 51 60 57 63 227 147 87
64 105 136 105 63 58 62 93 100 115 144 171 170 137 147 143 128 102 102 108 74 58 52 84 191 135 60
69 65 85 99 80 64 77 107 115 137 167 167 164 117 124 124 123 112 104 123 91 59 85 92 163 95 54
49 60 68 98 118 68 80 115 139 158 172 179 167 124 124 129 138 142 148 149 110 63 70 100 79 63 51
48 58 62 63 92 90 100 138 169 160 196 196 164 125 132 149 145 149 169 181 114 80 106 82 56 60 51
50 59 52 52 102 110 128 151 157 197 164 175 163 142 122 139 135 144 161 134 116 117 111 61 53 53 51
50 54 51 49 67 111 159 147 213 184 159 187 142 140 120 126 127 122 121 115 112 86 73 52 56 52 50
47 51 50 50 53 86 107 138 151 166 127 156 109 120 114 104 103 111 94 118 66 60 53 51 49 50 49
44 49 47 45 49 63 87 91 91 139 95 113 90 88 88 103 84 88 78 67 49 56 48 46 46 47 46
44 46 46 45 49 78 69 65 64 87 70 84 74 78 80 82 81 76 56 61 57 50 50 45 51 46 49
45 46 46 45 49 60 60 56 59 80 68 75 74 84 88 83 75 68 63 63 49 50 46 45 46 44 46
47 49 44 44 49 53 52 53 52 78 62 67 68 87 86 87 77 75 63 67 49 50 46 45 46 46 46
67 49 48 45 48 50 56 53 51 72 57 71 71 84 88 93 80 73 76 61 54 50 55 49 47 50 46
50 47 50 46 46 50 55 57 55 73 62 78 72 77 88 84 95 95 81 70 58 59 52 50 46 47 48
46 46 47 54 51 56 59 60 60 81 65 78 79 83 87 116 132 137 84 77 64 70 58 50 50 46 46
46 49 48 50 56 59 62 61 66 74 65 78 82 91 105 150 166 179 112 72 65 68 59 51 50 47 46
44 51 48 50 56 56 61 61 58 67 72 67 70 88 102 152 132 141 81 67 62 64 54 51 47 47 46
46 60 52 50 51 62 59 58 54 56 78 68 74 85 86 108 102 85 62 65 62 73 58 54 51 46 46
