42 43 43 44 44 44 45 43 44 45 44 43 43 43 46 46 44 43 43 44 44 46 44 43 43 43 43
44 45 45 48 45 44 49 46 44 44 42 46 49 45 46 46 48 44 42 43 44 44 44 41 44 49 44
42 45 49 45 44 54 92 64 47 45 46 51 46 45 52 60 95 51 48 43 44 43 44 44 44 44 46
44 44 47 50 49 69 302 216 58 56 53 59 56 53 57 142 421 104 55 48 46 48 45 45 44 45 44
43 44 46 48 48 62 102 133 54 51 47 50 52 51 54 104 224 59 49 46 44 44 44 44 44 43 44
43 45 43 44 58 59 65 51 44 45 46 46 45 48 48 48 63 49 46 46 45 44 44 43 43 44 49
42 45 41 45 44 76 66 52 43 45 44 44 44 44 46 47 52 55 49 45 44 44 44 41 44 49 44
42 50 43 44 45 59 63 52 44 44 44 43 44 44 46 46 56 60 50 43 44 43 44 44 43 44 45
43 46 42 44 51 67 118 51 45 45 45 45 46 45 45 47 64 63 50 50 45 43 44 42 44 44 44
42 44 44 41 44 71 92 49 44 44 44 45 45 44 44 46 54 61 43 44 50 46 44 44 42 43 44
41 44 48 44 47 118 141 65 47 46 46 46 46 46 46 52 66 82 52 49 50 48 44 43 42 43 45
42 44 51 44 50 167 159 72 48 48 46 48 47 46 48 52 79 106 72 46 45 46 44 43 44 45 44
43 46 46 46 64 166 138 85 53 50 46 50 52 48 50 62 88 136 93 53 46 44 44 44 44 44 44
44 51 46 48 73 159 156 111 60 48 50 57 50 48 59 81 103 145 115 54 46 46 46 48 44 44 44
43 46 51 46 92 174 177 129 69 55 55 56 51 51 63 95 152 168 134 45 46 49 46 46 44 42 44
42 45 56 48 73 190 180 127 69 57 52 55 51 50 60 79 152 157 111 51 46 47 46 45 48 44 43
45 43 46 51 71 186 149 92 56 48 50 52 49 47 52 62 114 130 75 47 44 45 48 44 45 45 43
44 42 45 45 65 94 104 67 49 48 49 49 45 45 49 52 90 97 60 51 45 46 46 44 43 46 44
48 44 43 46 46 56 72 56 46 46 46 45 49 45 46 52 67 65 46 50 47 44 46 47 42 43 44
41 44 46 45 51 51 70 54 47 47 46 43 45 50 46 52 63 70 52 46 44 45 44 48 44 42 45
45 43 50 43 47 59 93 84 55 51 48 48 47 46 48 73 78 73 50 47 45 47 45 46 44 42 44
51 46 47 45 46 74 91 93 88 59 50 57 49 47 53 81 94 94 73 46 44 45 47 45 44 44 49
44 59 47 49 48 119 193 180 151 88 64 63 61 56 75 115 128 127 104 50 46 47 47 47 44 44 50
45 54 50 50 49 117 156 183 182 156 88 77 68 70 116 150 135 132 116 56 47 47 50 49 45 44 46
47 52 58 49 54 160 218 230 258 209 134 94 77 92 165 172 172 173 144 75 48 51 53 50 43 49 50
44 54 56 49 50 170 244 222 246 194 149 108 82 101 195 221 204 186 156 86 49 52 54 46 47 50 46
45 54 54 51 50 146 233 182 196 164 120 103 75 89 144 178 165 163 133 106 54 56 51 49 46 42 46
51 58 75 59 58 171 255 280 224 194 185 169 107 127 187 229 225 226 203 150 61 87 74 51 47 46 46
46 76 126 64 54 161 206 250 196 187 195 145 115 123 164 221 185 161 147 110 61 86 83 52 46 44 47
45 66 79 46 50 127 160 209 151 165 159 169 104 99 135 181 152 128 129 104 66 54 62 61 45 45 46
66 114 98 88 90 139 262 348 324 337 311 4015 277 255 286 338 292 265 213 162 75 96 105 92 57 52 56
57 65 57 50 62 76 143 235 204 214 204 230 176 158 194 227 180 209 134 129 63 58 63 88 48 45 47
54 61 56 55 52 68 117 207 220 220 197 217 204 180 209 206 168 170 137 129 58 55 72 68 46 46 49
56 129 72 56 59 65 97 198 186 202 207 212 228 255 207 198 168 126 132 103 55 55 63 60 46 47 48
50 68 70 51 52 68 112 186 191 180 216 217 212 276 204 201 167 130 130 107 61 55 57 56 52 49 46
47 58 57 49 49 61 95 129 181 167 187 177 199 204 171 153 139 114 102 94 60 57 62 51 46 46 45
45 63 69 50 48 60 78 113 119 136 123 128 166 122 127 121 106 94 92 75 53 51 51 49 46 47 54
52 151 68 50 48 55 70 119 127 127 113 113 120 92 118 123 112 100 73 64 52 53 59 51 47 50 46
48 65 58 48 51 53 60 116 112 124 111 96 100 116 114 104 87 82 93 63 48 55 95 77 59 44 45
47 52 52 50 52 53 62 84 104 113 101 92 94 100 97 98 80 71 63 63 50 70 110 74 52 44 45
56 52 60 46 49 55 62 84 131 130 105 100 106 108 90 88 74 71 62 57 47 51 67 77 68 50 51
53 55 51 47 48 50 58 81 112 140 89 78 84 101 84 86 87 76 62 50 46 50 51 52 54 46 52
46 70 53 45 56 52 63 95 131 176 109 111 103 105 97 87 90 77 66 53 45 49 60 51 46 46 54
44 69 62 47 47 51 59 96 99 124 97 93 99 93 81 82 80 75 65 51 46 48 53 49 46 45 74
44 56 48 46 46 52 64 84 101 106 111 97 100 86 84 98 83 76 59 51 46 50 69 56 46 48 65
49 81 72 53 48 54 63 89 158 166 131 119 104 110 121 129 103 102 72 56 46 52 100 92 51 51 49
52 67 75 55 50 56 60 74 97 111 124 110 152 126 113 138 135 80 62 57 47 51 139 180 60 49 47
59 106 134 48 49 63 70 108 103 139 127 125 141 134 146 135 123 108 61 50 48 66 148 113 65 48 46
75 258 173 56 51 60 65 91 106 147 145 137 159 130 127 122 114 104 69 55 52 86 137 74 47 54 46
56 133 150 85 49 58 75 99 111 136 138 140 175 135 130 133 119 108 85 54 48 104 136 61 46 46 44
48 68 115 131 62 63 78 113 125 141 145 161 180 151 138 157 127 112 110 62 49 135 144 52 46 45 47
55 67 113 117 64 71 92 138 148 151 164 175 186 151 139 153 129 113 110 88 52 171 107 52 46 46 47
46 62 61 77 97 74 106 159 171 171 164 180 189 155 146 153 142 131 115 94 73 162 81 52 46 46 44
45 54 55 58 110 74 114 178 160 174 159 166 163 145 142 143 147 130 94 118 74 88 74 52 46 45 47
45 55 54 50 89 123 122 166 158 169 164 168 146 129 125 137 141 121 94 103 81 64 63 51 45 45 46
45 52 55 49 83 177 167 147 149 158 150 152 142 124 136 152 140 116 103 124 66 52 55 56 46 45 46
46 56 52 47 57 125 138 136 147 155 145 138 128 134 122 145 118 110 94 85 54 52 53 50 45 44 47
46 49 56 48 47 65 78 112 121 131 126 118 98 110 112 117 110 94 71 51 47 54 51 47 45 43 46
46 47 49 46 49 54 62 82 89 106 99 108 101 107 115 96 91 82 66 51 47 48 51 46 44 48 45
44 48 48 46 49 53 63 78 86 100 94 102 98 102 103 106 94 93 69 56 49 50 50 46 45 44 44
43 47 50 46 48 54 57 65 73 78 81 96 97 94 94 90 102 87 71 55 50 49 48 49 49 44 44
44 50 48 44 51 55 61 65 63 68 78 92 86 78 91 93 104 97 72 63 50 52 52 46 48 47 45
44 48 51 46 58 58 62 64 61 65 72 89 83 78 83 89 92 88 62 61 50 61 59 47 48 44 43
49 46 44 47 68 60 62 58 55 57 64 72 68 74 72 82 76 64 53 54 51 61 54 49 45 45 44
