43 45 48 55 48 46 44 47 44 45 44 43 43 44 47 44 43 41 43 43 44 44 43 43 46 44 44
43 45 48 54 65 53 48 46 46 44 42 43 44 44 44 42 46 43 42 43 47 43 44 43 43 44 44
48 46 47 62 76 98 87 46 42 44 44 44 44 44 41 44 43 44 50 44 46 44 43 43 43 43 44
65 65 49 63 94 269 96 46 43 45 45 44 45 44 45 46 44 43 43 49 46 44 45 43 43 44 44
172 73 92 62 87 238 89 70 46 44 45 45 46 45 46 45 45 45 44 50 45 44 44 42 43 44 44
447 128 98 73 99 103 88 66 46 45 46 45 45 45 46 45 44 48 44 44 44 43 44 44 43 44 42
193 96 54 46 63 69 65 64 44 45 50 44 43 44 44 44 43 43 44 48 45 44 44 42 43 44 45
108 57 46 45 47 51 51 85 48 45 48 44 43 43 44 44 40 43 48 44 44 43 42 43 43 43 44
125 58 46 45 45 46 46 96 70 47 45 44 44 44 44 43 43 44 44 43 44 43 43 43 49 44 42
135 83 47 46 46 45 42 78 96 59 46 44 44 44 44 42 44 42 44 40 44 41 44 48 43 42 43
136 140 52 46 45 45 46 75 112 105 52 46 45 44 44 44 44 44 48 43 45 43 44 42 44 48 44
68 225 86 47 46 45 46 67 119 125 92 51 46 45 45 45 44 44 44 41 45 48 44 43 43 43 44
81 253 147 54 46 44 45 56 117 128 130 61 47 46 47 45 43 44 45 44 42 44 44 44 45 45 45
122 200 193 60 47 45 46 63 136 125 114 87 53 46 45 46 44 46 44 45 46 44 46 44 43 44 44
140 144 222 98 52 46 46 51 94 110 135 78 47 46 45 46 44 46 46 44 44 44 45 42 44 44 44
74 195 262 134 61 45 46 49 59 91 99 105 52 46 45 45 44 49 43 44 44 44 45 42 44 49 44
59 192 293 128 77 46 45 47 53 62 85 79 52 44 45 44 44 43 45 43 44 43 44 44 42 44 49
81 147 180 117 76 49 43 45 49 54 65 60 51 50 45 44 44 44 46 42 44 44 44 44 42 44 49
55 111 159 101 65 47 44 46 46 49 49 63 51 46 44 46 43 42 43 43 44 44 44 43 46 44 44
44 61 86 81 59 46 46 52 45 47 46 48 50 45 46 47 43 43 43 43 44 44 41 43 48 43 43
43 49 56 59 57 46 58 49 45 46 47 51 57 48 53 44 47 45 43 43 43 44 45 42 44 47 45
43 45 54 50 58 62 55 53 46 45 46 61 77 67 66 48 52 46 50 45 44 45 43 44 44 43 45
44 44 56 52 86 80 59 65 45 51 47 78 94 96 80 52 53 51 46 52 46 45 45 43 45 45 44
44 45 49 60 70 120 84 80 47 62 49 85 100 101 96 84 54 50 47 53 48 46 46 46 46 46 44
45 46 61 54 87 138 119 97 53 66 58 99 117 101 104 89 84 59 51 49 49 48 48 47 47 48 46
46 45 50 46 80 128 117 90 70 65 72 74 98 96 113 129 90 56 53 48 49 49 49 47 47 47 48
45 45 47 43 70 110 120 98 86 71 63 68 76 108 99 183 93 76 60 51 50 51 49 53 60 57 50
46 47 47 46 74 132 158 138 106 93 88 90 84 132 164 140 189 95 78 53 54 56 54 50 48 51 56
45 53 47 49 68 115 128 128 111 104 77 73 86 123 123 139 142 110 76 58 51 54 52 48 49 46 47
43 46 48 51 62 84 88 108 94 107 94 77 63 100 98 121 102 110 63 60 50 48 51 47 49 51 46
44 50 47 46 55 65 101 95 118 126 127 126 107 126 120 134 114 126 70 72 54 57 52 49 50 49 46
46 45 49 49 50 60 105 116 165 147 121 167 134 133 147 149 118 135 79 79 58 56 54 50 50 48 46
44 53 49 47 48 54 70 126 146 143 125 156 138 145 140 134 107 123 74 76 59 56 54 48 47 49 46
46 57 54 49 49 51 64 116 140 140 131 148 142 169 129 125 101 96 80 76 54 55 53 49 52 48 46
46 48 48 45 48 51 63 119 156 141 130 150 137 165 128 128 103 92 82 63 53 55 53 45 49 53 46
50 48 47 46 49 51 56 120 118 138 144 151 109 143 113 110 85 78 62 58 54 52 51 47 48 47 46
49 46 46 45 45 48 49 58 107 104 87 113 105 99 87 83 65 67 67 63 57 51 50 46 43 46 50
44 50 46 45 46 45 48 50 54 70 65 74 83 82 89 77 79 70 68 65 58 52 46 46 51 46 45
46 46 48 42 45 47 48 47 50 65 78 79 94 91 76 74 84 68 71 68 64 54 51 46 46 47 45
43 44 45 43 46 46 47 47 49 60 83 94 89 99 77 73 87 69 71 79 72 61 51 47 46 47 47
44 44 45 42 47 51 48 46 49 55 78 100 88 102 86 75 77 70 87 93 74 69 53 47 48 46 46
43 45 44 45 50 48 47 47 47 51 70 78 98 108 89 76 76 78 98 112 94 77 57 48 49 50 45
44 49 45 46 52 50 55 48 48 50 58 69 105 104 96 85 89 100 116 148 106 96 66 56 57 57 47
43 46 46 47 75 63 51 49 49 48 54 70 105 100 95 88 101 113 126 147 124 135 92 59 58 59 46
44 46 46 49 103 91 57 52 51 49 53 68 111 109 105 120 126 132 162 157 159 191 174 74 73 74 61
46 46 48 46 123 112 67 56 57 55 57 72 110 129 131 160 169 157 196 209 235 299 247 101 103 98 95
46 46 49 50 114 151 104 61 57 58 59 75 103 138 147 174 180 159 215 221 293 383 350 176 178 180 104
48 47 53 49 95 197 149 72 60 58 61 74 96 136 187 186 198 186 220 259 285 373 330 174 178 177 105
48 48 51 51 80 219 330 103 75 65 68 88 138 119 138 166 177 185 215 255 349 374 287 174 178 176 116
47 47 48 51 70 87 109 93 74 64 68 92 115 122 152 176 193 190 206 304 318 284 255 198 201 202 93
47 46 48 49 61 66 73 91 83 67 81 95 119 136 164 204 190 189 237 283 236 290 221 204 208 207 116
46 52 52 55 55 63 70 62 70 72 99 98 123 133 137 175 156 171 211 212 191 292 191 156 157 158 74
45 46 51 48 51 57 68 65 66 76 75 99 102 119 118 135 130 152 161 171 151 198 163 93 95 94 58
44 44 45 44 48 52 53 52 50 72 68 81 81 92 97 103 106 120 105 139 110 133 106 63 65 68 50
48 44 44 44 45 49 52 48 48 51 59 67 65 69 71 71 74 82 89 94 82 95 84 64 65 63 47
48 44 44 44 45 50 50 49 46 47 51 54 56 52 60 68 75 68 77 95 74 81 63 58 56 58 49
43 49 44 43 48 47 52 50 45 46 45 49 53 53 58 64 57 53 63 77 67 75 116 80 81 84 47
44 42 44 48 46 47 50 45 45 46 47 48 46 49 54 57 54 55 57 72 68 89 101 79 81 80 51
45 48 42 44 50 48 50 46 46 46 47 50 52 52 53 58 51 55 69 71 76 112 116 94 97 96 61
60 50 45 45 49 48 52 47 47 48 44 52 56 53 51 55 57 65 78 81 85 129 130 109 112 108 78
46 45 47 47 51 55 52 49 48 47 47 46 54 59 53 58 62 74 78 91 96 148 142 126 129 128 83
45 45 46 48 55 54 56 49 47 47 47 48 52 50 55 65 69 83 86 82 90 120 122 128 131 131 69
44 48 46 52 52 53 51 46 46 49 50 48 47 52 56 57 62 72 70 69 71 93 90 103 102 105 60
46 57 47 50 48 52 50 46 46 52 50 48 49 48 49 55 56 58 57 59 66 78 73 84 82 86 56
