42 44 43 43 44 44 46 42 43 49 44 43 44 43 46 46 43 43 44 40 44 48 44 43 44 42 43
44 39 45 49 44 44 48 45 44 44 44 42 44 49 46 44 45 43 44 44 44 46 44 42 43 44 43
45 44 43 43 45 49 66 48 46 48 44 44 45 44 52 57 58 48 48 42 44 44 43 43 46 44 44
44 49 46 44 48 70 276 156 56 51 50 52 50 49 55 112 294 83 54 46 45 45 42 46 49 44 43
44 45 45 44 46 60 139 127 54 51 54 50 47 51 56 140 277 59 50 48 44 46 46 42 44 49 44
46 44 45 44 48 52 63 50 45 43 46 44 45 44 49 50 59 49 48 44 42 43 49 44 42 43 43
43 44 39 47 51 69 64 48 44 45 45 44 45 46 46 47 52 52 50 44 44 40 44 48 43 42 44
43 42 43 42 45 71 57 45 44 43 44 44 44 44 46 47 61 60 44 44 44 43 44 40 43 49 44
40 44 49 44 44 71 104 47 46 45 45 46 45 46 45 44 67 64 50 43 44 42 43 44 44 45 43
43 41 44 49 45 64 86 46 44 44 44 45 44 44 46 46 56 63 51 42 44 43 45 42 43 44 44
43 41 49 49 46 117 135 61 47 46 46 46 47 46 47 49 66 86 54 52 45 44 43 44 44 43 44
43 44 46 44 62 159 139 72 47 48 47 47 47 46 48 52 92 104 68 47 44 44 45 44 44 45 48
46 44 45 45 67 166 138 86 53 50 47 49 48 48 50 61 91 122 92 54 44 44 45 45 44 48 44
43 53 44 46 78 159 150 115 60 52 50 50 49 49 59 83 109 147 121 49 45 46 49 51 45 44 45
44 49 47 47 94 190 185 131 74 56 53 55 53 49 64 108 147 176 150 56 46 47 46 45 44 44 44
43 47 52 48 85 193 184 138 78 57 53 57 52 51 62 99 170 171 126 55 48 46 48 46 46 44 45
44 46 46 46 59 203 171 104 65 52 51 54 50 50 52 75 135 153 105 50 49 46 47 46 44 45 44
43 44 48 46 65 100 124 76 53 49 47 49 48 47 50 59 114 123 78 53 45 50 46 46 44 42 44
43 43 44 45 46 60 72 63 48 46 46 46 45 45 47 58 72 73 61 50 45 45 43 44 44 44 44
43 46 48 45 46 52 72 66 49 44 46 51 46 44 48 53 84 78 52 50 45 47 44 44 43 44 46
44 45 55 44 55 61 87 88 63 50 46 47 47 46 50 67 78 86 54 46 45 46 45 42 44 47 45
46 46 44 45 54 76 91 93 78 59 50 50 49 52 50 71 91 100 67 54 46 44 45 44 44 44 44
44 56 47 47 48 85 168 174 158 81 60 64 54 52 64 101 119 125 97 51 47 46 45 48 52 44 47
46 53 48 46 54 116 136 161 166 137 86 68 59 59 96 131 131 124 109 56 48 47 49 47 46 51 46
49 54 53 51 51 124 197 218 230 190 115 84 71 74 145 162 163 161 134 63 49 49 56 53 47 46 45
46 55 52 52 54 134 192 191 225 170 132 86 72 91 173 197 187 172 140 76 51 48 53 57 49 45 45
46 49 51 46 50 135 202 152 186 146 111 88 68 81 138 174 158 148 120 85 53 49 51 55 48 44 45
49 59 59 61 52 134 206 245 201 173 156 132 90 101 162 202 203 196 174 113 57 51 59 59 50 46 49
48 72 112 70 53 128 173 229 180 165 152 117 89 103 139 194 166 149 138 93 52 53 68 97 59 46 50
46 76 95 48 49 94 127 170 128 132 130 138 88 89 107 147 126 114 112 93 52 56 53 56 50 42 46
75 134 97 81 79 118 216 291 271 301 277 3825 232 227 236 267 246 222 175 134 79 92 99 107 85 56 57
63 65 58 50 55 74 139 175 174 190 158 192 137 128 167 191 153 169 112 106 57 51 55 56 55 51 46
55 65 52 50 54 59 96 168 177 179 157 179 161 143 171 162 144 151 118 106 52 54 56 63 58 43 50
71 145 55 53 54 58 84 178 162 170 170 173 185 196 172 167 143 120 113 81 52 54 62 98 57 48 54
50 70 58 49 52 69 92 160 166 163 191 188 190 235 178 174 156 121 120 97 54 52 59 73 52 46 46
49 60 54 46 50 63 88 113 155 152 170 168 182 179 154 143 123 101 95 88 66 51 56 55 48 46 46
48 68 56 52 46 58 87 110 112 130 122 124 154 112 120 116 96 91 86 69 51 51 56 54 49 46 51
59 170 68 52 47 55 83 128 139 133 115 119 123 88 122 126 111 95 83 60 49 51 66 62 51 47 46
47 76 52 49 61 53 63 125 123 131 121 103 100 98 102 95 91 78 91 66 47 51 116 93 56 47 49
49 69 52 50 49 52 62 88 111 111 103 91 92 96 92 89 85 67 63 66 49 62 125 103 61 47 46
47 72 63 47 50 54 73 113 170 165 109 98 115 104 89 86 72 73 62 56 49 50 62 133 75 49 46
51 67 60 48 48 56 70 126 159 195 109 95 95 109 95 94 93 74 59 53 46 48 57 86 54 46 47
58 83 59 48 52 56 74 127 168 206 124 136 138 118 115 97 103 79 66 56 47 52 59 73 53 50 47
49 131 62 48 50 54 68 159 126 183 128 117 127 110 93 95 92 81 63 53 49 49 54 73 50 45 60
48 76 63 49 50 56 69 120 125 144 140 130 118 104 93 101 97 87 63 52 48 49 60 134 66 46 54
53 107 92 50 50 58 69 125 153 187 148 149 127 108 111 145 110 109 69 58 49 48 66 166 106 64 47
90 235 119 59 49 56 65 97 132 140 144 138 142 157 127 141 145 81 64 55 47 54 101 218 246 61 46
187 223 175 63 51 59 74 131 124 155 143 142 164 151 161 137 134 118 76 56 49 57 100 160 174 74 50
136 202 148 64 52 57 75 132 125 160 151 160 178 136 132 132 123 108 79 58 46 61 147 133 105 58 46
63 140 155 106 56 60 88 127 131 155 151 166 198 146 142 138 123 117 94 59 50 95 162 113 66 54 46
51 74 126 166 81 67 103 130 138 149 162 169 188 163 141 158 138 113 116 80 52 143 185 83 60 54 47
56 81 127 159 92 65 140 147 146 157 173 180 178 151 140 154 130 124 125 110 65 180 150 59 54 50 46
52 68 64 119 121 76 167 178 178 171 171 191 181 160 142 145 138 141 140 128 75 159 122 59 49 47 51
50 61 56 81 122 93 178 179 183 200 175 182 153 143 143 138 141 140 101 130 96 111 69 59 51 46 47
50 62 55 58 115 141 162 188 174 205 175 200 146 125 136 139 140 122 95 103 93 66 61 59 51 46 47
48 58 55 52 87 185 200 161 146 176 170 168 135 116 137 144 138 126 107 126 69 55 57 58 50 46 46
47 56 52 50 55 142 136 132 153 157 142 138 119 130 123 137 111 111 102 72 48 50 52 55 50 46 46
49 52 49 47 49 73 74 95 103 122 120 111 97 111 114 108 101 80 64 51 46 48 50 51 46 45 47
54 52 46 46 48 54 63 78 85 103 91 100 100 112 119 88 81 78 61 51 46 46 49 49 47 45 42
46 49 48 47 50 52 64 80 79 95 91 99 100 107 105 96 87 81 63 51 46 47 49 50 48 44 44
44 48 47 47 48 50 58 69 68 72 78 93 96 95 98 85 97 84 61 54 46 47 54 50 46 44 43
45 47 47 46 51 54 59 64 67 68 75 91 88 80 94 93 105 96 65 55 50 49 49 51 49 44 44
47 48 47 47 56 57 59 64 67 66 74 87 79 78 87 90 91 89 58 60 58 58 51 48 46 44 44
54 46 51 50 57 60 59 58 56 58 66 68 70 75 67 72 72 63 54 54 52 65 52 49 46 42 43
