43 43 43 45 45 44 41 44 49 44 42 43 44 43 45 45 43 43 42 50 50 44 43 43 42 43 44
43 44 44 44 44 43 44 40 44 49 44 42 44 43 45 47 44 43 45 45 44 44 44 43 40 44 49
42 44 44 41 45 49 44 43 44 43 44 44 44 44 46 52 44 43 39 45 50 44 43 43 42 43 44
42 44 44 43 45 44 44 49 44 42 43 43 45 45 48 74 48 44 44 45 47 44 42 43 43 44 44
42 45 44 44 43 44 48 44 42 44 44 44 46 46 78 109 50 44 46 42 46 49 44 42 43 44 44
42 44 44 43 44 44 44 44 44 44 44 44 45 52 131 100 48 47 52 45 44 45 43 43 44 44 44
43 43 44 44 43 43 44 44 44 42 44 48 51 89 135 97 54 46 48 51 46 45 44 43 43 45 44
43 48 44 44 45 43 44 46 45 45 46 46 54 300 169 113 71 56 52 51 48 46 45 44 44 45 43
42 44 44 44 46 45 46 47 46 47 47 48 64 261 135 334 110 68 71 53 51 52 49 46 47 48 45
43 42 44 43 44 44 45 45 45 45 46 46 50 73 99 145 98 72 47 48 45 46 50 44 43 45 44
42 42 44 43 44 45 42 44 50 45 43 44 46 59 67 114 97 78 49 43 47 44 45 49 44 44 44
43 44 43 43 44 44 45 43 45 50 46 44 46 50 51 111 146 146 69 51 46 49 51 46 44 46 44
43 44 50 44 43 44 44 45 45 45 46 46 47 50 49 91 140 144 101 52 51 56 46 44 45 46 45
42 39 44 44 45 45 45 45 46 48 46 45 46 49 50 73 133 140 172 72 58 48 47 50 46 46 46
48 44 44 44 44 44 46 46 46 46 48 50 49 49 51 67 147 176 179 129 67 55 50 46 45 49 50
43 49 45 44 45 44 46 46 47 48 46 49 53 52 54 60 173 172 176 179 98 62 50 52 49 49 47
43 44 45 43 46 47 47 49 48 47 49 50 50 54 53 61 166 214 200 195 107 64 56 47 46 51 48
43 44 44 45 46 46 47 48 51 49 48 49 51 54 56 60 157 227 203 204 136 72 54 50 49 54 50
40 44 50 45 45 45 45 46 46 47 48 48 49 52 51 53 89 149 151 148 124 75 56 44 47 54 47
43 47 44 44 44 42 45 50 45 44 46 46 47 48 48 54 59 90 116 107 95 91 63 46 46 47 47
42 45 44 44 44 42 44 49 44 43 44 44 46 46 44 48 52 53 77 85 78 79 55 45 42 47 48
43 44 44 41 44 49 44 43 44 44 45 46 45 46 50 48 50 51 56 79 87 94 54 46 44 47 46
43 43 45 44 44 44 44 47 45 43 45 45 46 46 44 47 49 51 57 77 86 99 61 44 52 46 45
43 44 43 44 47 44 46 45 43 44 46 45 47 43 46 52 50 56 59 75 91 96 56 44 47 46 45
43 44 44 44 44 44 45 45 48 46 45 46 47 48 49 47 60 68 83 104 105 107 59 60 48 44 46
42 46 42 43 45 44 45 45 46 52 48 47 48 48 51 54 58 101 106 124 123 110 63 50 47 50 45
44 43 43 44 45 45 46 47 48 47 51 56 51 51 53 55 71 117 113 138 148 145 84 49 48 53 46
42 44 45 46 47 46 51 62 60 63 72 80 73 60 61 65 118 156 201 170 153 192 132 53 51 58 50
43 43 44 49 53 56 59 66 64 64 69 69 62 56 56 65 106 120 108 119 99 107 75 48 46 50 47
42 44 47 53 52 53 54 64 65 66 62 63 58 54 56 75 101 103 116 104 83 77 65 52 47 48 47
43 44 46 50 50 54 57 61 68 73 72 74 62 60 67 95 117 134 131 126 94 87 56 47 47 52 50
45 44 50 49 47 51 59 69 76 84 76 91 68 75 116 154 133 142 148 157 97 135 62 48 50 55 51
46 47 53 57 55 58 67 84 100 105 103 114 104 139 168 188 187 218 231 234 203 3429 131 87 93 115 89
44 43 46 51 49 48 52 67 74 85 81 87 102 175 129 138 135 145 145 106 85 123 66 49 49 54 50
44 49 46 45 49 48 60 94 81 88 87 84 114 232 151 155 140 151 155 109 93 82 64 50 52 56 53
44 48 48 46 52 56 71 86 82 80 99 115 130 163 153 130 123 122 111 100 77 70 59 48 50 56 50
41 45 52 47 49 54 59 71 69 76 65 73 104 114 115 114 119 106 101 79 73 58 53 47 48 51 49
43 49 51 51 57 58 61 67 67 72 62 68 94 108 116 108 112 106 92 93 62 57 54 47 48 53 50
43 48 46 51 55 59 62 78 66 66 68 64 78 110 92 93 95 83 96 92 57 56 50 46 47 55 48
42 42 47 49 53 63 60 69 67 63 67 59 66 91 84 86 93 73 78 83 57 53 48 47 51 49 46
43 42 50 57 57 62 61 78 75 66 63 56 54 66 74 81 95 75 88 87 65 54 51 46 46 49 46
43 42 53 64 58 60 61 71 74 67 63 52 54 63 78 79 95 84 91 96 72 58 49 46 47 49 47
43 49 47 50 56 59 62 70 69 64 61 55 52 59 78 87 84 88 91 111 70 61 50 45 46 51 48
43 45 43 50 63 64 66 81 71 70 67 57 54 62 76 81 98 92 88 96 66 64 50 46 47 47 48
44 47 47 50 57 65 67 77 69 71 67 57 59 71 84 96 117 119 106 90 74 64 50 47 48 52 46
43 46 50 50 53 64 64 73 72 63 68 72 70 92 108 121 149 134 133 112 94 70 54 50 53 63 51
42 46 46 50 61 67 67 80 73 67 73 71 74 103 133 137 161 139 158 134 110 75 63 52 63 61 69
47 53 53 61 60 62 69 77 72 74 79 73 90 122 144 150 175 183 172 169 142 92 65 69 59 100 119
45 46 47 52 57 60 68 75 79 83 80 68 94 113 118 145 164 173 175 190 164 118 70 79 105 230 145
44 48 47 51 53 59 65 75 76 77 87 75 105 111 123 153 187 198 201 223 236 155 86 74 175 436 184
46 49 48 56 59 64 72 80 79 85 90 88 115 119 132 173 204 205 229 278 261 201 175 115 214 502 358
46 49 49 57 58 66 79 90 95 98 106 108 114 134 136 168 185 195 239 258 271 286 200 163 244 307 273
45 50 48 53 56 66 85 96 107 109 114 124 127 129 137 157 184 206 240 254 328 268 253 193 213 213 127
45 49 46 48 52 60 80 97 106 120 118 131 126 139 135 142 180 212 202 262 376 246 255 191 168 162 80
44 46 46 46 50 51 66 78 93 117 119 118 106 128 136 128 148 175 174 263 280 206 238 148 116 90 65
49 54 50 47 50 49 53 58 66 76 79 138 138 99 120 116 140 156 158 227 224 186 200 121 85 74 62
48 46 45 46 46 47 51 53 57 71 90 82 95 94 107 114 121 131 141 191 154 135 153 89 58 62 56
44 42 45 44 49 55 51 55 70 65 67 92 90 106 110 119 122 116 122 141 95 90 80 55 53 61 52
43 42 48 47 50 56 64 61 56 62 72 86 91 114 118 125 136 130 124 121 86 84 77 53 57 57 51
44 43 46 54 58 64 54 55 58 62 69 82 89 104 104 127 147 152 131 102 81 84 72 51 51 56 51
46 43 46 66 55 52 55 60 63 66 66 80 95 99 105 153 177 194 148 105 84 86 69 56 52 59 53
45 46 50 55 61 60 62 71 65 67 73 92 98 105 150 200 248 271 197 121 98 95 72 57 52 63 57
45 47 47 57 63 59 64 65 69 63 75 80 88 104 151 207 232 222 142 113 96 98 71 55 53 63 55
52 45 50 60 63 63 61 58 56 58 67 73 89 115 124 152 184 141 95 91 83 87 71 52 51 58 52
