42 43 44 45 44 44 46 57 63 55 52 55 45 45 48 49 55 91 70 54 45 44 44 44 45 44 45
44 42 45 44 45 44 55 98 204 134 62 54 49 47 50 50 74 217 153 55 46 44 45 44 44 43 44
46 44 45 45 43 46 55 88 315 207 61 54 52 51 55 58 81 356 138 57 49 45 44 44 44 45 45
43 44 47 45 48 51 50 62 84 82 50 46 46 42 45 52 58 92 71 43 44 47 44 43 43 42 44
42 43 44 49 46 47 52 84 62 54 54 46 46 44 43 46 49 61 75 50 44 40 44 47 44 42 44
42 45 45 50 46 43 49 99 68 50 56 46 48 45 42 46 50 60 71 62 45 42 44 42 43 44 44
43 50 45 43 44 43 45 67 62 54 51 45 49 46 44 46 48 74 63 68 44 48 44 42 42 43 46
43 44 44 42 44 43 46 75 58 50 51 45 48 46 44 45 45 65 65 55 45 43 44 42 43 43 44
43 44 43 43 45 45 46 91 72 49 45 45 45 44 45 45 50 75 71 49 44 44 44 43 45 44 42
43 43 44 47 45 45 59 127 90 56 47 47 51 46 46 47 52 90 108 62 44 44 44 43 44 43 44
43 44 42 44 50 54 90 178 109 67 51 48 50 52 49 54 71 118 167 95 46 44 44 44 44 44 44
43 44 44 44 45 56 106 199 121 86 52 50 51 51 54 63 104 151 224 79 47 50 45 44 44 43 44
44 40 46 50 46 52 134 174 125 92 55 57 52 52 60 71 121 190 232 100 46 46 49 45 47 45 46
43 44 44 41 46 55 126 195 141 103 62 55 54 52 54 71 124 180 197 99 44 46 50 44 45 44 43
44 49 45 44 45 45 133 179 137 101 59 52 56 51 52 64 134 177 180 84 46 44 45 45 45 42 44
43 44 44 50 45 45 100 168 129 92 56 51 55 51 51 58 110 137 145 65 47 45 45 43 45 48 45
42 44 47 44 44 50 57 118 100 73 51 53 49 48 50 51 98 138 106 49 46 44 44 44 43 44 47
43 44 44 44 45 44 54 75 84 66 49 46 48 50 50 51 84 104 78 57 46 44 44 48 43 44 48
43 42 44 47 45 43 48 55 71 60 45 46 50 46 46 52 67 68 57 46 45 44 44 45 45 44 45
43 42 44 44 45 44 47 59 66 59 47 44 46 45 47 51 70 63 66 46 45 44 44 44 47 44 44
43 43 44 44 44 44 48 56 70 64 48 46 47 47 48 57 89 92 78 46 45 44 44 44 44 46 45
43 44 44 44 44 45 56 69 104 98 58 50 51 51 58 87 100 95 101 48 50 44 43 45 44 44 45
43 44 42 44 50 45 58 89 126 122 89 54 54 56 76 113 110 104 116 56 51 44 45 51 44 44 44
43 44 45 42 46 50 64 102 152 146 119 62 56 57 99 116 103 100 122 65 51 46 48 47 45 44 45
44 45 45 42 46 53 96 130 164 161 126 77 59 59 107 121 115 104 121 74 54 55 58 45 45 45 43
43 45 45 44 46 46 73 127 186 143 106 78 58 62 102 131 136 100 181 78 63 49 56 44 46 45 45
42 44 44 44 46 46 73 115 131 140 124 81 59 60 82 127 108 107 136 109 62 53 48 49 46 44 45
44 44 46 46 47 47 107 158 149 148 147 99 102 76 112 200 177 182 171 121 66 68 42 46 50 46 44
44 44 46 46 46 47 125 134 168 160 141 93 76 74 114 162 147 152 128 89 62 57 49 52 45 44 45
43 44 44 45 47 49 75 104 97 110 110 105 86 103 113 131 116 136 98 80 59 52 46 46 44 45 45
42 45 47 46 48 48 64 97 131 137 123 143 123 139 145 148 137 135 88 92 61 49 47 44 45 50 45
46 49 44 46 48 47 107 116 159 161 139 145 143 147 171 162 141 116 117 116 64 49 48 46 47 44 45
45 48 46 46 47 46 63 108 140 143 145 141 158 149 153 138 152 121 148 97 66 55 48 46 44 44 45
44 45 46 46 48 47 57 119 143 136 140 134 137 153 189 146 130 111 127 87 55 55 49 45 45 45 46
44 45 45 44 46 47 55 108 130 130 144 134 131 146 150 122 130 106 118 96 55 50 46 43 45 50 45
46 44 46 45 45 46 57 78 124 125 142 127 146 105 184 112 106 93 90 60 50 46 46 46 43 45 45
43 44 42 44 50 44 50 57 69 76 94 87 100 93 112 84 69 64 61 50 47 44 45 44 44 44 46
44 42 45 49 45 43 50 54 71 74 87 79 87 77 96 75 73 70 68 55 47 45 44 45 44 44 49
43 44 45 44 44 44 48 58 83 84 94 85 96 76 85 73 78 70 70 62 47 45 42 50 50 44 47
44 43 42 44 43 45 52 57 86 88 99 92 100 74 85 74 78 68 64 63 46 45 45 44 44 48 50
43 44 45 46 45 44 48 58 88 90 105 104 95 84 86 75 76 71 67 60 46 44 44 45 47 43 47
43 44 42 45 50 45 47 56 81 88 108 117 96 99 79 76 76 69 62 61 48 44 45 43 46 44 46
43 46 45 42 46 45 49 57 78 84 123 130 114 108 88 92 81 76 66 59 49 44 45 44 44 44 45
43 44 45 43 46 51 51 59 82 89 150 142 159 135 102 97 87 87 70 59 51 45 47 45 44 44 51
44 42 45 49 46 49 55 60 85 92 140 166 164 142 118 113 113 102 76 62 51 46 48 45 44 44 54
45 45 49 44 47 48 55 70 104 108 136 193 190 173 159 141 155 119 91 69 57 49 46 46 45 45 57
44 46 46 46 48 48 57 67 106 106 147 188 174 173 172 156 155 115 94 73 60 51 49 46 47 44 54
47 46 46 46 45 48 60 77 110 111 154 187 177 174 160 186 157 136 113 76 57 54 48 46 46 44 49
43 45 46 46 48 46 60 92 123 125 172 156 179 172 136 149 139 148 127 101 59 53 50 45 46 49 46
44 47 45 46 48 49 56 90 119 123 150 150 200 179 140 155 151 159 133 134 77 56 48 46 48 51 44
46 47 46 46 49 50 60 101 153 156 164 167 216 173 151 182 189 186 163 170 83 58 50 48 46 47 47
45 52 47 48 51 52 72 132 209 212 219 211 225 182 174 202 198 229 214 185 106 57 52 52 46 50 54
46 47 52 51 53 57 91 183 281 282 256 231 232 184 178 195 223 279 252 165 124 59 69 50 48 50 47
46 46 47 47 52 55 102 130 238 243 221 175 171 137 128 155 170 240 181 147 127 87 54 46 47 52 48
52 44 46 49 52 64 86 90 108 105 124 116 105 85 85 90 101 110 102 100 99 68 61 49 46 45 50
50 45 55 66 74 127 111 73 72 69 81 91 82 64 65 72 70 67 76 93 98 96 55 58 44 45 51
45 54 71 71 111 213 124 88 70 70 69 79 82 74 67 72 66 71 69 88 91 67 79 67 47 47 46
51 73 55 84 123 119 100 75 69 68 63 72 69 69 76 74 65 63 63 72 66 71 74 55 60 57 44
79 64 50 102 90 88 89 72 71 71 66 81 78 76 72 74 70 70 69 71 69 72 80 62 51 64 46
66 50 68 82 97 90 89 80 81 80 77 91 89 85 82 78 82 81 84 72 71 75 90 69 59 46 47
50 52 81 81 105 87 89 88 86 87 88 104 97 100 94 96 104 114 84 83 73 96 85 76 64 50 44
46 86 67 91 97 80 95 84 85 85 93 109 98 92 110 127 126 135 97 82 69 79 79 70 72 61 43
47 70 76 83 80 72 75 71 74 73 78 93 76 82 92 103 97 100 76 68 59 67 64 65 73 61 49
63 54 82 71 65 63 71 70 59 62 64 64 58 69 67 72 73 66 59 56 57 65 63 64 70 57 49
