42 43 44 43 44 42 43 44 43 44 46 44 45 44 43 43 43 49 44 44 46 44 45 43 42 42 43
43 43 44 44 46 43 42 43 43 43 44 42 44 49 44 42 42 46 46 44 44 44 43 46 43 42 43
43 43 43 44 44 43 44 43 43 44 42 45 48 44 42 44 49 56 60 50 44 44 44 40 43 47 44
48 43 42 43 43 43 44 44 44 42 48 50 45 43 44 44 57 72 59 46 44 44 43 43 40 44 48
43 48 44 43 44 44 44 44 45 46 63 55 48 47 46 49 76 68 51 43 44 44 43 44 42 44 46
43 48 44 43 45 44 45 46 46 55 254 209 54 48 58 91 79 60 49 48 47 46 43 44 49 45 44
43 42 42 43 42 45 50 46 46 48 234 149 52 46 63 67 76 52 47 47 46 46 43 44 48 45 43
43 44 40 44 43 44 50 46 44 49 77 60 47 45 49 71 331 62 49 48 47 48 46 42 44 50 46
42 43 41 44 50 44 43 45 43 44 50 46 45 45 45 46 84 63 46 45 43 43 44 44 44 41 44
41 43 46 43 45 43 43 43 43 44 45 42 45 50 45 44 78 69 46 48 45 42 43 43 43 44 41
43 43 44 44 44 46 46 43 44 44 45 45 42 45 46 46 92 95 61 55 46 43 44 43 43 44 43
43 43 46 42 44 48 45 43 44 44 48 46 46 46 50 46 84 103 72 56 47 44 44 44 44 44 46
44 42 44 43 44 44 45 46 44 46 49 46 47 46 48 46 76 120 116 83 49 44 45 44 44 45 42
44 42 48 43 45 45 43 46 51 48 47 51 48 55 49 50 76 116 124 99 49 48 45 44 45 42 45
42 44 44 44 43 46 51 58 73 74 81 81 62 109 59 58 81 146 142 136 60 51 47 46 46 47 45
43 46 44 44 43 47 54 71 92 100 97 94 67 103 70 62 107 154 160 161 72 58 49 46 47 47 46
42 44 44 44 46 46 50 70 92 96 88 81 68 89 75 62 116 191 190 196 77 56 50 47 47 52 47
42 44 44 44 46 45 57 82 99 100 87 77 65 91 86 64 98 195 197 199 87 60 57 48 47 50 46
43 46 44 44 46 48 63 86 97 90 81 71 62 74 71 67 66 116 133 134 84 60 50 46 46 47 46
44 50 44 43 46 45 63 84 96 88 76 71 60 59 63 65 52 82 97 100 76 67 47 46 44 46 46
45 44 48 44 45 47 55 80 95 87 83 71 56 54 62 55 51 57 81 85 75 68 47 46 45 46 45
44 49 44 44 46 48 60 76 97 101 84 74 59 49 54 56 56 58 74 81 91 63 48 42 46 51 45
48 47 45 45 44 52 72 75 90 90 89 77 55 50 54 55 60 59 87 98 94 78 47 46 43 46 51
49 46 45 46 49 56 66 70 97 87 90 71 59 57 52 62 61 62 86 94 87 72 50 46 42 46 50
46 50 45 44 47 57 67 72 96 95 92 92 71 59 55 71 66 78 103 114 104 78 47 46 52 48 46
43 44 43 45 49 60 64 77 84 85 80 81 71 69 65 90 67 139 108 119 108 82 54 47 52 49 46
43 44 43 44 44 57 72 69 73 74 69 68 70 68 67 93 69 133 109 121 141 128 75 44 48 55 48
46 47 44 45 53 56 77 84 83 83 88 91 78 89 90 138 79 171 161 170 155 149 93 50 50 50 50
44 48 46 46 51 61 66 76 71 71 77 71 74 93 77 123 74 128 120 129 91 86 68 46 47 50 46
43 44 46 46 47 57 61 63 60 67 65 67 67 72 74 109 72 91 99 106 79 71 54 46 46 48 44
44 44 47 46 49 58 61 65 66 71 69 81 73 90 101 117 98 104 107 112 76 81 51 47 46 49 52
43 46 46 46 49 54 60 73 76 83 77 97 89 103 119 136 111 115 115 118 91 119 53 48 46 51 54
48 62 52 51 62 74 82 98 105 104 108 123 125 146 147 166 157 163 157 160 156 3499 102 77 78 82 71
43 46 45 47 50 50 55 70 70 78 91 97 102 136 119 137 101 98 94 94 85 111 54 47 48 51 49
43 44 45 47 49 51 59 72 67 74 82 85 106 156 130 122 108 99 94 91 81 70 52 49 48 49 48
43 44 47 55 66 64 78 95 97 101 102 108 106 144 138 119 103 98 81 81 76 70 53 54 49 50 49
42 44 45 53 56 61 63 78 80 84 82 85 106 116 107 111 91 86 76 80 58 57 55 47 46 49 47
43 45 46 47 62 68 68 73 87 88 75 84 102 107 106 108 96 94 83 83 56 54 50 46 47 49 47
44 46 45 44 58 68 69 84 73 85 100 85 94 98 85 91 74 73 84 83 56 52 47 46 46 48 48
43 44 48 46 60 71 67 92 82 79 95 99 97 99 84 82 75 64 71 71 53 51 48 46 46 49 46
43 42 44 46 55 80 69 97 91 78 91 95 92 101 82 85 88 69 74 74 56 51 49 52 46 49 48
45 44 43 45 51 76 74 84 85 85 84 83 101 97 87 85 91 79 83 78 60 54 48 48 47 50 47
44 46 43 44 49 75 78 84 92 92 78 84 105 92 95 91 81 80 83 78 60 55 47 47 51 49 47
43 46 44 43 51 78 93 99 85 94 83 95 110 94 87 87 84 81 78 80 63 54 51 50 50 50 47
43 44 46 45 48 68 78 91 83 80 86 89 124 108 87 104 103 87 83 84 63 55 54 55 48 51 47
44 45 42 44 51 63 79 89 84 78 92 131 106 128 111 136 125 106 104 105 64 58 52 53 50 56 52
44 44 45 46 59 72 81 86 96 78 121 110 115 138 139 137 131 115 114 116 74 61 54 52 54 68 86
42 46 54 46 53 71 75 98 86 84 99 112 144 153 142 148 138 143 129 130 92 67 57 56 73 136 193
44 43 45 46 59 65 77 102 84 97 103 114 163 130 116 135 128 130 132 132 105 88 65 63 160 316 172
45 50 46 53 52 74 86 83 85 94 101 114 170 134 119 141 133 142 153 156 151 104 70 89 211 416 182
45 46 45 50 62 86 93 93 96 96 104 120 165 142 127 159 157 156 177 180 173 127 106 159 262 500 362
45 46 53 48 67 96 100 101 101 97 109 140 150 148 138 156 143 159 195 199 233 205 233 186 233 277 205
45 47 49 50 76 100 114 115 118 103 118 147 161 152 139 149 164 173 205 210 292 246 250 182 189 170 104
45 46 48 50 78 105 122 123 107 114 117 140 155 137 126 141 161 182 199 203 314 219 237 170 144 93 69
46 46 49 52 81 121 135 119 113 129 127 143 145 113 115 125 138 148 201 208 248 169 208 140 103 69 60
45 47 47 52 94 177 149 122 118 130 126 134 144 106 106 124 136 136 195 198 214 166 166 111 66 65 59
44 46 46 63 109 182 147 116 116 106 117 106 96 90 94 106 114 139 174 181 152 132 133 75 57 62 56
45 54 45 46 58 68 66 72 82 76 80 86 78 82 85 98 111 131 142 140 106 96 95 65 52 56 52
53 48 50 50 56 58 68 74 62 60 66 82 76 86 90 102 120 135 139 140 99 106 99 65 52 59 53
46 53 45 47 57 69 54 58 60 57 60 68 72 80 87 106 126 144 130 128 93 104 89 63 52 55 54
52 46 44 54 58 57 56 55 58 64 62 70 74 77 93 139 178 206 144 142 97 102 92 62 52 56 53
46 46 51 48 59 62 61 65 64 64 70 75 78 91 130 202 242 305 177 183 110 103 93 70 59 61 53
46 46 46 44 58 64 62 63 62 59 67 68 69 79 119 193 229 259 139 139 97 115 87 72 56 58 53
56 44 44 48 54 57 59 56 54 55 58 60 67 76 86 142 170 141 96 97 85 102 84 65 55 53 49
