42 43 45 44 46 42 44 46 44 43 44 42 44 44 44 44 44 44 43 43 44 44 44 41 43 47 44
43 40 46 44 45 46 44 42 42 43 44 44 42 44 49 44 42 42 43 44 44 43 42 43 47 44 42
43 41 46 48 45 42 43 43 43 44 44 44 48 44 44 43 44 43 50 44 44 43 44 43 43 44 42
43 43 46 47 44 42 43 43 43 44 42 44 49 44 43 44 39 44 43 43 42 43 43 43 44 42 44
43 44 43 44 49 44 42 43 43 44 44 42 45 47 44 43 43 43 44 49 44 42 43 44 44 44 44
44 43 44 45 48 43 43 43 43 44 44 42 45 49 44 43 45 43 42 43 43 43 44 43 44 47 44
43 46 43 43 45 43 44 43 44 45 44 42 44 43 44 44 42 47 44 42 43 42 43 44 43 44 44
44 44 43 45 46 43 44 43 42 43 44 43 45 42 44 46 42 43 44 41 44 48 44 43 43 43 44
48 44 43 43 43 43 44 43 43 41 44 48 44 42 43 43 43 43 46 43 43 43 44 44 40 44 48
43 44 44 44 44 42 45 47 44 43 44 42 44 43 44 44 43 43 40 45 50 44 43 43 42 46 45
42 44 44 44 41 44 49 44 43 44 43 43 45 44 44 45 43 43 45 41 44 49 44 43 43 43 44
42 43 44 43 44 43 44 44 48 44 43 43 44 43 44 43 40 44 50 45 44 43 42 43 44 44 44
43 43 43 43 43 43 44 43 44 41 44 47 45 42 43 43 43 42 50 55 46 43 44 42 44 44 44
44 47 44 43 44 44 44 43 43 44 44 42 45 46 44 43 43 43 49 59 49 43 44 42 43 44 44
42 43 43 43 44 43 44 40 44 48 44 42 44 44 44 45 43 47 67 81 46 44 42 45 48 44 43
43 42 44 42 44 43 44 44 44 44 44 44 46 44 46 46 46 60 193 65 47 47 49 46 45 44 43
42 42 43 43 44 44 44 44 46 45 46 45 46 46 47 50 53 142 163 52 48 50 46 46 45 46 45
48 44 42 44 44 43 44 45 46 46 46 45 49 48 49 57 68 226 127 48 48 47 49 49 46 45 44
46 44 42 43 44 43 44 45 45 48 46 45 48 46 48 68 87 159 91 52 48 50 47 48 46 43 44
43 40 43 44 44 46 44 44 44 45 45 45 45 48 48 84 91 110 78 53 49 65 47 46 46 46 44
43 40 44 46 44 45 44 44 45 45 45 45 45 47 52 81 82 85 86 66 46 59 51 47 46 47 43
44 45 44 45 45 43 43 45 46 46 44 46 54 49 48 61 59 190 131 79 61 54 55 47 51 46 44
43 47 44 44 44 42 44 44 45 45 42 45 53 47 46 52 46 72 81 121 91 56 50 48 51 42 50
42 43 45 43 46 44 42 44 44 44 45 42 47 52 47 49 49 54 65 87 138 82 51 49 53 47 49
43 42 45 44 44 44 42 45 49 46 44 44 48 48 49 50 52 52 62 96 117 128 96 62 57 48 53
43 43 50 44 43 43 43 44 45 46 46 46 49 50 49 53 55 51 58 68 82 129 124 79 71 44 46
43 43 43 43 44 42 44 50 46 44 46 46 50 50 48 53 52 54 53 55 69 142 182 127 79 54 51
43 44 44 41 44 49 44 47 48 47 51 49 55 56 61 60 59 67 60 59 71 143 277 212 160 77 50
43 44 44 42 44 47 44 45 46 46 47 48 51 52 57 55 54 54 53 54 62 74 148 155 115 78 50
42 43 44 44 41 44 49 46 44 46 46 47 52 50 51 60 54 55 51 46 54 62 82 112 102 84 61
43 42 44 44 44 44 41 49 54 50 49 52 70 65 71 70 70 73 71 58 65 61 71 87 106 75 70
44 44 43 43 44 44 44 63 63 72 67 74 95 108 109 114 115 111 102 87 96 88 98 76 107 85 79
43 45 45 44 45 45 48 78 78 94 82 93 131 165 150 148 153 115 117 118 105 90 122 120 97 101 113
44 42 44 43 46 48 45 91 93 97 98 109 158 178 179 160 166 132 132 130 103 99 138 110 103 105 109
44 43 45 44 45 44 46 106 110 118 120 126 184 190 232 209 216 134 130 139 111 108 157 133 112 80 70
44 43 44 44 45 45 45 114 121 122 127 130 193 189 236 168 176 142 129 98 105 101 113 115 65 55 59
46 44 43 44 44 44 46 101 103 108 117 108 149 183 209 144 153 107 90 83 84 59 65 66 56 49 49
45 44 43 44 44 44 51 102 106 115 124 109 161 227 163 162 166 132 76 59 63 63 63 60 57 49 48
44 41 44 47 45 45 56 114 114 119 134 130 129 149 163 80 75 65 56 53 55 53 55 65 51 46 47
44 41 44 44 44 46 46 106 106 112 117 115 147 116 101 70 70 58 54 52 53 50 51 51 51 48 45
43 43 44 47 45 43 46 120 118 126 127 122 122 103 98 74 74 63 62 52 54 50 52 50 51 47 47
43 48 44 42 44 43 44 118 114 122 130 119 114 112 104 76 77 67 60 60 52 50 52 49 49 47 46
40 44 48 44 43 43 44 112 108 113 122 116 119 113 108 84 84 68 63 60 56 51 51 49 51 46 46
41 44 49 44 44 44 43 114 110 114 126 116 145 147 112 85 87 72 63 61 56 52 55 47 50 52 46
43 48 44 44 45 42 45 112 104 105 117 111 144 153 126 103 105 89 68 60 56 52 59 52 51 48 47
44 44 44 44 45 45 45 105 100 102 112 108 205 172 161 138 141 116 80 66 65 58 62 56 55 50 53
44 44 45 44 45 47 46 101 99 101 110 110 204 183 195 163 169 123 82 71 68 61 65 60 55 50 52
44 44 45 46 45 46 46 97 95 97 104 106 189 242 209 182 188 131 98 75 71 68 70 60 56 51 56
43 44 44 45 44 44 48 96 92 96 102 102 195 212 148 145 145 111 85 69 74 79 63 57 55 50 53
43 44 44 44 46 44 47 85 82 84 89 89 194 224 151 138 137 106 90 74 87 66 67 58 54 49 52
43 44 46 44 45 43 45 79 75 75 79 78 195 205 158 134 137 101 84 84 82 69 74 60 57 50 58
43 48 43 44 45 44 45 73 74 79 78 76 205 187 174 133 137 103 87 101 111 127 176 95 91 57 47
46 46 45 44 46 45 46 78 76 79 86 81 248 232 223 168 174 162 157 168 193 168 288 192 223 114 54
45 46 44 45 46 46 46 78 79 86 85 83 240 241 225 187 193 202 179 191 236 177 265 200 204 129 62
44 45 45 44 46 46 44 81 85 81 85 84 219 227 202 190 198 203 174 167 232 190 191 169 149 100 60
46 47 45 46 46 44 46 67 63 68 74 69 193 205 223 249 260 213 192 216 187 124 146 104 89 76 65
44 44 44 44 45 45 46 59 62 67 64 63 123 174 224 278 286 196 180 170 133 95 104 90 68 59 58
44 40 44 44 46 44 46 56 54 57 59 58 84 100 149 226 234 148 109 128 95 88 96 71 61 50 54
50 39 44 49 46 44 45 50 51 52 53 52 64 68 70 95 98 100 100 104 76 104 96 73 53 48 48
50 49 45 46 45 45 46 50 50 50 51 51 67 66 63 81 84 102 113 103 92 104 106 81 61 48 52
50 46 47 43 47 46 47 53 52 54 59 53 69 69 71 99 103 157 147 120 101 121 110 90 68 54 52
44 46 49 44 47 50 52 57 57 58 59 58 76 75 83 134 138 253 228 138 120 119 106 93 74 55 64
42 46 50 45 50 48 51 55 56 56 58 57 71 73 75 140 145 212 156 120 111 126 98 80 76 57 52
46 46 45 46 50 47 54 59 53 53 55 53 60 63 63 103 104 117 91 94 90 98 85 77 69 52 46
