42 43 45 44 46 44 46 58 62 54 52 54 45 42 49 53 55 93 61 53 45 44 44 41 45 49 44
42 46 44 45 45 42 51 92 178 138 63 53 47 47 48 52 76 195 127 52 48 44 45 45 42 44 49
46 44 45 45 46 46 54 73 276 190 59 53 51 47 54 62 85 359 118 61 48 44 46 44 45 45 42
43 43 47 44 47 54 46 57 92 76 49 46 44 44 50 47 62 103 66 46 49 44 43 43 43 43 44
42 44 44 47 46 51 51 74 63 53 51 48 46 45 43 47 49 63 71 50 47 44 42 43 43 43 45
42 44 44 50 44 46 53 88 66 48 56 46 46 42 45 51 47 59 68 57 43 43 43 43 44 42 44
42 43 43 44 44 44 45 64 66 51 49 45 51 46 44 46 50 70 63 64 43 43 44 43 43 42 45
42 43 42 43 44 43 45 63 63 49 46 44 49 46 44 44 47 58 54 57 44 42 44 42 43 44 42
42 45 43 44 45 44 48 81 75 48 46 46 45 45 44 44 46 74 66 44 44 48 44 42 43 42 44
41 43 44 45 45 43 55 120 95 48 46 45 46 45 45 46 55 91 84 53 42 44 49 44 43 44 43
43 42 44 44 45 55 74 163 122 59 48 47 47 47 48 54 72 120 151 75 45 44 49 45 45 44 43
43 43 44 44 45 55 93 198 136 73 51 49 48 50 52 63 101 148 207 76 49 45 47 45 43 43 44
43 44 44 45 47 51 113 188 137 87 53 51 52 56 58 70 121 176 228 90 46 46 51 45 47 45 44
44 44 50 46 44 48 116 191 149 95 59 53 51 52 53 68 116 159 175 80 48 50 46 45 46 43 44
48 44 44 45 44 45 117 168 138 89 57 54 51 48 51 60 128 163 162 80 48 45 45 45 46 42 45
48 44 43 44 45 45 82 160 143 78 55 52 50 49 49 55 105 135 138 54 47 45 46 46 43 44 47
43 48 44 44 45 48 53 115 106 67 47 49 51 48 47 50 93 141 104 50 47 44 45 44 44 43 44
42 43 44 43 44 46 53 71 92 60 47 48 48 46 47 51 82 103 75 51 46 44 46 47 44 43 44
42 42 44 44 44 44 46 54 75 58 45 45 46 45 46 49 65 68 60 46 48 44 42 44 44 43 44
42 43 39 44 48 44 46 58 68 50 47 45 46 42 47 53 66 61 68 45 46 43 44 46 44 44 43
44 43 44 44 44 45 46 59 66 61 48 46 47 46 45 57 81 86 75 44 45 44 44 44 44 44 44
43 43 43 44 46 45 54 63 101 94 58 49 50 47 56 89 95 96 94 49 51 43 45 45 44 44 42
43 43 44 47 46 46 58 86 127 116 90 53 50 54 78 112 108 105 112 50 53 45 46 52 44 44 45
43 44 45 45 46 46 59 99 147 142 117 62 54 56 89 115 101 105 126 59 51 47 49 49 45 44 46
43 44 44 47 48 47 88 127 161 161 122 78 57 54 101 124 116 106 127 74 54 59 59 47 47 43 45
44 45 45 46 47 46 65 119 202 118 102 76 57 61 100 128 134 110 190 72 63 50 62 47 47 44 44
44 43 41 47 51 46 69 108 111 145 116 78 59 63 77 124 111 106 133 106 62 49 52 55 47 45 44
41 45 51 49 47 46 104 144 131 149 140 96 101 76 110 197 182 179 174 113 73 73 52 49 47 46 45
43 44 46 47 47 44 120 127 159 152 134 91 73 74 106 161 141 151 125 90 63 62 57 52 46 44 44
43 43 45 47 48 48 69 103 84 107 104 102 83 99 111 127 110 134 85 83 60 55 52 49 45 44 44
43 43 46 48 47 47 59 95 124 137 116 139 116 132 140 141 133 132 85 90 68 52 51 49 46 45 46
44 43 51 50 48 47 100 109 148 158 134 140 136 141 166 156 135 108 113 115 70 54 54 50 49 45 46
43 45 51 50 47 46 60 104 135 140 143 140 145 142 148 131 148 118 148 92 68 60 52 50 48 44 45
44 40 46 54 48 46 56 108 143 125 134 131 131 141 185 143 125 107 124 86 60 52 54 55 47 44 45
46 44 45 48 47 47 55 101 130 126 135 129 127 141 149 118 125 102 119 88 61 51 51 51 48 45 47
43 48 45 47 47 46 56 72 112 126 139 117 139 101 182 109 102 93 87 63 52 47 50 49 48 45 46
43 47 45 44 46 44 54 56 63 80 94 84 96 88 110 82 68 62 59 55 46 45 47 47 47 45 45
41 44 50 46 46 45 52 54 68 76 84 78 83 80 98 75 71 71 70 57 49 45 46 47 51 44 48
43 43 40 46 51 46 49 57 83 88 92 84 94 79 87 75 75 72 70 63 50 43 47 58 46 43 47
43 42 45 46 46 50 48 59 88 89 100 88 98 78 85 76 77 67 65 65 51 46 47 49 45 45 50
40 44 50 48 46 46 47 60 90 99 106 98 97 90 85 76 78 69 64 64 49 44 47 48 46 44 46
43 43 47 54 47 47 49 56 80 104 113 114 99 103 85 79 79 71 68 59 50 47 47 51 51 46 51
43 55 54 63 48 50 51 55 75 100 136 129 111 112 96 84 82 79 69 59 57 51 54 75 59 48 55
45 50 106 201 51 56 54 60 72 115 160 143 153 129 99 99 89 86 76 67 60 58 73 292 154 44 65
44 49 159 314 71 48 55 64 73 109 142 160 153 133 110 108 117 102 83 71 63 60 109 202 225 46 68
43 46 110 171 90 49 56 68 110 138 131 182 183 163 151 136 150 126 98 90 79 70 126 146 158 51 63
44 46 66 138 103 54 59 74 116 121 145 179 174 178 178 156 156 120 108 101 69 73 165 127 93 46 62
44 47 50 106 106 73 76 93 126 116 146 175 193 192 160 192 159 138 120 119 80 68 154 108 65 46 59
44 44 48 71 102 77 92 121 110 142 177 170 196 195 136 155 140 157 139 145 132 92 148 95 57 49 50
44 50 50 60 112 93 108 110 102 136 167 164 226 194 136 153 154 171 155 167 231 94 150 89 53 73 47
45 51 48 56 109 108 105 134 138 143 147 167 217 175 140 160 171 176 168 229 179 119 145 69 59 57 49
45 45 50 55 80 100 134 136 136 123 131 175 178 164 140 141 138 145 155 182 171 153 134 59 51 55 54
44 43 47 56 58 87 140 145 154 113 129 155 165 146 129 128 126 139 137 150 152 116 87 54 49 48 47
45 44 45 49 49 52 86 107 123 124 119 112 119 115 102 109 107 116 101 108 123 73 57 54 51 46 46
43 46 45 46 46 46 52 76 75 99 85 89 98 81 78 84 83 77 84 76 66 51 60 48 51 45 44
43 43 45 45 45 45 46 52 51 64 70 81 85 68 71 68 66 62 59 59 64 52 49 43 45 49 44
47 44 46 45 44 45 46 49 52 57 62 82 76 75 73 74 60 53 52 54 51 46 44 46 50 44 43
43 43 40 45 54 47 45 48 48 62 59 75 72 76 78 71 60 52 51 50 50 43 46 50 46 44 44
47 40 45 44 48 51 50 51 54 62 66 81 83 89 78 74 64 57 56 55 49 46 48 43 45 49 45
59 44 51 47 48 50 55 61 64 71 77 93 96 92 78 75 68 65 65 55 53 46 52 47 45 44 45
51 41 47 53 53 54 61 62 69 75 84 105 109 99 92 92 81 80 66 61 56 56 54 46 45 45 44
45 42 46 53 58 59 66 64 71 76 87 106 102 98 102 108 97 103 77 63 55 59 54 49 46 44 45
44 44 42 50 60 58 60 63 64 74 82 98 85 89 90 98 88 84 65 58 52 58 53 50 46 44 46
51 42 44 50 48 57 67 63 56 62 68 73 65 79 72 74 69 62 54 54 56 59 54 50 46 49 45
