43 43 43 44 48 45 46 46 46 44 44 43 43 43 44 43 42 44 44 43 45 43 46 43 42 42 44
43 43 44 45 47 48 57 49 43 44 43 43 44 43 44 48 42 43 44 43 44 42 43 47 44 42 43
42 44 48 45 46 49 71 101 52 45 45 48 45 44 44 43 43 43 46 42 44 43 43 44 43 44 46
44 41 44 49 46 46 49 82 88 48 45 41 44 49 44 42 43 43 46 41 43 44 43 43 40 43 48
43 47 45 45 46 46 47 63 101 76 46 45 50 44 43 43 38 44 43 44 42 43 44 43 43 40 44
42 44 46 44 48 50 46 52 78 99 88 46 44 44 49 44 42 42 43 44 44 44 41 43 48 44 42
44 43 42 44 45 46 52 50 69 91 70 55 45 44 44 45 43 43 42 43 44 43 44 41 43 48 44
43 46 43 44 46 44 46 53 74 89 52 47 45 44 44 44 42 43 42 43 44 43 44 40 43 48 44
43 45 42 44 51 46 48 57 91 69 50 46 45 44 44 45 43 43 44 49 45 43 43 42 42 44 44
43 44 45 42 46 52 51 74 92 56 46 46 45 44 44 44 43 42 44 39 44 48 44 43 43 42 43
43 44 46 43 50 60 58 110 115 60 46 46 46 45 46 47 43 43 43 43 51 44 43 43 42 43 44
43 44 46 48 51 62 81 138 107 57 47 46 47 45 45 44 46 44 44 50 45 42 44 42 43 44 42
46 45 46 50 54 66 111 158 117 61 52 48 47 46 46 45 44 44 48 49 44 45 44 43 44 42 44
44 48 48 52 66 84 171 178 124 71 54 56 50 47 47 46 45 48 49 46 46 47 47 46 45 49 47
44 46 51 55 69 125 220 162 114 72 69 61 58 56 48 45 46 44 50 43 47 45 45 49 44 43 44
46 52 55 63 91 212 268 183 131 99 78 79 73 73 52 49 48 47 53 48 48 46 46 48 44 49 44
46 54 61 71 128 299 311 220 140 97 78 77 73 78 56 51 47 49 48 51 49 48 48 46 46 46 44
48 53 64 66 134 281 298 216 138 107 78 75 70 77 68 52 53 50 50 51 49 52 47 46 45 45 45
47 57 59 73 144 257 267 180 112 91 73 73 68 74 69 55 49 50 50 54 53 53 51 52 44 45 45
47 53 60 90 129 243 201 133 79 75 65 68 66 73 65 53 46 48 49 50 49 51 50 68 46 46 44
46 51 54 89 163 196 139 96 66 62 61 65 64 55 58 59 46 46 48 46 48 50 48 52 46 45 44
47 51 58 93 168 168 109 70 63 55 59 68 62 55 61 54 48 46 47 46 46 49 46 46 44 45 49
46 57 60 102 173 174 93 67 60 55 62 58 62 62 57 53 48 47 50 45 47 51 47 49 43 45 47
46 57 83 125 167 184 117 72 62 58 59 62 63 62 58 52 46 47 49 49 46 52 49 46 45 46 46
45 55 130 125 143 176 150 82 71 63 61 67 64 62 67 53 53 50 50 49 49 49 45 46 52 49 43
48 61 161 140 145 193 175 114 80 67 67 73 75 66 75 67 56 55 51 48 50 50 46 44 48 53 45
47 66 149 132 137 174 164 118 78 64 67 66 70 68 68 62 58 51 49 51 50 54 48 44 47 50 50
55 73 169 182 180 204 206 165 98 79 85 81 81 85 71 80 72 62 58 59 63 60 52 49 47 49 45
57 67 146 206 193 178 179 164 100 83 82 77 72 78 72 76 62 59 56 60 59 52 48 46 46 46 44
52 81 156 129 122 149 129 128 82 82 73 70 61 65 64 63 58 56 54 58 54 51 48 46 50 46 44
50 73 120 167 111 127 139 134 93 86 89 88 70 68 64 65 58 57 56 57 52 53 51 46 42 47 51
52 59 128 123 102 110 143 152 140 113 95 99 77 77 70 71 64 59 61 61 54 59 47 46 46 46 45
50 57 95 102 86 89 133 153 128 123 99 102 87 82 67 68 58 57 61 62 59 59 46 45 46 45 46
46 54 63 78 84 86 112 141 113 149 90 114 95 86 69 68 58 60 59 58 58 56 50 46 45 48 42
45 50 55 72 84 95 104 156 114 124 94 134 97 90 68 71 58 58 59 59 59 68 61 52 46 46 44
46 53 59 78 124 131 131 165 133 160 110 130 89 87 76 63 60 57 54 61 53 60 60 46 46 47 44
47 52 57 72 119 132 138 152 136 121 105 100 78 82 65 59 59 53 54 54 54 55 48 46 49 46 44
49 58 63 77 195 156 170 166 159 122 95 110 83 75 66 60 57 56 55 56 61 58 51 46 44 46 45
49 55 63 71 109 152 162 193 142 111 98 101 86 76 62 58 58 55 58 56 58 61 56 46 46 46 45
49 53 63 67 95 146 134 191 142 127 92 93 92 74 59 60 55 54 58 58 60 70 56 45 45 44 44
53 55 59 70 115 180 165 174 172 117 83 90 86 72 59 59 56 52 59 60 60 67 50 50 45 47 46
53 57 61 76 126 173 179 193 214 150 95 93 82 70 61 59 56 56 61 63 63 59 49 49 47 46 47
49 61 62 78 135 150 195 177 206 138 95 98 83 68 62 57 54 57 59 68 60 55 50 46 46 45 46
49 54 62 82 127 159 190 185 193 127 94 111 87 70 62 57 55 56 60 67 63 57 49 47 48 46 44
48 56 57 71 129 166 160 169 182 112 97 98 88 67 64 64 61 58 62 63 61 61 49 47 46 49 45
49 57 62 76 130 171 160 182 190 116 108 108 104 82 68 63 65 61 69 72 62 65 53 47 46 53 45
50 57 63 76 138 179 172 197 174 113 127 104 103 95 74 69 66 64 70 76 70 66 58 49 48 50 44
50 56 62 72 125 152 171 201 160 114 122 113 112 85 79 75 67 64 72 76 68 60 50 47 62 57 50
49 53 61 75 123 138 163 180 156 143 108 119 114 79 76 70 67 65 70 76 73 75 54 51 52 51 46
48 55 60 70 120 139 153 168 143 128 110 118 122 85 71 71 67 67 75 83 83 68 57 52 53 55 46
50 57 61 79 135 160 175 180 157 134 113 122 116 90 72 78 78 70 80 96 71 65 69 58 47 55 46
54 67 71 99 172 236 262 236 192 144 127 134 114 105 79 78 72 75 83 84 73 70 60 56 52 48 46
60 77 87 114 223 330 396 356 265 187 140 150 132 113 88 85 74 83 85 87 87 70 65 51 55 53 45
58 72 85 110 222 312 360 336 262 212 130 147 112 102 80 78 72 74 74 94 80 68 59 50 55 59 46
60 76 89 109 249 340 395 362 308 235 128 137 124 98 76 76 73 72 69 93 71 66 66 56 51 52 46
67 88 107 143 320 498 497 473 367 236 149 144 117 101 89 87 80 80 80 103 74 77 58 61 61 52 47
71 95 116 206 394 574 502 427 307 211 142 138 126 105 91 87 76 81 86 96 81 73 70 54 50 51 48
77 88 128 191 296 388 328 278 193 142 114 115 96 86 73 74 69 66 67 67 56 58 57 51 50 53 46
71 153 174 260 261 243 210 180 137 106 88 89 71 63 63 58 55 54 56 57 53 55 50 46 51 46 46
141 249 209 317 265 241 205 162 130 108 91 83 71 64 58 57 55 55 57 56 53 53 49 46 45 46 46
162 259 301 286 262 200 166 133 112 98 85 85 72 65 58 58 59 63 60 63 53 56 48 45 46 46 45
153 261 232 263 215 174 145 127 110 96 90 95 82 65 61 65 68 74 64 58 59 55 48 46 46 46 45
108 258 219 217 176 144 139 138 117 101 117 103 73 65 60 67 66 65 61 58 54 57 51 46 46 45 43
265 218 196 198 175 164 160 150 116 108 113 104 76 71 63 70 65 57 54 58 57 61 50 47 46 46 45
