43 48 45 45 44 43 44 44 44 44 44 43 44 44 42 44 43 42 43 42 43 44 44 43 40 43 48
43 44 50 45 46 45 42 44 49 44 42 43 44 43 44 44 48 44 43 43 42 43 44 43 43 40 43
42 44 47 44 44 46 51 44 43 43 43 43 45 43 45 46 45 43 45 44 45 44 42 42 43 43 44
43 44 45 44 47 51 54 45 42 43 44 43 45 41 48 54 47 44 43 41 44 46 44 42 43 43 43
43 44 45 44 58 81 95 59 45 44 44 44 46 46 54 66 87 54 44 42 44 41 44 49 44 43 44
44 46 46 46 63 160 356 165 60 55 53 50 52 53 64 211 314 67 52 51 46 45 46 44 46 46 44
44 50 45 44 70 145 138 94 53 48 46 49 53 51 54 138 127 66 57 41 45 48 45 43 44 44 44
43 51 44 42 57 138 68 54 46 45 50 45 45 45 50 65 72 68 55 44 47 44 42 42 43 43 44
43 43 44 43 59 106 88 49 47 45 45 45 44 44 47 50 83 69 44 44 45 44 44 42 44 45 44
43 41 44 49 50 83 91 46 44 45 45 44 46 44 47 50 79 72 45 54 44 44 43 43 44 44 44
43 44 42 44 55 145 146 54 46 46 46 46 46 45 46 61 106 99 48 57 46 44 44 44 44 42 44
45 44 43 44 50 142 134 55 46 50 46 45 46 44 46 55 95 94 48 46 46 47 45 45 44 42 43
45 42 44 47 61 177 139 66 47 46 46 46 44 47 52 61 100 124 51 46 45 44 46 44 44 44 44
44 40 44 49 67 156 140 71 47 47 47 46 44 47 52 70 104 125 61 45 44 46 49 44 45 46 43
44 48 45 46 76 165 147 92 50 49 46 48 53 48 50 89 147 163 76 46 44 44 45 45 46 42 44
45 44 46 51 82 180 162 119 64 52 50 50 50 50 67 122 165 182 92 46 44 44 46 45 46 45 45
42 47 51 46 97 193 180 129 69 52 52 51 52 52 60 135 189 201 110 52 46 44 46 46 46 45 43
45 49 45 46 92 172 178 132 74 54 52 51 52 53 57 136 202 193 98 53 46 45 46 46 47 46 45
44 43 45 56 59 138 156 106 58 49 48 49 49 48 57 76 133 122 70 50 45 45 45 45 43 45 47
44 46 48 46 48 91 114 81 49 46 46 44 47 51 52 63 88 89 57 50 44 44 44 43 44 44 44
43 46 44 47 54 65 90 81 50 46 43 46 51 46 50 53 72 72 52 45 46 44 46 44 42 43 44
43 49 44 42 45 60 68 62 49 45 45 44 45 46 44 50 65 67 53 46 44 43 43 43 44 46 44
43 45 43 45 49 56 66 68 62 46 45 45 46 43 46 61 68 62 47 47 45 44 44 42 44 44 44
42 44 44 44 47 52 95 79 68 48 46 46 46 47 47 58 69 58 49 53 45 44 44 44 44 44 44
44 45 46 44 46 55 90 94 97 56 48 48 48 48 51 70 85 78 51 47 45 43 44 45 45 44 43
45 48 46 44 46 53 99 95 105 75 57 50 50 49 70 92 96 85 55 47 45 43 45 46 46 44 42
46 46 47 44 46 58 92 88 95 78 62 50 50 49 71 93 86 80 62 50 47 46 44 45 46 44 44
46 46 45 45 47 70 108 116 116 100 69 58 56 58 90 118 126 106 80 52 45 46 46 47 53 46 44
46 46 44 45 47 70 95 115 108 87 69 57 54 63 79 102 106 91 77 50 47 46 47 51 48 44 44
46 46 43 44 46 65 80 91 74 81 65 58 51 56 64 80 77 73 65 58 46 47 46 41 46 50 44
47 49 45 45 46 57 88 87 89 88 74 71 56 61 72 89 80 83 81 55 51 52 47 46 48 44 44
52 83 59 52 47 54 85 102 111 116 86 83 67 75 95 108 92 116 77 62 51 50 57 61 63 46 44
61 58 62 49 48 52 69 109 99 120 108 106 97 91 103 106 100 102 84 69 51 50 55 50 54 48 45
52 54 45 47 52 53 70 108 117 118 118 109 106 118 114 118 97 102 88 67 50 50 51 51 54 50 47
51 57 48 48 49 54 70 131 126 122 135 119 112 153 132 130 110 101 104 77 52 60 51 50 55 52 46
49 54 52 50 47 54 84 110 141 128 126 130 122 137 119 109 104 98 81 71 51 50 50 51 56 48 45
50 52 49 47 46 52 77 114 115 124 110 109 116 95 112 100 94 88 78 65 51 49 53 50 51 47 49
51 50 47 51 48 51 76 116 126 114 103 104 113 98 122 97 97 88 78 64 48 48 49 49 52 47 46
50 52 46 47 49 48 60 120 125 123 121 96 104 106 101 93 95 85 83 62 49 48 50 56 56 46 46
51 51 46 47 48 51 58 89 120 116 120 107 115 127 103 92 99 74 66 55 48 49 56 52 53 48 45
48 51 46 46 47 49 60 96 114 122 79 88 96 105 84 76 69 59 61 50 46 46 51 69 51 46 44
52 55 44 47 53 51 65 117 135 187 104 100 114 113 91 79 73 64 55 55 47 47 54 56 56 47 45
68 63 47 48 48 51 67 108 124 174 113 111 105 108 90 84 79 73 60 55 47 49 52 61 65 47 45
76 90 47 45 48 57 64 115 113 170 128 122 109 97 90 82 87 78 61 50 47 56 57 91 102 55 43
141 141 49 47 49 53 62 108 124 158 142 136 120 101 95 100 103 88 59 51 50 56 63 132 145 68 46
211 212 54 50 50 56 64 105 141 167 156 164 139 135 109 139 118 89 65 52 51 53 65 184 272 102 47
339 306 69 51 52 59 66 129 154 186 167 168 169 172 141 162 130 93 59 56 56 58 83 225 459 142 48
444 770 83 55 54 63 78 145 156 203 183 189 203 187 187 166 152 116 69 53 55 59 76 273 601 186 49
286 309 99 54 53 61 85 152 162 214 185 195 214 166 150 149 136 106 75 51 51 63 115 170 246 118 50
108 202 142 71 54 62 104 144 148 191 182 194 238 175 153 151 137 117 88 57 52 73 166 148 118 114 44
74 113 131 123 68 71 140 165 165 191 195 214 228 189 168 184 149 129 115 72 55 122 214 128 88 63 46
80 88 149 186 85 99 203 203 223 198 211 230 228 201 171 197 163 160 135 105 70 204 181 78 71 57 49
67 76 77 158 126 137 232 250 281 214 219 237 231 209 183 202 190 186 150 120 87 158 189 66 75 55 46
63 72 54 107 142 144 205 224 245 223 200 218 193 187 166 169 179 162 111 134 101 117 78 63 67 55 48
56 66 56 67 143 189 189 213 195 208 187 213 172 146 136 137 144 126 94 117 97 77 59 59 64 49 46
58 60 51 52 103 221 238 178 147 165 155 162 132 113 127 132 125 110 107 114 73 54 55 55 56 50 50
53 57 51 51 59 127 119 125 146 152 122 124 117 113 106 118 98 97 85 64 54 50 52 52 56 48 46
54 49 47 46 53 78 74 82 93 112 105 103 89 110 107 104 92 77 65 52 47 48 46 50 56 47 45
54 52 43 47 49 56 72 78 78 95 92 99 95 108 111 98 78 74 58 49 47 47 49 46 51 45 45
50 50 47 52 49 52 66 73 78 89 84 101 106 104 100 93 84 76 65 52 45 46 47 49 51 46 44
49 51 46 48 54 53 59 65 67 78 81 106 108 104 108 98 102 92 66 59 48 47 49 47 50 46 44
50 53 48 48 50 58 71 70 69 77 87 114 114 96 125 132 139 127 90 66 52 51 49 49 53 47 44
52 56 48 45 57 66 70 72 71 74 93 111 108 99 128 149 142 126 78 65 55 62 52 50 54 47 44
62 54 47 51 59 64 68 67 65 68 85 100 103 102 109 122 126 85 62 60 57 68 56 50 51 46 47
