45 44 42 44 44 44 44 45 65 188 119 60 50 47 46 44 43 44 44 40 44 48 44 43 43 42 44
43 39 42 43 45 44 44 44 47 62 116 101 54 47 46 45 44 49 44 42 44 42 43 44 43 43 44
42 44 44 43 44 42 44 49 46 48 66 102 71 55 46 43 43 43 48 42 44 43 43 43 45 44 44
43 47 44 42 43 43 43 44 44 45 51 63 64 53 44 44 43 43 44 46 45 43 44 43 42 43 44
42 43 43 44 44 44 46 44 46 45 46 64 85 64 46 45 41 45 43 47 42 43 44 42 44 42 44
43 44 49 43 44 44 43 44 44 46 47 63 103 57 46 44 43 44 42 43 44 43 43 40 44 48 44
44 47 44 44 44 43 45 49 45 46 48 92 102 54 48 46 50 44 43 43 43 43 44 43 43 44 44
43 44 45 44 44 45 46 47 47 46 51 110 133 75 46 47 45 44 44 42 44 44 44 43 43 44 46
43 44 44 44 44 47 45 44 46 47 52 100 123 81 54 47 45 45 45 40 44 43 44 41 42 43 44
43 44 44 45 44 46 45 44 47 49 58 118 135 76 55 48 45 46 44 43 46 44 42 43 42 43 44
42 44 44 44 43 45 50 46 49 52 76 167 158 115 54 57 47 46 45 43 44 43 49 44 42 44 47
43 46 44 42 44 44 47 46 49 53 103 154 129 121 52 50 47 46 45 44 44 43 46 44 44 43 42
42 43 41 44 46 45 48 47 49 53 115 150 118 113 54 57 46 46 46 43 44 44 44 44 44 44 44
43 47 42 43 45 46 46 44 53 64 142 174 132 114 58 52 49 53 46 43 44 42 44 43 44 44 42
42 44 44 44 45 43 47 53 54 76 160 157 128 117 57 52 50 47 43 45 42 43 49 44 43 46 45
42 44 44 44 45 44 48 54 58 110 190 221 125 127 63 59 49 49 44 45 43 44 49 44 43 43 43
43 44 44 44 45 46 44 48 62 119 216 178 110 87 64 53 53 49 46 42 45 41 46 49 44 42 44
43 48 45 43 45 47 47 48 57 125 206 166 97 76 66 52 50 47 48 40 44 41 44 48 44 43 43
42 44 44 44 45 48 46 45 66 148 196 125 72 66 64 55 48 47 46 41 44 48 44 44 44 42 43
45 42 44 46 47 48 45 48 65 230 132 104 64 63 56 53 49 46 44 43 44 44 45 44 43 48 44
42 48 43 44 45 47 47 52 93 155 174 119 67 61 63 52 48 52 46 43 44 43 44 44 43 45 48
42 44 45 47 50 46 49 61 125 202 178 136 97 64 62 54 50 49 49 44 45 44 42 44 48 44 44
43 49 48 44 45 47 62 74 190 213 261 184 111 88 62 62 57 52 47 49 44 44 45 43 44 48 44
43 47 50 45 46 52 62 86 267 222 245 208 161 144 70 67 61 55 48 50 44 46 45 42 44 49 46
45 47 54 46 46 60 62 106 290 245 268 269 222 156 93 70 61 57 51 46 46 44 46 48 45 46 44
43 47 46 45 48 56 60 118 266 228 258 251 221 208 114 71 67 59 51 47 47 43 46 48 44 44 44
43 44 45 44 48 57 60 87 246 187 192 242 168 165 124 72 63 55 50 45 45 45 44 44 47 44 44
44 48 45 49 47 63 62 100 232 218 250 340 236 191 182 99 72 66 54 46 46 44 45 46 44 45 47
44 51 45 49 47 52 57 87 152 190 194 207 215 179 174 113 67 63 58 46 45 44 44 44 44 44 44
44 46 42 44 51 51 54 66 114 144 213 141 166 175 136 105 80 60 50 44 47 45 46 43 43 44 45
44 47 43 50 50 52 54 63 109 197 163 170 191 185 143 122 110 73 54 46 44 44 44 44 44 41 45
45 52 43 44 47 53 56 61 106 201 174 179 229 221 163 133 114 86 62 46 47 45 44 44 44 44 45
42 60 44 45 47 52 57 59 124 124 155 190 236 208 148 126 105 98 70 46 45 43 45 44 44 44 45
44 51 47 43 46 52 55 61 75 114 182 201 192 196 151 140 94 95 68 46 46 45 46 42 44 44 44
42 46 45 45 47 50 54 65 71 101 146 162 194 197 165 140 101 95 71 47 46 44 47 44 43 43 44
43 46 44 45 46 50 51 63 70 71 102 167 168 169 146 114 96 74 57 43 46 44 45 44 44 44 44
43 44 44 44 46 49 49 53 60 61 67 139 102 128 127 92 86 62 50 42 45 43 44 47 44 42 44
42 45 43 44 45 47 48 49 54 64 66 77 87 87 94 95 72 55 48 42 44 47 44 42 43 44 44
46 47 48 44 44 48 50 52 63 77 85 98 104 119 95 100 76 65 49 45 45 47 44 43 43 44 44
44 46 45 47 46 46 51 55 68 77 95 92 102 106 86 104 68 61 48 46 43 44 48 44 43 43 43
43 59 48 44 44 46 49 55 78 79 95 92 93 97 78 92 70 58 51 46 45 44 41 44 49 44 43
43 52 44 43 45 48 48 58 73 83 102 90 92 96 78 86 71 60 50 48 44 44 44 41 44 49 44
43 58 44 45 46 46 48 52 73 81 81 102 110 110 86 87 75 63 52 46 45 44 44 41 44 48 44
47 52 44 44 44 48 49 52 64 72 91 131 129 106 93 96 77 61 56 45 46 41 44 48 44 43 46
45 48 45 45 46 50 52 54 64 74 108 128 159 129 114 135 104 72 60 47 46 41 45 50 44 43 44
43 48 45 43 46 58 56 56 67 78 119 160 193 167 156 186 140 88 65 52 48 45 44 45 49 44 44
44 50 45 50 47 54 57 59 67 78 118 154 179 182 170 195 160 96 65 55 46 45 46 45 42 44 49
44 48 45 49 48 53 57 57 66 76 97 143 173 183 192 198 184 117 79 58 46 45 44 44 44 43 44
43 48 50 45 50 54 55 59 64 71 85 132 158 151 157 171 161 111 83 60 48 45 45 44 44 42 44
43 52 44 47 50 56 56 60 66 71 85 122 154 151 152 184 185 149 114 54 57 44 44 43 44 44 44
44 46 46 43 49 65 64 65 71 74 91 125 146 162 170 210 234 207 153 64 71 45 46 45 45 44 45
44 50 46 46 54 72 85 92 97 93 115 157 164 185 183 231 224 220 167 75 49 44 45 45 45 45 43
44 48 49 45 72 166 156 193 146 122 153 203 235 238 198 234 232 221 164 71 49 46 47 44 45 45 45
44 51 46 50 74 184 201 177 155 151 159 216 270 307 198 196 235 255 96 58 47 47 51 46 45 45 46
45 53 46 62 62 198 226 138 142 166 169 219 262 256 231 250 180 139 95 57 50 47 49 45 48 45 44
43 47 46 52 58 145 156 99 109 106 124 175 191 165 188 199 127 83 65 60 58 50 47 46 44 43 44
43 46 45 46 71 140 140 100 87 89 99 130 142 132 146 140 98 78 69 63 53 51 54 46 43 44 44
43 46 46 47 70 87 123 113 88 82 87 106 99 103 101 101 79 71 67 66 52 52 58 44 44 44 45
43 44 45 59 64 66 104 124 98 97 80 90 87 87 87 82 80 68 66 64 53 57 55 49 47 45 45
42 44 47 63 58 67 98 125 114 127 88 89 87 84 77 79 77 76 69 68 56 58 62 50 50 45 46
46 46 54 49 62 71 84 110 117 114 99 98 94 88 86 76 91 98 71 69 58 63 64 51 47 44 45
44 55 46 54 69 70 86 92 99 102 105 105 93 86 85 85 104 95 74 63 54 61 59 47 47 47 44
50 57 44 56 63 63 76 72 79 80 98 105 81 80 78 84 85 85 62 56 54 53 52 53 45 43 44
52 47 46 53 55 63 77 71 61 70 76 84 67 71 66 72 64 68 54 55 55 56 50 51 44 42 43
