43 46 44 43 44 44 44 44 43 44 48 44 43 43 43 44 42 42 43 43 42 43 46 44 44 43 44
41 43 46 40 44 50 45 43 43 43 43 43 44 43 46 45 43 43 43 43 41 44 49 43 42 43 43
43 48 45 42 44 46 45 44 43 44 44 44 46 44 44 46 43 43 42 46 42 42 44 43 43 43 43
43 44 44 49 45 48 53 47 44 44 42 44 50 44 46 56 60 45 43 47 43 43 44 41 44 49 44
46 46 46 44 46 77 149 112 49 46 47 52 48 48 56 129 185 54 51 43 44 45 45 45 44 44 49
44 46 45 47 50 66 174 196 55 52 51 46 49 55 56 228 182 59 51 46 45 44 45 50 46 44 44
43 42 44 45 47 86 85 65 46 44 44 45 45 45 47 61 65 51 50 43 44 44 41 43 47 44 43
42 44 42 44 48 74 66 49 45 48 45 43 44 44 46 52 59 56 47 44 44 44 41 43 49 44 43
43 41 44 48 47 62 86 47 44 44 45 44 42 44 48 47 67 62 50 44 44 44 42 43 44 44 44
42 44 44 44 48 72 102 50 45 45 45 44 45 45 49 49 79 70 50 46 43 44 43 43 44 42 44
43 44 46 44 51 116 130 55 45 45 46 44 46 49 46 49 79 98 46 56 46 43 44 42 43 44 44
43 44 45 42 56 173 136 58 46 46 46 46 46 46 46 52 90 103 52 44 44 44 45 43 44 47 44
44 47 43 44 81 201 140 66 48 50 47 45 46 47 48 59 100 140 69 44 46 45 45 45 44 44 45
45 46 47 43 86 175 136 71 47 49 51 47 46 47 51 64 105 151 90 56 46 45 46 46 45 47 45
43 46 46 45 104 190 160 88 54 50 51 49 50 51 55 97 147 174 118 47 46 47 49 46 44 44 44
45 46 45 50 135 193 188 125 67 54 52 52 52 51 66 130 181 187 153 50 45 49 44 46 50 45 43
46 47 50 48 133 211 210 135 68 57 52 53 53 54 60 123 210 213 160 46 46 51 47 50 47 44 44
44 46 46 47 125 186 192 120 60 58 53 51 51 51 57 100 194 199 127 63 46 50 47 45 46 50 46
43 45 44 49 76 131 141 78 52 51 49 46 48 50 53 63 117 116 82 54 45 49 46 43 45 44 45
42 41 45 49 56 79 81 57 48 46 45 46 50 47 47 56 67 86 59 50 45 46 44 44 44 42 44
42 51 48 50 59 68 79 63 48 46 44 46 50 46 48 55 75 96 64 48 49 46 44 44 43 44 47
44 46 45 47 51 78 69 62 48 48 51 46 45 45 48 66 84 84 58 55 44 45 46 44 44 44 45
44 47 44 47 47 79 84 87 72 51 52 47 47 47 49 63 97 83 62 56 44 46 45 43 47 49 49
49 48 44 47 48 90 120 97 84 51 50 54 50 47 53 77 87 96 70 47 46 47 46 46 42 44 45
45 48 49 47 51 83 128 127 132 79 59 51 54 57 80 97 108 109 79 50 47 46 48 51 47 46 44
46 46 46 45 50 100 130 128 150 105 65 58 59 61 104 128 134 117 85 53 48 53 45 48 53 46 44
46 48 46 47 50 92 124 119 119 100 71 57 56 62 89 126 117 98 83 55 48 54 46 47 53 46 43
49 49 46 54 51 94 135 153 134 124 90 68 63 72 110 151 150 129 115 68 47 56 50 49 50 46 45
51 53 47 49 49 95 111 140 116 103 89 68 57 72 101 126 116 105 90 66 46 52 48 50 49 43 45
46 51 52 46 50 74 80 108 85 85 86 66 55 69 75 96 92 80 78 71 47 50 49 54 47 46 44
65 70 63 53 48 64 91 109 98 105 94 89 63 69 86 108 100 94 88 68 51 58 54 56 58 51 45
59 63 46 48 49 58 93 109 127 128 103 101 80 80 108 124 104 125 85 72 51 101 50 52 55 47 48
56 62 58 56 57 63 87 125 132 147 118 130 116 108 129 121 118 116 87 77 62 3451 65 59 57 51 54
52 74 51 46 54 55 68 120 119 113 114 108 112 122 114 113 101 109 91 66 59 106 50 53 60 47 46
55 56 47 49 50 56 73 124 123 117 128 125 124 156 124 126 112 100 101 77 56 67 60 52 62 48 45
53 54 47 47 47 54 78 100 123 113 124 126 122 132 113 109 97 90 85 73 51 63 62 52 54 45 44
49 53 46 46 48 52 73 97 101 111 106 100 112 92 104 96 88 80 78 72 51 53 51 51 51 47 47
56 56 46 48 48 52 73 109 124 110 105 102 106 91 110 93 95 88 73 68 49 54 52 49 52 46 45
51 59 47 49 50 51 61 115 121 127 110 97 103 104 93 92 89 76 85 63 48 60 77 63 57 45 44
50 59 47 46 49 50 60 86 110 108 113 105 107 116 100 95 86 68 61 60 57 57 63 53 54 46 46
50 55 46 46 48 51 65 96 136 134 93 95 106 103 84 81 70 60 54 54 46 53 59 55 56 46 51
56 59 47 47 50 54 69 121 140 189 110 98 106 109 88 85 82 65 56 53 47 56 57 63 59 50 50
96 89 47 47 48 54 69 118 139 175 118 124 112 109 97 89 88 74 65 52 46 57 52 66 74 45 46
85 133 47 47 49 54 70 132 118 175 131 128 115 104 92 88 91 75 64 52 50 60 54 88 92 47 56
110 125 49 46 50 58 65 113 129 154 133 132 121 105 104 104 105 82 63 52 50 62 51 122 126 53 48
167 190 52 49 51 58 67 109 147 170 145 161 142 137 112 141 118 103 67 54 52 60 60 173 242 76 44
321 278 64 51 53 58 74 138 152 183 168 169 170 174 140 157 135 86 63 57 49 71 86 209 398 127 46
389 514 81 57 55 65 88 152 155 201 185 191 200 190 195 170 152 127 85 59 52 68 74 288 407 199 50
255 288 105 56 55 64 92 161 171 220 197 201 223 176 158 159 146 117 85 62 51 68 113 182 258 111 47
92 197 145 71 54 65 116 150 158 201 194 203 250 180 160 164 147 125 100 61 52 80 167 154 121 93 44
69 105 135 127 70 78 149 177 180 203 206 224 237 199 178 195 160 136 120 78 55 127 211 132 75 56 53
76 86 141 179 85 104 217 211 230 216 225 240 234 212 184 211 169 162 138 107 76 199 180 80 70 55 54
67 76 80 150 121 132 231 256 294 225 229 253 242 216 194 216 200 176 150 125 85 157 186 67 70 50 48
62 71 55 106 142 143 206 232 255 233 208 226 202 199 173 182 187 163 112 131 103 119 82 65 67 53 47
61 66 52 69 141 187 193 216 202 216 195 222 179 152 142 153 145 127 97 113 93 87 61 59 63 50 46
54 61 51 53 101 214 236 179 153 178 162 165 139 123 133 140 131 112 102 113 70 65 57 56 58 49 46
51 56 50 49 62 122 116 129 151 157 134 133 117 117 111 124 101 98 83 67 53 57 52 54 56 47 44
49 58 47 46 55 74 74 85 97 110 111 111 95 111 102 101 95 81 62 55 48 52 49 49 51 46 43
54 50 47 47 54 56 68 80 81 96 94 103 93 110 110 94 79 75 58 50 51 52 48 49 49 46 45
49 49 47 49 50 54 67 76 80 90 85 98 97 101 102 94 85 79 63 52 46 52 49 49 51 46 46
48 49 48 48 49 53 61 66 70 76 81 103 101 96 108 95 103 86 67 53 47 52 48 50 50 46 44
53 52 46 47 52 57 66 68 67 76 81 105 105 90 119 123 130 118 85 60 51 55 50 46 52 48 45
52 55 46 48 56 61 68 70 68 74 85 101 98 92 118 142 135 114 75 65 54 67 53 52 51 44 44
56 50 48 51 59 65 67 65 63 65 78 92 93 98 108 120 120 79 61 62 57 70 56 51 50 44 44
