43 46 50 55 47 43 44 44 44 44 42 43 49 43 42 44 42 41 46 43 44 43 42 43 48 44 43
44 46 52 86 59 46 46 46 45 42 44 44 44 42 44 44 42 45 45 42 44 43 44 43 42 44 48
44 48 50 77 114 58 51 47 46 43 44 44 44 43 42 44 42 43 40 43 47 43 45 44 42 42 44
44 46 50 58 93 81 76 47 45 46 45 45 45 44 43 43 42 43 40 43 49 44 43 43 42 43 44
46 49 51 72 84 122 151 57 47 48 46 46 45 43 45 46 42 43 43 39 44 49 44 43 43 43 43
46 47 51 56 104 156 97 60 49 47 47 46 45 43 44 43 40 43 48 43 43 43 43 43 44 43 44
50 55 52 56 187 187 84 52 51 49 50 49 46 43 44 43 43 40 44 49 44 43 44 42 43 44 44
46 49 50 57 121 126 69 49 48 47 45 45 48 44 44 44 42 43 44 40 44 48 44 43 43 42 43
45 48 51 98 124 85 66 46 47 50 47 44 44 44 44 43 43 43 44 43 44 43 42 43 48 44 42
47 48 53 92 163 70 55 49 44 47 50 45 44 43 43 44 43 43 44 44 43 43 40 43 41 43 47
49 50 62 138 189 83 60 53 48 49 51 46 44 43 44 44 46 44 44 47 44 43 44 41 43 47 44
56 57 81 168 222 88 64 54 52 48 50 51 46 43 44 43 42 43 44 44 44 44 42 43 45 44 42
52 70 124 174 189 82 62 54 52 51 50 45 46 48 44 42 42 44 44 42 44 46 44 45 44 44 43
51 57 160 138 157 78 62 52 51 50 50 47 43 44 49 44 42 44 44 44 44 43 44 45 44 47 44
57 64 184 148 161 81 65 55 53 48 50 53 46 42 44 43 43 44 46 41 44 44 45 44 41 44 49
56 93 232 162 171 86 70 57 54 53 48 49 52 44 43 44 38 45 44 44 42 44 44 44 44 45 44
56 69 238 150 164 81 68 56 54 53 48 49 51 44 43 43 39 43 43 49 42 43 46 44 44 41 44
49 67 168 108 109 61 54 51 49 49 48 44 46 49 45 43 43 43 43 46 44 42 43 43 43 44 44
48 61 131 89 66 55 55 48 46 46 46 46 45 41 44 48 42 43 42 43 44 44 44 40 43 48 44
47 65 110 66 50 51 49 46 46 46 46 47 44 44 44 42 42 43 44 41 44 48 44 42 43 42 43
50 63 99 74 54 52 52 45 47 51 46 44 44 43 44 44 42 43 44 42 43 43 44 44 40 43 50
48 72 103 92 72 56 51 49 49 46 46 46 45 44 43 43 42 43 40 43 49 43 44 43 42 43 44
67 98 226 98 90 61 60 60 53 50 50 50 46 44 42 44 42 43 42 44 47 44 42 43 43 44 44
144 116 182 159 125 92 88 67 59 60 54 52 48 42 44 48 43 43 45 41 45 48 44 44 43 43 45
230 231 289 225 217 162 150 87 78 76 66 61 52 46 45 42 44 45 47 45 44 45 44 47 46 44 45
201 179 317 222 229 176 168 109 82 81 69 64 53 45 45 44 44 43 45 48 45 44 44 43 44 44 44
270 187 300 212 199 184 178 125 98 81 73 63 54 49 45 43 44 45 45 47 45 44 46 44 44 44 43
209 219 298 283 251 228 224 259 176 107 88 72 59 47 46 45 44 45 46 45 45 46 46 45 47 46 44
289 245 305 297 294 244 240 221 202 157 97 77 62 48 47 46 44 45 43 46 43 45 51 45 44 45 44
149 158 280 214 223 229 225 189 151 140 126 72 57 47 45 44 46 44 45 43 45 42 46 49 45 44 44
88 171 281 209 208 233 234 228 175 174 144 111 59 49 45 45 45 44 45 45 43 45 50 45 45 44 43
81 172 200 172 130 214 219 241 198 179 170 122 63 49 45 44 43 45 45 42 45 49 46 45 44 44 45
78 133 116 123 108 179 183 229 205 202 164 144 89 47 48 44 44 44 45 45 46 42 45 49 45 44 44
75 117 103 123 117 186 190 209 177 205 145 131 74 47 46 44 43 44 45 44 42 45 50 44 44 44 43
76 95 92 123 139 196 200 274 201 220 156 132 79 50 44 44 40 44 44 45 44 44 45 49 44 43 44
80 100 97 105 183 237 239 297 216 198 149 140 65 48 42 45 43 45 41 44 46 45 47 44 43 44 44
71 92 84 90 120 233 238 210 154 129 130 80 58 46 45 42 46 43 43 41 45 44 45 44 44 44 45
60 81 79 82 107 138 139 137 156 121 98 76 54 48 44 43 42 43 42 43 44 44 44 41 44 48 44
65 87 91 95 137 130 135 187 151 139 120 87 58 47 43 44 43 44 44 43 44 44 44 44 44 44 45
68 116 95 106 150 136 141 172 158 142 117 84 61 46 43 44 44 44 44 42 44 44 45 44 41 44 48
72 164 113 112 164 160 156 182 178 142 122 90 62 47 48 44 43 44 40 44 50 44 44 44 43 44 45
70 103 101 110 150 150 151 189 173 136 121 89 63 46 42 44 44 43 46 44 46 44 43 44 43 45 44
77 98 96 108 138 174 179 202 182 154 127 97 64 44 45 49 42 44 44 42 45 46 45 43 43 44 45
85 95 96 102 140 207 211 268 201 184 143 125 71 49 46 42 47 44 46 44 44 44 45 44 45 43 47
79 92 88 88 124 205 209 270 226 194 163 125 76 46 45 44 44 46 45 46 45 44 45 44 45 45 42
82 92 90 91 119 209 214 290 247 187 170 145 88 52 44 44 44 47 45 46 45 44 47 44 45 45 42
79 85 87 89 110 191 199 249 240 177 181 139 96 54 45 46 43 44 43 44 44 44 49 44 45 44 43
74 77 89 80 106 160 163 216 181 169 165 141 102 54 45 46 44 44 41 45 43 44 49 44 43 44 44
70 76 76 77 96 126 124 202 170 180 157 144 102 56 45 43 44 43 44 41 45 42 45 49 44 43 44
80 103 77 77 82 115 118 152 149 159 151 149 123 58 45 44 45 44 45 40 45 42 44 48 44 43 44
104 145 118 136 140 188 191 180 201 188 171 172 162 71 46 46 44 44 45 42 46 50 45 44 44 43 45
404 362 302 318 271 312 315 297 298 235 249 234 180 79 48 47 46 47 47 45 47 52 50 46 48 45 46
461 336 302 314 298 369 376 401 393 304 306 279 177 67 50 47 47 47 47 47 44 48 52 46 46 46 45
474 296 238 256 297 348 354 399 380 396 336 245 161 62 49 49 47 47 47 45 50 46 48 46 46 46 47
194 211 141 160 221 311 317 346 325 425 392 238 100 55 47 47 47 46 45 48 45 46 47 46 46 46 46
104 126 101 104 101 165 167 205 196 227 162 111 68 51 46 44 44 44 44 46 49 46 45 45 44 44 45
91 118 124 91 94 107 108 120 127 117 89 86 62 50 46 44 44 43 44 44 45 45 46 43 44 46 44
81 168 116 102 101 87 90 95 89 88 72 71 58 52 44 45 44 43 44 44 45 44 45 43 44 48 44
83 155 98 112 109 87 82 78 74 77 65 62 55 49 46 44 44 43 44 44 45 46 46 45 49 44 44
143 122 111 151 114 100 100 83 78 78 67 61 55 48 50 47 44 47 52 46 47 46 48 46 44 44 46
75 99 152 121 125 101 102 82 80 72 65 59 54 48 50 45 48 53 52 49 47 52 49 46 44 44 44
69 181 100 137 142 110 111 88 78 70 67 61 54 46 48 52 54 53 49 52 48 54 52 46 44 44 44
74 140 100 119 127 93 94 78 72 65 64 58 51 47 47 53 58 56 49 47 46 51 50 50 46 41 44
74 102 96 92 90 84 84 73 63 65 59 55 49 49 47 48 51 56 47 49 51 54 52 51 47 44 42
