42 43 45 51 42 43 49 46 51 59 63 67 82 62 59 63 43 44 52 47 44 44 42 43 45 44 44
44 43 44 45 44 44 44 52 60 65 84 140 292 80 69 54 48 45 50 46 45 44 44 44 48 45 43
46 44 46 48 46 45 47 51 60 72 78 294 1120 243 66 59 57 55 59 53 48 46 47 46 50 49 48
43 44 42 44 49 46 43 46 52 58 61 106 433 91 55 50 48 47 47 50 43 44 46 44 45 47 46
40 43 49 44 43 43 43 45 57 49 67 115 117 72 54 46 44 45 44 44 44 42 43 44 44 44 45
44 41 44 49 44 43 44 43 46 48 62 153 95 67 48 46 44 44 44 44 44 43 45 41 44 49 44
44 47 44 44 44 41 45 50 47 48 86 142 99 56 48 49 45 45 45 43 44 43 44 44 41 45 51
44 44 47 44 44 44 42 46 52 49 99 153 68 50 46 47 45 50 45 45 45 42 44 44 44 44 44
42 43 44 43 44 46 44 43 45 50 124 108 51 48 51 46 45 44 43 45 47 44 43 43 43 44 44
42 45 43 44 42 44 48 46 46 63 142 116 55 47 46 51 45 46 45 44 41 44 45 44 43 44 44
42 44 44 44 44 44 47 46 50 91 139 122 60 46 47 52 45 45 44 42 45 48 44 42 44 44 44
42 43 44 43 45 42 45 52 59 123 160 131 72 50 46 49 47 45 47 45 46 44 44 44 44 45 45
43 44 42 43 44 45 46 47 62 135 144 136 89 50 49 49 48 48 48 49 46 43 45 43 49 47 43
44 49 45 43 44 43 45 49 65 136 138 144 109 54 48 49 48 49 46 46 50 45 45 44 46 46 46
42 43 44 44 45 42 45 51 64 132 133 121 80 50 48 49 48 47 44 46 43 44 50 44 44 45 44
42 42 43 43 45 44 42 46 57 117 106 101 60 48 48 46 49 46 46 43 45 44 44 49 45 44 44
43 42 43 44 44 44 41 44 54 86 83 72 51 46 46 45 47 44 44 42 45 47 44 49 44 43 44
44 44 44 43 44 43 44 42 47 74 76 59 49 46 45 45 44 44 49 43 46 45 42 47 50 44 43
43 43 48 44 43 43 44 44 48 68 73 60 49 44 45 44 44 45 45 42 45 49 45 44 44 43 44
42 39 44 48 44 43 44 43 47 69 81 51 49 45 47 46 43 44 45 44 42 43 49 45 43 44 42
42 44 42 43 44 44 44 44 52 79 83 58 49 45 46 46 45 47 46 43 45 43 44 44 42 44 48
42 43 44 43 44 45 45 48 57 117 106 72 54 48 46 50 48 48 48 45 45 44 44 46 42 45 49
43 47 45 44 45 45 46 48 84 158 158 103 67 52 56 64 61 55 52 54 45 46 46 43 46 51 46
43 44 47 45 44 45 46 55 136 177 190 134 76 56 76 88 74 67 57 51 48 46 47 46 46 47 52
44 42 45 49 46 46 47 58 197 195 175 160 92 64 88 103 108 72 66 56 51 48 49 50 48 49 47
43 43 45 44 46 48 48 71 151 166 133 150 95 60 96 137 131 84 79 54 49 47 52 46 50 49 48
44 44 45 45 46 46 46 102 114 127 140 123 90 66 88 131 120 82 118 65 53 52 47 50 51 50 50
44 43 46 51 47 49 59 170 212 188 185 170 98 76 106 202 193 154 136 113 56 62 50 50 51 54 49
44 45 46 47 47 47 98 111 146 157 149 125 87 85 104 177 134 168 105 84 54 51 48 48 49 52 50
44 45 44 46 49 46 54 95 114 132 146 132 103 114 126 152 136 141 94 86 55 55 50 47 50 55 54
43 45 46 46 47 50 56 105 139 160 164 181 155 155 165 180 156 145 114 95 59 55 50 49 54 53 51
45 47 44 47 49 49 56 142 169 199 184 195 194 185 219 200 178 144 151 116 62 52 56 51 56 56 51
44 44 46 45 47 49 51 108 151 172 191 186 201 200 190 165 190 140 157 115 61 56 57 49 54 55 51
44 44 48 44 47 49 51 112 157 151 177 167 172 186 222 174 146 120 135 93 57 54 53 49 53 54 54
43 44 45 46 47 47 47 92 153 150 165 153 162 171 170 145 149 114 130 95 53 51 52 48 57 53 47
44 47 45 46 46 45 48 66 106 127 142 123 164 112 195 120 101 97 88 65 49 48 50 47 50 48 48
42 44 45 44 47 45 49 54 63 85 97 85 105 99 122 93 74 68 64 55 47 44 46 46 47 48 46
42 43 44 44 45 44 46 51 63 76 80 71 79 74 99 77 77 69 68 55 48 49 46 44 46 45 47
43 39 44 48 46 43 46 55 74 79 88 84 95 75 85 78 80 70 70 63 46 46 51 50 46 47 53
43 44 43 49 46 43 46 54 83 86 92 94 102 83 82 76 77 68 65 63 46 46 51 46 46 49 62
43 48 45 43 45 44 46 54 92 101 108 112 102 95 83 80 80 70 63 60 49 46 47 46 48 66 75
43 44 45 50 45 44 46 53 78 108 114 127 117 105 85 81 84 73 67 60 48 47 48 44 56 108 101
46 44 46 45 44 45 47 56 73 108 142 142 130 118 94 91 86 78 70 56 50 48 50 49 68 106 105
44 44 45 46 46 47 47 59 69 116 166 150 172 146 100 97 89 90 71 65 54 46 57 62 119 135 100
45 44 46 44 47 52 49 61 74 114 151 175 170 144 114 115 123 111 83 71 59 52 57 61 214 354 152
44 47 44 46 48 48 50 64 83 134 141 196 191 170 138 140 160 129 93 78 66 56 61 84 249 183 132
44 44 46 51 48 49 52 67 98 133 159 197 189 179 166 157 162 132 116 99 58 58 81 122 209 178 81
46 45 44 46 51 49 56 76 109 126 172 191 208 183 157 178 166 161 131 111 63 60 113 111 137 87 65
45 45 44 47 52 48 52 84 103 142 184 172 187 166 130 155 142 165 147 136 87 83 171 104 82 61 56
44 46 46 46 49 52 51 78 104 128 149 157 204 163 124 144 159 181 159 174 175 108 161 104 58 81 51
46 46 47 46 49 53 53 90 141 168 158 172 222 167 137 155 186 178 175 185 148 128 175 72 63 63 56
46 46 49 46 50 51 60 124 198 229 215 209 217 174 139 149 149 135 155 178 154 142 148 62 58 63 53
46 46 48 48 51 55 76 179 346 270 249 230 222 166 140 138 130 129 132 129 130 124 68 54 59 60 54
45 44 46 48 49 61 70 120 251 249 204 172 157 128 112 105 106 108 96 104 113 89 61 52 60 55 49
45 44 46 47 47 79 63 78 101 144 122 116 101 85 79 75 78 73 74 71 60 53 56 50 49 48 46
42 44 47 50 52 75 64 65 66 73 73 79 75 62 63 63 61 54 56 61 59 52 46 46 46 46 45
41 45 67 54 84 155 98 84 74 65 70 73 74 72 64 65 58 56 50 54 50 46 49 42 46 51 45
44 56 50 65 102 102 99 84 68 64 60 66 64 65 66 67 53 51 48 48 48 46 46 45 48 46 45
49 52 49 89 84 83 84 74 64 69 61 71 76 69 65 58 54 52 51 52 47 47 49 44 44 46 45
53 49 64 84 95 87 99 90 79 84 81 85 87 74 64 63 63 60 60 53 49 50 50 46 46 47 46
50 52 73 78 103 95 99 108 100 97 98 105 98 83 78 72 78 76 61 62 51 59 52 44 48 53 47
46 85 67 90 111 96 110 105 100 96 103 121 97 87 89 94 95 96 68 58 53 57 51 48 49 49 47
48 73 76 79 88 82 88 89 93 88 95 102 83 88 88 86 79 86 63 57 53 56 52 53 48 47 46
76 65 79 69 66 84 87 85 68 70 78 79 65 78 72 70 69 60 54 54 60 59 51 54 51 46 44
