42 41 44 48 44 42 43 42 43 44 44 43 45 43 45 45 42 43 44 47 49 48 51 44 44 43 43
43 42 40 44 48 43 44 43 42 43 44 44 45 42 45 49 42 43 43 51 74 58 51 50 44 45 45
42 44 47 44 46 44 43 44 43 44 44 41 45 44 45 45 44 43 44 50 126 93 60 51 44 45 47
43 43 44 44 45 45 43 44 47 44 43 44 45 44 46 42 46 44 44 49 122 197 66 64 50 55 62
42 44 43 44 45 44 44 41 44 48 45 43 46 44 45 45 46 44 47 59 74 178 65 69 59 95 111
43 42 44 48 45 44 45 43 44 45 45 44 43 45 48 45 46 46 52 76 68 79 68 67 71 195 215
42 43 47 43 44 44 42 44 48 44 44 44 44 44 45 44 43 46 56 96 61 50 54 51 75 126 133
44 47 46 44 45 44 44 44 46 44 43 44 45 44 45 42 49 47 86 147 50 46 49 46 66 101 139
43 46 44 44 42 44 48 44 42 44 44 44 45 42 45 49 43 49 106 137 46 46 49 45 49 69 97
43 43 44 43 44 44 44 44 41 44 50 44 44 44 44 45 47 71 127 126 46 45 46 43 48 100 73
46 44 45 44 43 45 44 44 44 42 45 50 46 44 46 45 56 106 181 135 46 46 45 46 55 126 77
42 43 44 44 45 44 45 47 45 43 45 45 46 46 44 48 90 130 174 85 47 44 45 46 72 177 76
44 48 45 44 45 44 44 45 44 45 49 46 46 46 46 54 115 160 167 71 50 46 46 47 100 168 108
44 44 45 40 45 49 44 44 44 44 46 46 46 46 51 76 116 159 144 64 46 47 43 58 114 168 128
43 41 44 49 45 44 44 44 44 45 46 46 46 46 52 78 128 181 141 50 46 46 47 94 113 146 101
43 44 44 43 45 44 45 45 42 46 51 46 46 47 47 79 131 148 73 44 46 45 46 138 121 143 94
43 44 43 43 44 44 45 42 44 50 45 44 45 45 50 72 97 69 55 45 46 46 51 120 138 125 72
44 44 44 44 45 44 44 44 45 42 45 52 46 45 64 78 65 54 51 45 46 47 50 124 130 132 58
43 44 44 42 44 43 44 44 42 44 50 46 44 45 52 73 55 47 46 44 42 44 59 95 105 89 46
43 43 39 44 44 44 44 44 44 43 44 44 46 45 50 84 58 44 45 44 45 44 50 68 74 55 44
43 43 40 43 46 44 46 44 42 43 45 44 45 42 50 79 59 46 44 43 45 45 46 57 50 49 45
44 44 48 44 47 44 43 44 44 44 45 45 46 52 65 86 88 46 45 44 45 46 49 48 51 45 46
40 44 57 46 45 44 44 45 46 45 47 46 52 68 99 109 101 52 48 46 50 52 67 66 50 50 44
43 42 46 54 47 45 46 45 46 46 48 49 73 85 110 117 77 67 51 46 57 92 85 69 48 46 50
44 46 49 51 49 46 48 47 48 48 48 59 111 104 114 119 68 73 49 61 87 122 109 101 59 46 47
45 50 63 62 50 49 49 49 51 49 50 69 115 113 111 115 65 58 48 83 114 117 101 88 57 46 54
44 47 47 48 48 49 52 50 51 50 53 85 108 118 117 79 61 63 50 119 167 134 149 99 54 49 49
45 48 47 51 53 52 55 55 54 55 72 127 141 171 144 98 77 94 61 152 159 230 177 134 55 49 48
44 47 46 48 55 49 51 53 52 54 75 137 106 141 119 81 61 61 72 98 107 104 126 82 49 46 48
44 46 46 47 50 50 50 55 54 55 84 98 126 115 115 72 66 62 104 103 97 82 98 65 46 45 46
44 46 47 48 51 54 52 60 58 60 110 116 141 132 137 99 124 103 173 98 130 101 113 63 48 49 44
46 50 48 49 52 52 54 81 72 83 134 120 152 149 155 134 204 135 158 115 137 105 93 54 49 50 49
45 47 48 49 52 53 54 78 73 82 151 134 155 155 162 132 169 132 136 120 106 103 75 68 50 50 49
45 48 48 49 50 51 54 69 68 72 122 123 146 137 175 178 146 115 112 108 104 108 73 66 51 56 48
45 46 48 49 51 52 52 61 64 63 119 128 150 144 160 153 145 125 98 126 110 100 82 70 50 49 48
44 46 46 47 50 49 51 54 59 62 87 101 134 124 121 144 122 102 96 108 93 85 61 56 66 49 47
46 45 45 46 46 47 49 59 62 58 73 74 81 101 120 104 99 87 84 99 86 62 53 50 55 46 45
44 44 46 46 47 49 51 69 69 71 88 86 83 92 116 89 92 83 76 87 54 56 56 48 53 46 46
44 46 46 44 49 49 54 78 85 89 96 92 91 84 105 83 83 79 68 57 51 51 51 49 44 49 52
45 45 50 46 50 51 54 98 107 98 95 100 90 89 95 83 85 78 74 53 52 51 50 47 47 47 52
44 46 47 48 50 51 64 102 108 104 99 115 95 92 95 77 73 68 57 52 53 51 51 45 47 51 49
50 47 48 51 52 54 82 119 127 117 125 125 97 90 91 75 66 60 56 52 51 52 52 49 47 46 51
63 52 50 56 59 61 135 150 162 151 157 112 104 104 92 77 64 55 53 50 51 55 55 54 44 46 50
60 57 52 63 76 91 128 185 202 183 164 125 129 108 85 70 61 53 51 51 52 57 54 51 54 47 46
101 59 55 88 86 111 137 178 195 177 148 140 125 118 94 75 63 53 51 55 54 62 64 60 73 48 46
94 72 104 149 133 164 173 196 214 194 147 152 138 138 105 81 71 55 55 59 59 73 90 100 99 58 48
132 120 130 161 219 268 216 216 233 211 161 175 148 138 108 83 66 60 62 58 66 93 163 116 96 53 51
91 183 131 174 241 287 233 207 225 202 160 163 160 138 100 85 64 64 56 65 74 142 201 96 66 60 50
86 171 133 171 258 284 251 220 239 214 186 172 167 131 102 82 63 63 62 64 97 400 269 95 60 56 51
71 143 126 177 220 212 210 192 209 191 164 159 180 140 98 81 67 65 65 89 143 389 224 75 59 68 68
58 90 136 156 175 189 199 186 201 182 168 153 191 141 97 93 67 66 77 122 141 113 114 66 59 50 69
56 76 72 153 156 178 263 162 175 159 181 162 159 135 99 79 70 72 84 98 83 76 79 61 51 50 65
51 58 57 87 129 153 212 162 176 160 154 140 148 122 93 86 72 89 74 61 57 62 64 55 49 47 51
48 58 54 62 77 161 155 131 141 129 112 114 118 101 87 71 71 63 56 48 53 59 56 53 52 44 52
45 59 54 73 69 91 113 91 96 92 83 77 83 74 61 64 57 55 51 50 57 50 50 46 46 50 45
48 83 89 86 110 138 101 75 77 74 67 67 61 57 56 50 47 47 48 54 49 52 52 46 48 45 44
68 104 140 135 167 166 99 69 71 68 62 62 60 58 51 53 46 47 46 49 49 52 59 48 46 45 45
82 218 133 170 161 116 81 60 62 60 51 55 59 52 49 49 47 47 46 47 49 51 53 46 44 44 45
157 166 134 164 141 90 76 57 58 57 52 51 53 55 49 48 46 47 48 50 47 55 51 49 46 44 46
238 164 156 167 138 107 89 62 63 61 51 53 57 51 49 48 46 53 49 49 50 53 60 46 46 50 46
97 152 146 150 122 102 79 61 62 57 52 56 52 49 49 49 50 56 53 48 49 55 56 49 46 45 49
93 169 151 142 118 89 79 57 59 57 53 50 52 54 51 49 57 62 59 48 50 56 53 50 48 46 48
84 153 122 110 93 69 68 53 54 52 50 49 53 49 47 48 49 56 48 48 48 54 47 49 53 48 44
65 132 102 87 69 63 62 53 51 49 49 47 47 49 46 49 46 48 47 47 51 55 49 51 53 45 43
