42 44 45 45 43 45 51 46 43 44 43 43 44 43 44 47 42 43 49 44 42 43 43 43 43 42 43
42 48 45 45 48 43 48 53 46 43 44 43 44 44 44 44 42 45 44 42 45 43 43 44 42 45 48
42 44 47 44 46 50 61 63 47 44 44 44 45 44 42 44 42 43 41 43 45 42 44 45 44 42 43
43 44 46 42 46 52 56 110 58 45 44 45 45 44 43 45 42 44 39 43 49 44 44 44 42 43 44
42 43 45 46 46 48 55 103 103 49 44 46 45 44 44 42 43 43 43 41 44 45 44 43 47 44 42
42 44 46 46 45 53 64 97 195 69 46 45 46 46 45 44 41 43 49 45 45 44 43 43 43 44 44
43 45 52 47 46 50 65 86 134 132 52 54 46 44 44 44 44 43 44 47 45 46 44 44 43 44 44
44 46 46 50 55 54 80 154 118 182 96 48 47 46 45 46 45 42 45 50 46 44 44 43 43 44 43
43 46 48 52 54 58 99 200 182 252 136 50 49 48 47 47 44 44 47 46 46 46 44 44 47 44 44
48 46 46 51 53 58 153 165 135 99 70 50 48 46 46 46 45 44 45 45 46 46 45 44 46 44 42
44 44 49 50 53 72 165 156 111 65 57 47 46 48 47 46 47 46 45 45 46 46 45 42 44 47 44
44 47 50 53 56 113 186 184 97 56 50 48 50 48 45 46 46 46 45 46 46 46 49 44 42 43 43
44 49 46 54 59 146 134 132 72 51 49 46 48 51 46 44 43 44 45 45 46 43 45 48 44 44 43
46 50 52 61 102 189 180 140 57 58 50 49 49 46 46 52 44 44 46 45 46 46 47 48 44 42 43
46 51 61 67 173 208 203 148 63 71 52 55 50 49 47 46 47 45 46 46 46 46 46 44 43 45 47
47 49 57 103 193 195 218 125 86 63 53 48 51 54 48 46 46 46 48 44 46 47 47 46 41 44 48
47 65 59 136 192 202 194 95 87 59 50 51 54 50 46 47 42 46 46 47 45 46 46 45 44 41 44
52 59 87 152 176 199 159 75 64 58 51 50 47 49 51 47 43 46 46 47 45 46 46 44 44 42 44
44 59 123 160 151 160 119 62 56 56 50 46 49 52 47 45 45 45 44 45 46 46 46 41 45 49 45
50 61 121 131 121 123 77 60 51 49 47 48 47 46 46 45 43 44 43 44 45 45 45 42 44 48 44
44 74 110 110 93 74 59 55 48 46 46 45 45 45 44 44 43 44 44 43 44 44 44 45 41 45 49
44 74 124 105 77 64 55 49 47 45 45 45 46 45 45 44 42 43 44 40 44 49 44 43 44 42 43
44 60 114 85 68 63 50 47 46 44 45 45 45 44 46 44 43 43 39 44 50 44 43 43 42 43 44
44 63 115 109 81 77 61 51 47 46 45 45 46 46 45 45 43 44 44 44 44 43 49 44 42 43 42
46 80 238 126 93 107 67 56 50 49 47 46 47 46 46 48 42 45 50 45 44 44 44 43 44 43 44
45 79 166 129 114 111 77 60 53 47 49 51 48 46 45 46 44 45 45 45 46 45 45 44 42 44 45
46 71 142 131 115 127 106 66 56 57 51 48 48 47 46 46 44 46 46 48 46 45 45 43 43 44 42
51 97 150 183 150 159 143 104 65 58 54 53 51 52 49 49 48 47 47 47 48 47 48 45 44 48 44
49 85 153 179 168 170 136 123 71 59 55 60 56 63 54 50 47 47 46 47 46 48 51 44 45 44 43
48 82 154 149 129 128 109 111 74 58 54 64 54 66 60 60 57 50 46 46 47 47 46 44 44 44 45
50 64 167 168 132 130 120 119 95 65 57 62 60 79 67 68 60 59 52 50 51 49 49 45 43 43 44
51 86 134 199 128 118 145 166 136 101 63 65 73 95 78 81 64 62 58 56 52 52 50 47 45 43 44
50 73 146 160 110 96 122 162 147 131 81 78 78 88 78 82 63 62 59 55 57 59 52 46 44 43 44
52 78 125 121 115 99 136 169 148 159 128 91 88 107 87 81 63 59 56 63 59 55 51 45 46 44 43
50 61 72 97 119 104 137 166 138 160 125 86 91 114 85 82 62 69 64 54 55 56 51 46 43 44 46
53 66 74 133 171 153 174 170 160 149 129 118 114 140 88 72 68 57 56 59 53 60 56 45 45 42 45
51 65 83 147 202 177 178 146 135 117 97 83 85 98 75 63 60 57 53 57 51 57 58 45 44 44 44
53 69 103 198 244 210 206 170 154 120 85 74 88 93 76 66 65 60 53 56 56 58 62 44 44 48 45
53 69 75 183 192 180 157 172 131 114 87 79 82 82 67 62 59 55 53 55 55 58 66 46 45 47 45
56 67 70 104 148 169 154 187 128 116 71 69 77 79 62 65 60 54 54 57 55 58 67 47 42 44 48
47 56 65 69 88 131 112 120 100 83 68 66 69 71 60 65 56 52 53 57 54 56 55 50 44 44 41
49 55 68 88 113 159 156 169 148 116 89 73 74 78 69 61 56 54 57 58 57 61 62 54 44 44 44
51 55 63 88 114 153 179 153 146 106 87 84 78 77 67 61 56 57 62 62 57 62 64 46 44 44 44
50 55 60 82 110 139 177 164 145 114 119 106 94 75 67 67 63 56 58 61 58 67 65 46 44 42 45
49 56 57 71 101 138 153 155 141 118 128 111 97 78 66 66 65 59 60 61 64 76 65 46 43 44 46
51 57 59 68 93 145 151 179 165 127 137 130 108 93 74 83 74 63 63 76 75 97 76 48 46 44 44
49 56 60 70 92 154 159 181 172 126 161 127 108 105 92 85 80 64 68 76 82 106 95 56 49 44 44
48 56 63 68 83 136 155 178 160 118 129 157 110 108 91 80 81 69 70 78 83 95 84 55 47 45 46
50 53 61 73 84 127 162 182 175 146 122 129 133 98 86 81 73 70 71 81 100 117 93 56 52 48 46
50 55 60 69 84 127 154 170 167 138 122 119 138 106 92 85 87 78 79 96 116 108 97 72 45 44 44
53 59 63 76 91 151 184 200 198 153 145 124 135 111 99 99 96 84 88 105 106 116 127 63 48 45 44
56 65 75 85 114 193 274 273 234 167 148 160 132 137 99 106 89 83 91 101 102 153 125 58 46 44 45
59 67 81 102 127 242 365 359 300 194 178 144 155 151 113 111 99 97 92 107 105 125 110 56 46 46 46
60 68 76 94 116 220 339 320 309 214 166 129 122 134 118 109 89 86 83 97 106 103 78 50 50 45 46
61 76 84 107 145 281 347 340 363 261 149 142 163 133 95 90 103 99 78 82 81 85 70 48 46 46 46
67 82 101 137 252 449 471 406 398 220 150 134 129 110 96 107 98 81 79 133 88 92 72 50 47 48 46
62 78 98 150 289 396 366 259 241 174 134 111 95 93 87 82 76 74 69 66 62 65 61 47 48 47 46
66 80 110 160 218 250 198 173 158 129 105 98 78 78 72 66 62 62 57 69 62 59 58 48 45 45 45
92 155 172 223 225 211 189 159 129 123 101 95 76 78 62 65 63 63 62 59 59 65 60 47 45 46 46
109 297 211 252 228 217 169 152 129 115 99 93 82 73 62 62 64 68 66 60 58 65 60 47 45 45 44
311 258 265 267 221 172 148 132 125 108 93 92 77 66 62 63 65 73 68 58 57 66 59 49 45 45 45
202 205 232 215 199 150 148 136 118 104 98 105 84 67 61 72 75 85 80 61 57 63 56 47 46 44 45
108 313 169 195 163 138 142 137 125 105 117 101 78 65 64 68 73 71 65 62 55 64 59 50 46 42 45
247 175 164 168 152 153 158 138 112 110 108 97 74 68 62 63 70 59 54 57 58 70 60 49 45 43 45
