42 43 45 45 43 44 49 44 42 43 43 46 50 46 49 52 48 44 43 43 43 44 46 46 46 46 44
42 45 43 44 45 43 44 42 43 46 44 46 62 63 68 59 46 49 44 43 45 45 52 62 54 48 43
43 43 44 44 44 45 46 44 47 44 43 45 60 122 216 124 58 49 50 54 50 59 95 145 76 48 45
44 44 44 42 45 48 46 45 44 43 44 45 50 94 152 151 53 50 45 50 55 64 107 204 64 46 45
43 44 44 44 43 44 44 43 44 44 44 44 48 131 91 75 50 45 41 45 54 55 65 106 52 45 44
42 43 44 44 43 44 47 44 44 44 45 44 48 112 83 48 42 44 48 45 46 48 51 75 50 45 44
43 43 46 44 43 43 44 43 43 44 44 46 49 80 63 45 41 44 49 44 44 45 46 55 49 46 44
43 44 45 44 43 45 44 44 44 41 44 49 69 116 86 45 44 42 45 49 46 48 50 81 51 48 44
43 43 43 43 44 44 45 41 44 49 44 46 91 121 81 46 44 44 46 41 46 49 51 91 53 44 44
42 43 44 43 44 44 45 43 44 46 45 44 112 161 84 47 46 45 46 46 47 50 60 101 66 46 43
43 42 44 43 44 44 45 44 42 45 51 46 83 190 83 48 46 50 48 46 52 56 82 120 89 47 50
43 43 44 42 44 44 46 45 41 45 50 51 100 128 143 52 47 48 49 49 49 68 108 152 105 51 44
43 45 40 44 50 45 45 45 43 45 46 57 100 130 100 59 49 49 51 51 57 92 134 182 147 56 44
43 43 43 44 47 46 46 45 44 44 46 59 115 160 128 84 51 51 54 54 57 127 161 205 152 64 46
42 44 47 44 45 45 46 45 44 44 47 64 110 159 139 72 53 52 55 53 56 128 153 182 124 51 46
44 44 46 44 43 44 45 44 44 42 45 64 99 155 127 57 51 49 54 50 56 91 131 180 99 50 50
43 42 44 47 44 43 45 43 43 44 44 56 85 118 71 51 43 45 48 48 48 69 103 126 62 46 45
43 41 44 49 44 43 45 43 43 44 45 45 62 84 61 49 45 47 47 47 49 66 93 108 57 48 45
42 43 41 44 48 44 44 43 43 43 44 45 51 55 53 48 50 44 45 46 45 57 65 81 51 58 44
43 43 42 43 42 43 47 44 45 43 43 44 47 56 54 44 47 45 44 45 46 60 62 70 56 50 44
43 46 42 43 44 43 44 44 44 44 44 43 47 57 51 46 44 47 45 44 45 51 53 64 47 44 46
44 43 44 43 44 44 45 44 46 43 42 43 47 62 62 44 48 45 45 49 47 64 77 52 46 45 44
42 43 44 43 44 46 46 46 44 43 44 45 58 87 95 60 60 48 46 50 55 90 97 85 54 46 45
42 44 44 44 44 44 47 45 44 46 44 47 74 102 112 87 70 50 51 58 65 111 116 120 59 49 47
43 44 44 44 44 46 49 45 46 44 44 58 97 117 122 116 84 54 63 64 74 128 126 145 87 55 49
44 43 47 44 45 46 47 46 45 45 44 60 119 110 147 130 90 56 65 60 76 108 105 129 83 53 47
44 44 44 44 44 46 48 45 45 43 47 59 102 127 121 113 73 69 64 74 106 126 122 134 94 57 48
44 45 44 45 45 48 52 47 46 46 46 62 127 157 159 166 106 125 68 116 110 172 152 165 126 75 50
42 44 43 45 45 46 49 45 45 48 45 51 94 136 133 116 102 92 63 81 69 110 105 107 95 79 46
43 43 44 43 45 46 54 46 44 45 44 52 80 86 113 97 100 95 81 66 69 92 105 90 86 73 48
43 42 44 44 45 53 50 48 48 45 46 57 73 100 126 98 146 125 130 91 113 112 120 114 100 90 50
44 43 44 45 47 51 53 51 46 46 46 52 74 120 143 130 158 122 167 135 149 143 143 128 114 105 63
43 44 48 45 46 48 51 48 51 46 46 46 76 128 146 118 149 120 152 135 138 142 142 131 115 123 66
44 41 44 46 46 50 52 46 46 46 48 49 84 133 157 117 144 128 149 123 136 143 145 154 120 136 56
43 44 48 45 44 50 53 48 47 46 47 52 72 109 149 121 143 125 161 139 140 182 194 159 97 104 69
44 42 45 49 46 48 52 46 46 46 46 48 70 92 123 129 120 111 121 112 143 177 197 145 100 83 66
44 48 44 45 45 46 50 46 46 46 43 48 64 69 93 102 93 102 112 91 118 140 163 162 82 64 53
43 44 46 44 46 46 46 45 44 44 45 43 54 62 73 78 82 78 92 81 94 96 107 100 63 59 61
43 44 42 44 44 47 53 46 44 44 45 49 56 63 79 84 86 73 95 87 87 125 142 136 84 66 51
43 46 44 44 46 49 56 51 46 44 45 47 60 73 87 83 98 76 97 95 106 154 177 156 81 65 54
43 44 44 44 49 63 66 46 45 45 46 45 65 75 81 80 97 72 95 101 98 131 138 185 73 65 49
44 44 46 42 46 91 84 48 45 44 45 47 66 74 85 85 88 84 98 103 123 150 162 177 80 59 50
44 44 44 45 48 104 106 66 46 45 46 46 62 81 81 93 95 95 123 125 118 163 170 140 66 58 56
46 44 44 46 48 128 135 77 45 46 46 49 56 77 89 99 100 105 131 126 129 146 145 97 61 58 51
44 44 47 49 60 152 151 96 50 46 49 49 64 81 91 103 141 134 155 141 148 154 151 112 64 62 51
44 46 49 46 55 177 445 114 51 51 51 53 72 98 106 151 176 167 182 176 229 175 180 124 78 71 58
44 46 46 57 56 83 117 114 70 50 52 56 74 110 123 150 162 165 206 191 256 193 198 144 121 85 55
44 44 46 48 50 58 78 109 80 51 61 54 89 120 146 160 197 199 208 243 235 181 195 145 166 84 55
45 44 45 45 49 57 64 82 78 71 66 63 104 116 149 162 197 195 216 243 271 210 225 206 228 154 60
44 44 47 46 47 58 62 60 73 71 74 71 122 136 173 178 208 195 225 287 242 235 250 231 217 238 80
46 46 46 46 47 58 64 55 81 73 71 84 121 154 185 203 202 191 257 268 227 283 293 221 223 355 158
45 46 54 46 46 56 61 55 55 76 63 94 106 143 168 176 161 170 218 214 222 286 293 203 191 286 177
44 42 46 51 47 54 58 52 50 72 63 107 104 125 127 143 142 153 176 200 183 232 236 163 157 174 113
49 44 44 46 46 50 54 48 48 56 55 86 85 95 101 104 119 119 132 169 138 152 157 127 102 105 83
44 47 44 46 45 49 50 46 48 48 48 58 66 71 73 90 98 83 102 115 91 98 99 82 58 57 53
44 48 44 44 44 47 50 48 46 51 45 48 55 58 59 64 85 80 103 141 90 79 83 65 56 50 48
41 44 48 44 45 46 49 46 48 47 46 44 51 58 56 63 72 85 96 97 83 87 88 67 60 54 49
45 44 40 44 47 46 50 46 47 46 45 46 50 51 55 69 71 89 95 120 89 85 88 66 65 59 47
57 45 44 44 46 46 50 50 49 48 46 46 52 56 55 61 74 92 113 108 96 100 103 75 62 81 49
49 44 46 44 48 47 50 48 48 52 48 44 53 60 60 64 82 102 109 115 102 112 117 86 64 63 53
45 44 45 46 46 54 53 47 51 50 48 49 51 59 68 75 102 133 121 116 115 136 140 105 77 68 51
44 43 46 47 51 54 56 48 53 50 51 51 51 61 78 81 110 157 147 121 119 127 129 102 89 75 50
43 46 46 45 50 51 56 48 48 51 53 50 53 57 67 79 89 124 102 96 97 101 104 87 85 71 49
45 52 46 46 50 54 50 49 53 49 54 51 53 59 62 66 77 82 74 79 86 88 90 79 88 62 48
