47 44 44 44 44 45 50 45 44 41 44 49 44 42 43 44 41 42 44 43 44 40 44 48 43 43 43
43 42 44 42 49 55 51 48 47 43 44 44 44 44 43 44 43 42 43 43 45 43 44 43 43 51 44
43 44 47 44 45 62 58 64 48 45 46 48 44 44 44 43 43 43 44 42 44 43 43 44 42 44 47
43 42 44 49 46 48 51 103 65 49 46 45 48 44 44 44 40 44 44 42 43 43 43 43 43 44 43
43 44 44 47 46 48 51 83 118 71 53 46 50 46 45 45 40 44 44 45 43 43 43 43 44 43 44
43 44 42 45 51 54 50 63 95 195 126 47 47 51 46 44 48 44 43 44 44 43 44 43 43 44 44
43 48 46 46 48 53 57 72 97 168 324 68 51 47 47 46 48 45 44 45 45 44 44 43 44 46 44
42 48 43 46 47 49 53 71 105 101 174 69 48 46 46 46 44 48 45 43 44 43 44 43 43 43 46
43 44 45 45 45 48 55 70 95 86 64 59 48 46 46 45 42 43 43 51 45 42 43 42 44 44 44
42 44 44 42 46 53 52 78 110 72 54 49 46 45 45 44 43 43 39 44 49 44 43 43 43 43 44
42 44 44 45 47 51 63 108 132 72 51 47 47 47 46 45 43 43 40 44 50 44 43 43 42 43 44
42 44 45 45 44 53 76 109 108 61 48 47 47 46 46 46 41 46 51 44 44 44 42 43 43 44 44
44 46 46 46 47 55 97 143 123 57 47 49 52 47 45 45 41 45 50 46 44 45 43 43 43 44 44
44 45 45 48 50 59 132 184 134 59 54 54 50 47 48 46 45 44 46 50 46 45 48 42 45 50 45
43 46 45 46 59 74 164 153 121 68 55 54 53 53 49 46 45 44 45 40 45 48 44 44 43 42 43
43 47 46 49 56 121 186 166 118 76 71 85 78 89 64 48 46 46 47 46 46 45 46 44 45 44 42
45 46 48 49 60 167 230 175 125 106 72 78 77 82 67 50 46 46 46 47 46 45 48 44 44 44 43
45 47 48 51 64 191 240 181 135 93 71 76 69 80 78 53 51 48 46 47 47 46 45 44 44 45 44
49 49 49 53 93 176 211 159 135 78 65 72 67 75 78 60 47 45 47 48 46 45 43 44 49 44 44
43 46 44 50 75 169 172 135 88 69 58 66 66 73 78 58 45 46 46 46 46 42 45 48 44 43 44
44 43 47 48 95 157 120 85 62 62 53 62 67 64 70 55 47 45 46 45 45 44 44 43 44 45 44
48 45 46 47 81 116 79 62 59 53 51 61 65 63 67 60 46 45 48 42 44 44 44 44 41 43 49
43 46 46 50 76 123 81 61 59 54 50 58 69 71 68 60 45 47 44 45 44 44 44 45 44 44 44
43 45 47 49 77 146 87 73 63 59 55 62 69 73 72 62 52 49 45 46 44 44 47 44 44 44 42
44 45 49 58 77 146 120 78 79 73 60 78 76 72 89 66 58 54 49 48 48 45 44 44 44 43 49
45 48 49 66 91 154 150 105 97 77 65 78 86 81 88 82 70 57 53 47 46 46 45 42 44 48 44
44 51 52 61 94 129 141 115 92 74 67 68 75 79 74 75 65 55 50 46 48 45 45 45 45 44 44
47 51 51 91 111 174 184 160 132 99 99 85 88 106 86 94 79 70 58 57 49 46 45 45 44 44 43
46 52 71 133 144 141 161 158 123 108 102 83 74 101 86 81 68 65 57 57 56 47 44 44 43 44 45
45 58 60 82 86 119 120 122 86 100 81 74 70 76 68 68 58 59 52 56 54 45 46 44 42 44 45
45 51 51 63 80 106 138 132 95 148 87 88 86 81 73 74 60 66 68 63 54 49 44 45 44 44 44
46 50 53 60 74 95 131 158 119 266 101 110 95 97 92 90 74 67 64 66 58 59 50 45 44 45 43
46 49 54 61 72 79 123 159 120 219 107 120 101 110 94 81 71 67 63 66 59 57 48 47 46 45 44
45 47 49 54 66 78 110 158 113 206 114 114 113 120 95 87 74 62 66 66 63 62 48 45 44 44 43
44 48 49 52 63 82 102 173 127 172 119 120 123 155 97 98 74 66 69 65 63 74 54 49 47 44 43
46 48 50 52 65 104 115 174 143 185 117 135 116 119 91 76 68 65 65 65 60 73 65 46 46 46 43
46 47 51 52 62 112 125 143 135 164 107 109 106 113 83 71 68 66 63 60 59 66 58 44 44 46 44
51 49 50 54 59 95 144 145 142 159 106 111 104 103 86 71 69 68 59 59 63 65 53 44 43 44 44
46 48 55 55 59 78 129 182 128 165 129 105 102 102 80 72 66 63 65 59 60 71 54 46 44 42 44
45 45 50 56 59 75 95 175 158 148 118 102 103 95 75 76 68 58 63 63 63 79 50 46 45 43 45
50 47 51 50 55 74 87 141 127 116 106 95 92 86 67 68 62 57 61 63 61 67 47 48 42 44 49
46 53 50 52 62 89 112 153 176 152 147 93 96 85 74 65 62 55 61 68 72 58 46 45 46 44 42
46 54 50 53 68 93 130 149 194 150 139 100 95 84 76 66 57 59 65 72 65 53 49 44 44 41 44
44 50 54 53 65 90 135 157 172 147 144 115 99 83 72 65 64 60 66 72 69 54 47 44 44 44 46
46 50 46 53 64 90 114 138 162 133 164 110 101 81 71 80 72 64 68 70 66 52 47 44 45 46 45
46 51 50 54 63 88 113 145 183 138 162 118 120 102 77 91 81 70 73 84 68 50 46 44 47 44 44
46 51 53 55 67 94 122 160 203 172 161 114 127 118 85 91 84 69 74 84 69 48 52 44 46 44 42
46 51 52 53 65 98 120 164 169 173 149 137 142 108 104 89 80 72 78 85 67 49 49 44 51 44 45
47 51 51 56 64 101 125 164 168 191 134 156 135 101 98 82 76 74 76 81 63 50 48 44 45 46 45
46 51 51 55 63 99 129 152 157 166 138 151 145 98 91 86 77 71 75 87 63 56 60 43 49 44 44
47 53 53 57 72 117 157 182 181 168 153 154 142 108 94 94 84 73 87 96 67 49 54 44 46 42 44
49 64 56 63 90 180 250 242 217 192 190 165 152 127 96 95 77 80 88 85 66 55 51 44 46 46 43
54 63 64 72 113 252 351 332 283 227 213 198 171 131 102 93 82 85 84 84 68 53 50 45 46 45 43
52 62 63 73 111 261 327 307 300 257 206 178 138 122 97 93 81 81 76 83 56 53 55 48 49 45 43
55 67 66 78 126 313 351 353 383 277 223 196 151 116 101 88 79 77 71 74 57 53 54 46 46 45 44
59 73 76 94 248 451 458 452 434 278 206 184 136 120 107 99 90 76 82 76 63 52 50 51 46 46 46
60 73 77 118 298 466 441 359 310 233 187 149 134 121 121 104 81 83 77 71 64 52 49 46 45 46 46
60 69 99 152 236 304 270 228 197 155 134 116 91 92 81 72 68 67 58 54 57 55 47 46 45 44 46
65 116 157 220 240 211 195 161 142 130 106 95 79 76 66 61 56 54 53 50 51 53 47 44 46 44 48
121 234 156 274 216 216 174 148 129 121 102 94 77 70 62 57 55 53 54 50 50 48 46 45 42 46 48
153 216 266 236 197 170 142 117 114 103 93 92 81 65 61 56 58 58 58 52 50 51 44 44 48 44 44
102 216 200 200 194 153 140 120 111 104 105 102 89 68 65 64 71 74 64 59 49 53 46 43 45 48 44
83 215 171 184 162 132 130 135 121 109 122 113 81 70 66 67 68 70 62 56 50 58 51 44 44 44 43
212 170 147 174 154 157 149 144 117 116 116 110 81 78 69 68 62 57 54 57 54 56 49 47 44 45 45
