41 44 44 46 45 44 44 40 44 48 44 42 45 43 44 44 43 43 43 40 44 49 44 42 43 44 43
42 44 47 46 45 44 45 44 43 42 44 48 46 42 44 43 43 42 44 46 44 44 44 42 42 43 44
44 43 45 45 46 47 46 42 44 49 44 42 45 44 44 45 44 42 47 42 44 43 42 43 47 44 43
43 43 47 45 45 50 52 44 43 42 44 47 45 42 46 47 47 44 45 43 44 43 42 43 47 43 42
43 43 45 44 49 65 78 54 43 46 49 45 46 45 53 62 68 49 45 45 44 44 44 40 44 47 44
44 46 45 46 54 140 264 123 54 53 47 50 56 51 64 178 256 63 48 46 43 46 50 45 45 44 43
44 44 40 48 63 150 189 125 57 49 49 51 50 51 63 203 176 66 48 46 45 44 45 48 45 44 44
42 42 44 45 50 138 83 62 48 45 45 46 46 44 56 75 84 69 49 44 44 43 44 47 44 42 43
42 44 48 44 51 96 83 51 46 44 45 48 46 45 51 56 80 65 44 42 44 44 43 44 43 44 46
42 41 44 48 49 78 87 48 44 45 45 43 45 51 49 49 81 60 45 42 43 44 43 44 41 43 48
43 48 45 44 50 121 154 56 47 47 43 46 51 46 46 64 139 111 53 49 42 44 44 43 44 41 44
42 44 45 44 51 105 124 55 46 46 45 45 46 45 50 54 96 99 47 44 44 44 43 44 46 44 44
44 43 44 45 53 141 134 65 48 46 44 45 46 45 46 55 98 92 48 47 45 44 44 43 44 45 44
42 48 42 44 55 150 144 74 47 50 46 44 46 46 47 62 98 113 46 44 44 46 46 41 45 52 46
44 45 42 46 64 162 155 91 49 48 49 47 48 47 51 81 132 147 59 51 46 45 45 43 44 44 44
44 46 45 43 63 169 172 133 67 50 49 50 50 49 59 117 158 155 72 46 46 52 46 44 46 45 44
49 48 44 45 79 209 204 167 84 55 52 52 52 49 64 129 182 192 88 47 46 49 46 46 47 45 45
46 53 46 45 78 198 214 177 102 55 53 53 54 52 61 142 179 186 97 52 45 50 46 46 47 45 43
44 46 45 50 51 141 171 142 82 50 48 49 50 49 54 85 140 127 74 49 45 46 44 44 46 44 44
43 44 45 45 47 98 134 113 61 45 47 52 48 45 52 72 98 104 59 45 45 46 45 44 43 44 44
44 46 42 43 54 74 105 99 58 50 46 46 46 45 51 58 81 78 49 48 45 44 44 43 44 45 43
42 44 43 43 46 59 74 68 51 47 45 44 45 45 47 50 70 65 46 44 44 44 44 44 44 46 44
42 44 44 44 45 57 64 73 63 46 45 44 45 46 46 56 69 60 44 44 44 44 45 44 46 44 42
43 42 44 45 44 52 86 79 69 47 47 46 44 45 46 51 65 53 45 46 44 45 44 44 44 43 44
44 44 46 45 45 51 81 95 96 54 48 47 46 46 49 63 77 60 45 45 47 45 46 44 43 43 46
44 45 44 46 47 50 81 96 108 73 50 47 50 54 63 91 94 73 48 46 45 46 46 48 46 42 43
44 46 45 44 45 58 89 88 95 75 54 49 51 46 71 97 84 72 51 48 46 48 46 47 46 43 44
48 48 47 45 45 68 102 110 103 92 67 60 55 55 94 118 115 104 71 53 46 48 46 46 46 46 49
45 47 46 45 47 67 85 108 95 82 65 53 53 63 79 95 99 87 72 50 46 50 46 46 44 45 47
44 51 45 44 45 66 75 91 71 72 58 57 55 55 62 77 72 75 63 59 44 48 46 45 46 42 44
44 47 49 45 46 57 90 84 85 77 66 68 56 59 73 86 78 80 77 55 48 51 43 46 51 44 43
46 58 43 46 44 53 87 94 103 104 72 67 64 71 77 104 85 111 69 60 50 95 47 48 55 51 44
56 68 63 57 54 58 83 121 107 122 118 106 99 98 104 113 106 104 93 70 57 3668 65 55 62 55 48
49 53 46 46 47 50 67 106 112 110 104 99 96 99 106 110 93 98 81 65 49 101 49 50 47 54 50
50 53 48 46 48 59 67 135 130 112 121 109 105 141 125 125 103 100 106 74 53 69 50 50 52 49 42
49 52 47 52 48 54 84 105 131 121 114 119 110 127 114 102 95 95 79 72 53 56 47 49 52 47 45
47 51 46 46 47 52 79 117 108 113 102 99 108 91 106 94 86 82 72 62 54 54 47 48 50 46 46
48 52 46 47 44 52 81 111 114 102 95 98 101 89 116 94 87 79 76 64 47 52 47 48 50 46 44
49 50 45 46 46 50 60 110 113 106 110 91 95 96 93 84 85 78 79 63 51 51 46 48 50 46 44
47 54 44 46 47 50 58 78 107 119 114 101 104 118 101 88 89 76 66 57 49 50 49 49 50 46 42
45 47 46 45 46 46 55 77 99 97 64 69 79 95 79 70 63 55 51 49 48 48 49 52 48 45 44
48 51 46 48 47 48 63 109 118 170 92 91 106 100 87 71 66 60 51 52 45 52 57 55 54 46 43
61 55 46 46 47 50 60 98 111 158 104 96 89 95 82 75 74 64 57 49 46 56 51 58 61 46 44
78 96 46 47 47 51 58 106 108 155 112 111 94 88 80 76 79 68 54 50 51 63 57 85 95 54 44
138 145 52 48 48 52 58 95 110 143 129 116 108 97 88 90 92 76 54 49 51 65 63 110 132 65 45
192 196 57 52 48 54 61 93 131 153 139 153 130 124 103 127 111 81 56 49 51 65 59 168 240 94 46
296 275 70 50 50 57 65 115 138 168 151 155 157 162 132 149 120 85 62 50 51 62 77 223 422 122 47
392 835 93 53 53 60 70 133 142 188 171 175 191 179 174 157 138 107 68 53 52 67 69 339 607 167 53
243 289 103 52 51 58 76 137 150 195 168 181 198 156 137 136 121 99 69 55 48 67 106 143 206 105 50
105 179 135 74 53 60 93 131 137 176 166 182 224 163 142 140 127 106 82 57 49 72 151 128 104 105 46
69 101 125 114 63 67 127 156 156 180 183 201 216 175 155 169 140 119 101 65 52 105 190 102 80 65 46
75 80 131 176 77 93 182 197 218 186 201 217 209 191 162 181 151 148 127 96 65 186 165 68 68 55 47
66 75 68 147 118 130 220 244 272 203 208 229 220 195 170 191 177 173 141 116 92 150 167 63 67 53 49
60 67 54 100 141 142 193 214 234 211 189 210 186 177 160 164 166 144 109 124 100 117 67 61 64 51 44
57 63 51 64 132 182 178 199 184 197 176 206 162 139 134 130 130 117 89 115 101 76 55 56 60 50 46
53 58 50 52 89 206 220 163 134 157 146 152 127 108 118 121 111 105 100 115 72 59 52 52 57 48 46
53 55 48 50 61 112 102 111 130 136 115 117 108 105 101 110 93 90 82 63 54 54 50 52 54 44 45
53 53 45 47 56 73 70 74 86 111 101 100 92 106 103 101 92 78 67 53 47 51 48 48 51 44 47
55 51 45 49 54 56 66 74 77 95 89 97 93 106 110 93 78 76 61 55 48 50 49 49 50 46 44
47 50 46 50 52 56 67 73 74 84 81 99 99 101 100 94 86 80 64 50 47 53 47 48 51 45 44
49 51 53 50 50 55 61 66 67 74 78 108 104 96 108 99 104 96 72 58 50 56 48 50 50 46 48
49 52 49 53 56 58 66 70 69 74 81 112 113 93 120 129 135 140 94 66 56 63 46 50 58 46 44
51 55 48 49 59 62 65 72 75 72 88 106 103 95 119 142 134 121 76 69 62 71 54 49 51 46 45
60 53 53 51 58 64 63 65 63 63 78 94 99 97 103 114 113 79 62 63 56 71 62 49 48 45 44
