43 41 44 50 44 42 44 43 43 44 44 43 44 42 43 44 43 44 45 51 62 85 46 42 44 44 44
44 44 44 44 44 42 43 43 43 44 42 43 47 44 42 43 43 46 44 52 115 113 52 43 46 45 46
43 44 44 42 44 43 44 43 41 44 49 44 44 44 44 44 43 45 52 78 117 64 51 44 47 45 44
44 42 43 43 44 44 43 43 45 44 45 43 43 43 44 44 46 46 67 88 98 50 48 44 46 46 45
47 44 42 44 44 44 44 43 44 43 44 45 45 43 43 44 40 54 97 94 76 48 47 44 46 42 45
49 44 43 43 44 43 44 43 44 41 44 47 44 42 43 44 42 59 92 118 78 46 48 48 47 44 45
43 41 44 41 44 48 44 42 43 43 45 45 44 44 46 44 44 51 81 236 106 56 53 44 50 50 47
43 40 44 46 44 45 44 42 43 43 44 44 41 44 48 44 43 46 56 140 96 62 52 44 50 46 46
43 44 44 46 44 42 43 43 43 44 42 43 49 44 42 43 45 46 51 108 98 83 59 46 49 46 46
42 44 44 43 44 40 44 49 44 42 43 43 44 44 42 44 44 47 48 115 112 120 74 46 55 49 47
43 42 44 44 44 44 42 43 49 44 42 44 44 44 44 43 48 49 52 67 111 160 101 47 63 54 51
43 44 42 44 49 44 44 43 43 44 44 43 45 48 44 44 51 52 54 64 127 178 147 50 78 61 56
43 47 43 44 44 44 44 42 44 47 44 42 44 44 44 45 49 61 59 65 119 186 184 56 103 73 61
43 46 43 44 45 42 44 47 44 43 44 43 44 44 44 46 49 59 62 71 116 175 183 62 121 87 67
43 44 45 42 44 47 44 44 45 43 43 44 45 44 42 46 50 61 61 74 123 207 197 64 165 93 66
43 44 44 44 45 42 44 49 44 43 44 43 44 44 44 46 52 63 65 77 126 202 205 68 197 103 70
43 44 45 44 42 44 49 44 43 44 43 44 45 43 45 49 49 59 64 66 93 188 186 62 182 126 76
44 44 45 44 46 44 42 44 49 44 43 44 44 44 44 45 50 58 63 65 83 146 182 62 178 130 67
42 43 44 44 44 41 44 49 44 43 44 43 44 44 43 45 48 52 58 67 70 89 124 57 163 141 76
43 49 45 44 44 44 44 43 44 44 44 44 44 45 44 43 46 50 54 61 63 74 97 50 135 140 82
44 44 48 43 44 43 44 44 46 44 44 44 46 44 43 44 45 51 49 55 64 66 89 50 117 140 101
43 43 44 43 46 45 44 43 44 44 44 46 44 43 44 45 47 54 53 59 64 72 106 55 148 133 97
44 43 44 44 45 47 43 44 48 44 44 44 44 44 45 46 53 59 64 68 81 100 168 63 205 170 153
46 44 43 44 44 44 45 44 44 44 45 44 45 44 43 46 55 66 70 78 93 138 201 68 236 189 163
45 44 44 44 45 44 45 43 45 49 45 44 45 44 44 48 56 73 80 92 134 198 233 72 317 222 177
44 40 45 47 46 46 44 43 44 45 44 44 45 44 45 47 56 70 80 86 143 208 214 68 263 189 193
44 40 45 49 46 45 45 43 44 45 44 44 43 45 47 49 60 79 93 127 188 276 331 74 290 197 172
46 49 46 46 46 44 45 45 45 46 42 45 49 45 45 51 68 92 113 186 263 320 444 86 375 242 176
44 49 45 44 45 43 44 44 44 44 42 45 48 44 43 47 58 74 98 146 194 182 235 67 209 154 117
42 45 47 45 46 44 43 44 44 44 44 41 45 49 44 45 55 70 108 122 166 156 171 59 151 119 103
42 44 49 44 45 44 43 43 44 44 44 42 44 47 44 45 70 83 112 137 162 172 182 55 161 128 101
45 46 44 45 45 42 45 49 44 43 44 43 44 45 44 47 69 106 119 137 173 189 207 58 160 145 94
43 43 45 44 45 44 44 46 44 44 44 44 45 44 42 51 62 96 122 140 174 166 213 58 151 126 84
44 45 46 44 45 44 43 44 47 44 43 44 45 45 45 52 90 107 142 143 158 161 201 61 171 114 83
44 44 46 45 45 46 45 43 44 44 44 44 42 45 50 48 68 91 106 144 186 187 202 69 162 109 103
43 45 44 44 43 44 48 44 43 44 44 44 45 42 45 58 66 88 104 120 142 156 218 59 120 93 82
43 44 44 44 45 44 46 44 42 43 44 44 45 42 44 51 54 68 82 100 102 199 119 54 100 77 81
42 44 45 43 45 42 44 47 44 42 43 43 44 44 42 46 55 69 88 102 103 117 116 54 123 92 84
44 44 46 44 45 47 43 44 44 43 44 47 44 44 44 46 58 90 98 119 127 137 160 64 195 121 116
45 44 46 43 44 44 44 44 44 44 47 44 44 44 44 47 59 91 99 116 140 155 182 68 264 136 108
44 45 45 44 45 44 45 42 44 49 44 43 44 44 44 48 58 83 92 111 131 147 189 64 303 141 103
44 44 44 45 46 45 42 44 49 44 43 44 44 44 44 48 64 89 102 119 158 181 215 74 311 167 110
45 44 44 44 47 45 45 44 43 45 49 44 44 44 44 50 65 90 112 154 174 194 240 79 322 146 108
45 46 44 44 46 45 45 42 44 51 44 44 45 44 45 50 66 97 118 161 183 222 286 76 284 145 111
45 41 46 49 46 45 46 45 45 45 45 45 46 46 45 53 73 126 142 178 221 249 357 78 312 166 116
46 42 46 50 46 46 46 44 45 45 45 45 46 46 46 54 87 156 173 230 275 316 429 81 302 188 121
46 50 46 46 46 44 45 44 45 46 45 45 46 45 46 53 93 162 173 232 266 339 435 78 256 183 121
46 47 46 44 45 45 46 45 44 45 49 44 45 45 44 55 105 160 185 231 255 320 339 67 200 137 113
44 45 49 45 44 45 44 44 44 44 45 47 45 45 45 54 108 143 183 207 229 296 276 60 168 124 108
45 45 47 45 44 44 44 44 44 44 45 48 45 45 46 57 114 152 203 197 243 260 251 61 153 153 100
45 44 46 49 46 44 45 44 45 45 44 45 49 46 48 69 123 184 220 262 283 239 299 62 176 138 114
46 44 46 44 46 48 46 46 44 44 45 44 45 47 44 79 127 192 208 278 255 280 328 65 198 147 141
47 45 46 45 46 46 47 46 47 45 44 45 46 46 48 84 151 238 265 326 346 303 383 71 271 205 183
46 44 47 50 47 47 46 44 45 46 46 45 43 46 50 65 144 303 313 326 393 316 352 74 285 240 221
48 48 46 46 48 47 48 45 44 45 45 45 46 43 46 63 132 319 289 276 396 316 314 72 266 221 236
46 46 43 46 49 46 46 45 44 45 45 45 46 43 47 62 90 226 270 289 263 246 277 67 229 203 208
44 46 45 44 45 45 45 47 44 43 44 44 45 44 42 50 63 106 136 192 168 148 166 55 130 112 156
44 52 43 44 45 44 45 42 44 47 45 43 44 43 44 53 63 76 84 110 101 109 124 51 114 110 120
49 48 46 42 45 45 45 45 43 47 48 44 43 44 44 51 59 78 95 107 104 130 138 53 128 161 101
49 45 45 44 46 47 46 44 46 49 45 43 45 46 46 56 63 84 103 107 112 147 158 56 145 132 110
48 45 51 45 48 48 45 46 50 45 44 44 46 46 47 59 71 97 128 110 124 164 164 61 153 131 85
46 50 48 45 50 47 51 46 44 47 51 46 49 46 48 75 77 118 162 121 134 161 156 60 139 132 76
46 53 47 51 52 48 51 44 46 50 47 45 47 46 47 74 75 109 123 107 115 160 130 52 124 115 68
65 45 53 52 50 52 53 49 44 46 45 46 46 50 49 59 73 78 79 88 91 120 100 48 98 82 60
