58 50 43 43 43 43 44 43 44 47 46 47 44 42 48 43 43 43 43 43 48 43 42 43 44 44 44
51 49 43 43 44 44 44 41 45 49 52 56 45 43 45 43 43 47 44 43 45 42 44 43 44 44 40
69 56 47 48 46 43 46 52 46 46 72 194 61 48 45 44 42 43 42 43 45 43 44 46 44 43 44
198 139 69 48 49 45 49 53 51 54 167 293 78 50 45 45 44 43 42 44 42 44 48 44 43 44 43
238 289 60 46 47 47 44 46 51 51 100 116 79 50 45 44 45 44 44 42 44 44 44 43 44 44 45
125 116 59 46 46 45 43 45 50 48 59 99 84 51 46 42 43 44 41 44 49 44 43 43 42 43 44
71 70 67 47 44 44 43 44 44 45 51 71 76 51 44 42 43 44 44 41 44 48 44 43 43 45 44
64 61 58 46 44 44 43 44 44 44 46 77 74 50 44 42 42 43 45 41 44 48 44 42 43 42 44
130 74 49 45 44 44 45 45 45 43 46 88 102 48 45 44 43 41 46 41 44 43 44 44 41 44 47
98 81 54 44 44 44 44 45 45 44 46 75 100 48 45 43 44 43 47 42 44 44 43 44 47 44 44
159 116 50 44 46 45 46 50 45 46 51 92 119 65 44 43 43 42 43 46 42 43 44 43 44 46 44
141 181 53 46 47 46 46 46 46 46 50 96 116 100 45 44 42 44 44 44 42 44 47 44 44 43 42
178 229 72 48 50 48 49 48 46 47 61 106 109 116 50 49 42 44 44 44 45 43 44 44 43 45 44
144 215 128 50 49 49 49 50 52 48 67 114 118 136 59 43 42 43 44 44 44 42 44 47 44 44 44
143 199 178 50 50 49 48 48 47 51 71 96 100 142 53 44 44 45 44 46 44 42 43 43 44 44 41
148 209 214 55 50 52 50 51 48 49 66 112 99 128 54 47 43 44 43 44 45 43 44 46 43 44 46
127 192 182 54 49 47 48 46 47 47 55 89 85 95 50 44 42 46 44 44 44 44 43 44 43 44 44
104 155 111 47 51 46 46 46 45 47 50 67 70 73 50 45 41 43 43 44 44 44 43 43 44 43 44
65 95 78 47 51 44 44 45 44 45 47 57 61 53 56 45 48 43 43 43 43 43 44 43 43 42 44
59 60 65 45 46 44 45 42 45 50 46 52 56 47 54 44 47 44 42 43 43 43 44 43 43 44 44
46 51 53 45 45 44 45 42 44 49 46 52 52 45 47 44 42 48 44 42 44 42 43 44 43 44 43
48 49 55 48 46 42 45 50 44 45 47 67 62 48 45 44 43 43 43 42 44 39 44 47 44 43 44
46 65 113 72 53 46 48 51 46 48 66 88 78 60 44 46 42 44 41 44 43 44 47 44 44 44 43
46 58 83 84 69 53 46 50 53 54 90 103 89 74 52 44 43 44 46 44 45 43 45 44 49 44 42
49 98 162 129 103 74 57 54 53 69 106 120 114 85 56 48 43 44 45 45 45 44 42 44 48 44 44
48 70 151 138 112 94 71 56 55 71 99 116 110 91 64 48 46 44 44 45 47 44 44 44 43 43 44
47 66 132 115 91 81 72 54 51 64 78 87 99 89 63 54 43 44 44 47 45 45 46 41 44 47 44
49 87 145 168 106 98 99 68 61 74 113 106 129 129 85 57 45 46 48 52 46 47 44 44 45 44 44
55 132 152 173 140 126 79 84 84 80 110 97 117 119 85 70 44 45 50 49 46 45 42 44 49 44 44
48 82 157 143 125 130 81 74 58 74 93 94 90 93 69 57 46 45 48 50 46 44 44 42 44 44 44
50 84 127 179 104 125 120 95 81 109 98 112 110 101 103 56 44 45 47 47 43 48 49 44 43 44 42
51 103 129 142 111 103 135 140 131 151 113 140 116 158 78 76 45 46 48 49 46 43 45 48 44 44 44
51 119 98 101 80 79 121 161 144 145 111 143 128 128 86 54 44 46 48 48 49 42 45 48 44 44 43
61 75 179 100 84 85 134 152 121 129 116 145 142 146 88 59 45 45 48 48 46 45 43 45 48 44 45
51 58 138 106 93 91 120 171 153 139 129 126 127 146 104 60 46 47 50 47 46 44 44 44 43 44 48
50 57 104 143 125 123 150 155 131 141 132 136 114 124 86 51 43 46 48 48 46 44 43 44 44 44 44
50 56 81 130 136 128 142 119 127 117 103 103 86 92 61 48 42 47 47 49 44 44 44 44 44 42 44
52 51 65 87 144 122 138 106 106 109 85 87 77 74 54 47 48 45 46 47 44 44 45 43 44 45 44
52 56 54 76 112 124 123 135 111 110 93 91 87 79 60 49 47 46 46 50 45 44 45 43 44 47 44
49 63 57 93 119 146 124 149 116 125 95 96 95 78 62 50 45 50 49 63 50 43 45 44 43 44 46
47 59 59 86 121 151 126 168 139 112 95 101 94 78 61 47 44 46 53 76 55 45 45 42 44 44 45
47 53 58 72 111 138 132 155 144 114 105 105 95 80 63 50 45 45 52 76 63 45 44 44 42 45 45
48 52 62 65 111 133 165 157 140 135 108 118 97 91 62 50 45 48 65 92 62 46 46 44 42 44 44
51 55 62 69 108 144 191 203 148 150 125 139 113 97 64 48 46 49 91 123 71 47 44 44 43 44 45
51 56 68 72 115 163 179 195 161 140 137 142 136 89 64 51 48 51 135 171 80 45 45 45 43 44 45
53 58 68 81 126 163 195 212 199 147 146 165 146 98 72 57 50 53 88 103 52 48 46 46 44 44 44
54 59 66 107 132 184 211 226 213 153 166 179 130 103 79 58 51 62 92 78 48 46 46 42 44 49 45
61 60 74 125 141 178 193 220 199 152 162 198 143 114 91 63 53 68 81 66 47 46 43 45 48 44 44
62 61 92 126 190 188 200 217 198 184 176 161 156 112 89 74 59 74 78 61 46 46 46 45 42 44 48
96 65 126 148 229 220 198 182 170 160 191 162 189 130 98 89 70 82 76 54 46 46 46 42 45 49 45
126 116 156 160 227 305 216 202 184 155 170 181 194 147 110 110 80 84 78 55 49 43 46 45 45 45 45
147 197 210 210 218 296 238 196 172 131 173 174 180 148 109 103 81 78 63 53 49 50 47 46 45 44 45
102 126 166 161 182 243 242 196 168 150 127 166 143 136 108 97 81 69 56 53 48 46 45 45 47 45 45
59 102 120 136 168 169 178 157 131 134 114 135 114 123 93 83 68 49 51 49 46 45 46 47 42 46 49
50 61 64 94 139 135 138 126 122 138 100 114 103 85 70 60 43 48 47 50 44 44 44 44 44 42 44
47 52 62 69 93 141 159 107 92 130 94 98 77 72 64 52 40 49 48 49 44 43 44 44 44 41 44
46 51 59 62 92 152 120 102 85 130 90 88 71 70 57 50 46 46 46 48 45 44 44 44 44 48 44
45 52 52 59 79 92 97 98 93 118 84 82 68 62 56 48 45 46 44 47 50 44 43 44 43 44 44
46 47 58 65 72 76 88 103 98 118 83 80 69 63 54 46 46 48 50 46 46 49 44 43 44 46 44
51 49 57 67 79 83 103 126 114 126 86 86 75 65 57 58 52 55 54 57 47 47 46 44 44 44 47
46 50 59 66 88 93 103 123 121 122 84 89 74 68 61 62 59 62 53 53 52 52 46 46 43 44 44
46 51 56 77 89 91 112 116 107 119 87 90 73 69 62 78 66 71 61 54 54 50 48 44 42 44 44
46 50 56 77 78 81 98 104 96 105 92 90 66 69 65 63 57 64 59 53 51 51 46 44 44 43 44
49 50 61 73 68 81 89 97 77 75 102 72 68 66 59 62 57 53 56 54 54 60 49 47 44 43 44
