43 42 44 48 44 42 44 44 43 44 44 44 47 44 44 44 43 42 43 42 43 44 43 43 43 44 46
43 44 47 43 44 44 42 45 47 44 42 43 44 43 45 42 49 44 42 42 43 44 44 43 43 44 44
42 43 46 43 44 54 51 49 44 42 43 43 44 44 46 51 49 46 49 44 44 44 42 43 44 43 44
43 45 43 44 50 63 116 84 46 46 46 45 48 43 51 81 118 53 46 46 44 44 45 43 43 44 44
44 47 46 46 47 66 191 259 67 55 51 51 51 53 63 258 268 62 53 51 46 45 46 45 45 44 45
42 44 45 46 48 67 70 77 47 46 47 47 45 46 49 88 76 55 47 45 44 42 43 44 44 44 40
44 45 44 48 46 77 62 53 45 42 45 50 45 44 46 50 54 58 50 44 44 42 43 44 43 44 41
42 44 45 42 46 72 64 46 42 45 50 44 43 44 45 50 55 59 52 46 45 43 42 43 43 43 44
43 42 43 43 45 57 92 46 44 50 45 42 44 44 44 46 59 59 42 43 45 44 46 43 43 44 43
42 43 45 44 45 76 99 51 49 45 44 44 45 45 45 44 83 82 53 40 44 45 44 48 44 42 43
42 44 49 44 47 110 129 57 46 45 45 45 44 44 46 47 69 72 49 49 45 45 44 46 44 42 43
42 44 46 45 59 186 153 77 49 50 47 46 46 46 48 54 91 112 64 46 45 47 46 43 43 44 44
44 42 45 48 75 191 141 79 51 49 48 47 48 47 49 59 99 122 85 49 50 46 45 43 43 43 44
44 49 45 47 81 163 148 96 54 50 48 49 54 48 55 73 111 139 112 63 47 46 51 51 43 43 45
44 52 46 45 100 204 184 118 63 54 55 51 52 51 62 105 153 174 143 49 46 46 44 46 50 44 44
45 50 49 50 127 200 202 149 70 58 58 54 52 51 62 111 178 167 146 58 44 46 47 46 45 47 46
43 47 54 48 104 207 184 130 65 55 53 56 51 52 56 86 173 194 142 51 46 49 45 46 46 43 44
45 46 51 45 84 136 156 95 56 50 50 54 49 48 52 70 125 147 104 57 45 46 46 46 42 45 48
43 42 44 50 52 88 84 65 46 47 45 46 50 46 48 52 81 84 63 51 44 45 45 42 44 50 44
43 42 44 46 49 63 70 59 46 45 46 46 45 46 51 59 72 78 65 50 45 46 42 45 49 44 44
44 45 46 46 51 65 96 70 51 47 46 46 47 46 48 62 78 90 66 49 45 45 45 44 42 44 50
44 43 45 50 55 72 89 80 55 49 48 47 49 47 49 72 88 89 77 52 44 45 44 44 45 44 44
44 50 42 46 53 89 123 128 106 59 54 50 51 50 54 79 98 103 83 57 47 46 46 46 46 44 47
44 51 43 48 59 114 153 122 134 82 58 54 54 55 68 106 101 108 103 56 50 46 46 46 45 44 46
46 52 48 47 52 112 168 170 187 129 78 65 63 62 114 128 138 148 119 56 50 46 50 50 47 45 45
45 52 50 52 49 122 169 155 191 136 91 69 66 71 135 159 161 154 114 64 49 52 50 52 48 44 44
46 47 47 50 50 108 166 127 143 117 81 66 58 70 115 142 135 122 102 74 50 51 49 51 48 44 43
48 56 50 50 54 115 174 188 160 146 125 85 72 84 132 166 169 169 136 96 52 51 58 56 47 44 44
47 56 61 56 50 103 138 185 145 125 116 92 70 86 110 143 137 121 114 84 51 51 55 70 48 44 45
46 57 136 51 48 84 99 135 105 111 111 88 64 71 86 120 106 94 98 74 50 54 54 59 50 43 45
47 69 53 54 49 66 102 138 124 134 128 115 80 84 103 133 122 117 103 86 56 52 50 50 53 45 45
59 63 50 50 53 66 118 153 152 168 136 136 115 111 141 155 134 145 105 109 61 56 51 53 50 46 45
55 62 50 49 52 57 82 139 143 157 126 147 136 120 143 136 129 132 102 91 54 52 54 54 50 45 46
52 118 50 49 53 57 75 139 134 139 140 142 151 160 148 144 118 127 101 78 56 59 53 64 56 46 46
51 61 50 47 50 59 81 131 137 136 152 152 143 195 142 149 132 108 110 94 50 51 53 57 51 51 46
52 57 50 48 47 56 82 108 139 129 139 139 139 144 130 126 113 100 91 84 56 50 51 53 49 47 46
55 62 47 49 47 55 73 100 109 120 104 109 122 96 108 102 97 86 90 76 54 51 51 51 45 46 52
54 97 48 52 48 52 74 112 137 113 95 103 112 85 111 110 105 95 78 65 49 51 62 54 49 49 46
50 64 47 48 53 56 62 118 111 126 109 91 89 91 95 95 90 77 92 67 47 50 100 78 59 47 46
50 66 46 49 47 51 64 80 101 109 99 88 87 95 90 95 85 71 65 60 49 60 81 105 56 46 50
50 72 51 50 49 50 70 94 143 150 96 94 113 98 79 80 70 66 60 54 46 48 57 114 56 44 46
53 69 47 49 54 54 67 110 143 196 104 95 96 115 93 88 88 70 59 53 47 49 57 92 51 44 49
89 105 49 48 53 55 66 112 152 189 120 129 126 121 106 93 95 77 67 58 47 50 56 75 54 46 45
68 157 52 45 51 59 65 132 127 187 129 132 130 111 104 95 92 82 65 51 47 54 52 90 59 44 59
69 117 51 48 49 53 65 112 120 146 142 134 135 106 98 105 99 87 63 51 48 49 53 155 92 46 57
86 176 65 49 50 57 61 97 139 154 133 141 131 115 108 136 110 102 66 60 46 50 56 190 154 53 50
222 248 75 47 52 63 68 114 137 154 156 160 157 160 138 149 131 84 60 58 54 65 86 244 248 57 47
297 388 86 52 50 63 82 136 137 177 169 186 197 178 179 167 149 122 76 59 51 61 87 245 149 65 48
183 243 109 55 52 62 75 139 145 182 170 195 216 166 154 158 144 114 84 53 51 62 131 142 123 60 47
72 171 143 72 54 61 95 140 140 174 169 196 243 179 158 159 146 123 99 62 50 82 179 121 67 54 45
59 98 132 130 65 70 130 153 152 183 185 194 226 190 172 191 156 126 118 81 58 132 209 84 60 51 51
67 87 137 168 72 88 186 177 191 186 200 207 210 199 176 203 158 149 127 102 61 191 151 65 56 47 47
60 73 79 136 104 113 197 210 248 209 217 231 212 205 193 209 188 162 141 127 84 130 116 65 55 46 47
57 71 57 96 132 133 186 208 233 234 209 223 184 190 180 186 193 160 114 131 93 115 72 62 56 51 47
61 68 54 67 133 170 177 217 202 224 202 224 176 153 152 159 166 133 100 114 83 67 63 65 54 47 46
57 63 52 53 96 195 233 173 165 194 173 175 148 130 148 164 149 121 102 118 72 54 56 59 53 46 48
52 64 53 49 60 124 123 134 171 172 150 149 129 135 130 150 117 106 90 68 55 54 54 57 50 44 45
50 52 49 50 56 82 78 95 110 126 123 126 105 126 122 119 107 85 69 60 49 49 51 52 50 45 45
55 52 45 49 55 59 75 86 92 106 104 113 110 132 131 107 92 81 65 56 46 50 54 51 50 44 43
49 55 49 50 51 56 71 79 88 102 91 109 114 115 107 105 97 85 70 57 46 48 49 51 49 42 45
47 52 50 48 53 56 61 69 71 85 84 107 110 110 105 105 105 96 69 56 51 50 48 50 47 44 45
47 52 50 48 54 59 63 70 71 76 84 101 104 98 116 119 124 122 86 65 50 53 50 50 49 45 42
48 53 48 47 58 64 64 68 69 71 84 103 88 90 114 121 113 107 73 64 51 63 54 50 48 41 44
54 53 47 51 57 59 65 68 62 61 75 84 87 92 89 98 96 73 59 57 55 68 55 50 43 44 48
