42 43 43 43 44 44 46 42 44 49 44 43 44 43 49 44 44 44 44 43 44 43 43 44 41 44 48
42 44 40 43 42 46 54 47 43 43 44 44 44 42 48 51 49 44 43 43 44 43 44 40 43 48 44
43 44 43 44 50 55 119 101 59 49 48 50 48 49 58 62 136 77 51 45 45 44 44 44 42 44 44
44 46 46 46 52 62 229 320 66 59 58 61 58 62 62 93 494 155 60 54 46 46 47 46 44 45 45
43 45 46 41 47 66 75 150 61 52 47 50 47 52 58 57 156 59 51 46 51 46 44 44 44 44 44
42 44 46 42 50 61 64 53 45 45 45 46 44 46 55 46 54 51 48 45 44 43 43 44 43 43 46
44 43 48 44 45 78 72 59 45 48 47 46 44 44 47 46 48 54 55 50 43 44 43 43 44 44 44
44 45 48 42 44 56 74 49 46 45 46 45 44 44 46 47 50 61 55 45 43 43 43 43 43 43 44
42 45 45 44 45 58 137 59 49 46 44 45 46 45 46 43 56 62 50 41 44 43 44 47 44 43 43
43 43 44 42 44 63 104 53 49 46 44 44 44 44 45 46 54 62 46 39 44 50 44 44 44 42 43
42 44 48 44 46 106 170 80 49 47 47 47 46 46 47 52 64 89 58 51 44 45 48 44 44 43 43
43 44 51 44 49 138 164 87 50 53 49 48 46 46 49 52 81 101 73 51 44 46 46 43 43 44 44
43 51 46 44 60 163 140 99 56 51 47 52 53 49 52 66 99 138 103 58 51 45 46 45 42 43 44
43 53 49 47 68 162 160 124 61 52 52 55 49 51 64 81 114 159 122 49 50 46 46 49 44 44 45
44 46 51 45 75 191 186 140 71 57 58 58 52 52 62 92 152 171 131 49 47 46 47 43 44 49 44
47 46 53 47 58 178 187 129 70 56 53 56 56 51 58 70 151 151 101 46 45 46 47 46 45 45 44
48 45 44 49 61 175 156 96 55 54 50 53 49 47 52 60 102 118 69 49 45 45 46 43 43 44 44
43 44 45 45 58 79 102 65 47 47 46 47 46 46 48 52 71 79 56 46 44 45 45 44 45 44 44
42 48 44 44 45 52 76 59 49 47 47 46 46 45 47 56 64 60 46 45 44 44 43 44 46 44 42
43 45 43 44 45 56 89 65 48 48 46 47 46 47 48 59 67 72 49 45 44 44 46 44 45 44 43
44 46 50 44 47 54 100 85 57 50 48 49 48 44 49 72 81 77 53 45 45 44 44 43 44 46 45
49 46 46 45 51 79 96 99 97 67 54 53 52 56 62 95 104 101 76 48 44 47 45 44 44 46 45
44 56 51 48 50 125 197 189 161 100 73 66 60 66 91 126 139 146 119 56 47 47 49 46 46 45 43
45 50 52 47 48 118 159 193 205 169 108 87 68 81 135 165 156 155 130 59 48 51 52 49 49 44 46
48 51 62 51 51 143 229 262 286 235 158 107 83 98 194 200 200 187 160 81 49 53 57 53 45 46 51
46 53 63 49 52 160 241 247 277 207 161 119 89 113 213 223 231 213 158 102 51 60 60 54 47 46 44
46 52 59 53 51 164 245 202 222 185 135 115 84 100 159 192 192 182 144 106 61 75 78 87 47 43 46
54 59 109 64 52 175 292 322 243 218 200 194 122 140 216 259 262 254 212 142 61 74 63 71 52 46 48
46 75 160 76 52 163 231 283 220 215 210 168 134 142 189 256 214 187 170 110 57 102 62 69 50 47 48
45 72 90 51 51 120 183 248 172 187 178 187 128 116 151 213 178 152 146 115 59 56 63 57 47 46 48
70 116 115 105 112 148 294 381 360 383 358 3970 329 296 338 402 351 308 241 180 76 130 136 134 64 54 57
51 70 84 54 64 77 175 259 232 265 241 261 206 178 226 267 211 225 138 121 70 67 104 120 49 47 48
58 88 69 70 54 70 125 227 248 265 231 248 230 206 239 232 198 199 143 130 63 66 124 72 47 47 51
54 149 119 62 57 68 101 200 212 226 232 230 249 271 232 225 195 147 139 102 60 67 72 62 49 46 51
57 69 111 61 52 71 107 179 199 196 236 232 233 294 221 219 188 140 136 108 63 57 64 61 47 49 47
49 56 72 51 50 63 95 133 186 178 206 190 220 227 177 164 146 123 113 98 62 65 63 54 50 46 47
46 65 78 49 48 58 80 113 117 136 131 136 176 134 126 120 110 96 97 71 50 53 54 52 51 48 52
49 151 91 49 47 54 71 113 113 127 114 112 127 100 121 124 114 100 79 63 49 56 64 55 53 49 45
44 55 58 51 50 54 66 108 110 125 118 104 116 138 122 110 94 88 93 71 49 56 121 76 63 45 52
46 50 52 50 54 56 63 82 105 118 100 94 100 102 105 102 83 76 66 74 56 66 110 83 52 48 52
51 51 79 51 51 54 63 88 126 146 106 97 106 108 95 97 79 81 64 62 49 53 73 73 49 66 50
44 48 60 47 48 52 60 85 115 153 89 81 83 92 84 93 97 82 63 56 48 58 53 56 49 47 56
48 47 54 52 55 53 67 108 131 211 103 98 94 98 95 93 98 83 72 55 48 51 52 50 46 46 53
47 65 62 51 47 53 63 110 101 142 98 86 94 82 81 84 85 79 71 52 46 52 52 48 42 48 86
46 47 58 46 46 52 65 89 96 99 108 88 91 79 76 86 89 78 66 52 46 47 60 51 47 47 60
46 51 57 47 49 59 60 85 134 139 124 106 104 106 116 120 104 109 74 54 45 51 68 67 62 44 49
44 53 63 48 53 56 67 67 84 97 113 97 114 97 110 151 147 86 63 52 46 51 92 138 56 52 54
56 70 55 49 48 56 65 72 81 135 122 108 120 119 127 122 131 100 59 57 51 60 144 201 82 52 46
50 101 84 58 55 60 65 85 103 133 131 144 157 116 131 130 133 101 66 53 47 83 179 115 48 49 47
59 149 222 99 56 63 72 96 114 149 147 162 216 153 145 156 143 126 88 58 46 101 173 88 46 46 46
47 68 136 161 66 95 81 106 132 147 153 188 216 174 168 198 165 133 115 65 53 140 192 63 47 46 47
48 61 129 154 68 68 96 139 148 168 192 224 245 202 186 213 167 135 125 77 54 202 150 58 47 46 47
50 56 69 97 84 82 94 143 156 170 195 240 247 185 198 208 176 143 124 85 61 198 136 57 47 45 47
50 58 63 60 104 70 109 144 148 177 183 227 217 180 187 166 172 153 109 120 61 99 85 62 47 45 46
46 54 58 55 79 108 126 171 180 200 196 220 198 156 158 155 172 143 113 139 65 97 61 56 52 46 46
46 53 58 52 66 138 119 145 159 197 191 199 180 149 156 174 171 148 128 118 72 68 58 56 52 46 46
46 53 58 51 72 138 138 152 164 190 194 174 157 168 152 183 163 126 136 106 56 58 65 55 47 46 46
47 50 53 50 51 93 114 136 138 149 162 150 132 147 138 171 144 113 104 62 46 55 62 52 46 45 46
46 47 45 47 53 57 64 84 102 107 116 107 93 111 109 112 96 79 63 52 46 48 54 53 45 44 45
47 47 54 46 46 51 60 73 78 82 85 92 95 106 97 110 95 88 63 51 47 50 51 48 45 48 45
46 47 52 46 46 53 58 63 73 74 89 94 93 101 97 122 106 101 71 53 50 49 51 50 44 44 47
44 44 48 51 47 51 58 58 65 62 71 77 82 91 101 111 93 101 76 66 50 50 51 48 47 45 49
44 44 47 49 46 49 57 54 54 57 63 66 76 73 71 91 71 77 66 53 53 52 51 46 49 46 45
46 45 48 46 50 55 59 56 58 56 59 64 68 78 66 86 78 63 56 54 51 56 51 49 49 46 44
