43 46 46 44 44 43 43 44 43 44 48 44 44 44 44 43 42 43 44 43 44 43 44 42 43 49 44
43 40 45 42 45 49 44 43 44 44 44 44 44 44 47 43 42 42 44 44 44 43 41 43 48 44 42
43 42 45 49 45 44 44 43 43 45 44 44 43 44 46 43 42 42 49 44 44 43 44 43 43 43 44
43 41 45 49 45 43 44 42 43 44 44 44 46 44 44 43 41 44 44 44 44 43 43 43 43 43 44
43 44 42 44 50 45 44 44 42 44 44 44 45 44 44 44 43 44 46 49 45 43 44 43 43 44 44
43 44 41 44 50 46 43 43 43 43 44 43 44 46 45 43 49 44 45 44 43 43 45 43 43 43 44
43 48 42 43 44 44 44 41 44 48 44 42 44 43 44 43 44 51 49 44 44 42 44 44 43 44 42
43 45 47 44 44 48 46 46 45 42 44 48 45 42 44 43 52 62 78 48 44 43 44 44 43 44 43
42 43 44 44 46 60 67 64 45 44 46 45 46 46 44 43 79 85 155 74 44 46 49 44 43 43 43
42 44 45 44 54 139 110 82 46 47 46 46 46 47 48 44 68 91 197 76 51 45 46 44 43 43 44
42 43 45 45 72 242 143 95 47 47 46 47 49 48 51 42 64 109 227 47 51 47 46 46 44 42 44
42 44 44 49 51 220 138 76 45 47 49 48 48 48 55 44 70 147 212 50 52 45 44 44 45 44 44
45 44 50 47 68 177 165 89 55 50 58 60 56 56 70 44 206 392 259 66 49 48 48 45 50 46 46
45 49 51 53 57 160 359 287 68 65 66 66 69 72 72 45 491 875 382 66 54 52 54 50 51 46 47
46 46 52 57 60 204 1196 821 77 71 67 66 68 65 69 46 282 644 139 69 57 52 51 52 55 46 47
44 46 47 46 63 98 793 537 64 59 54 54 55 54 59 44 102 118 74 54 56 47 47 50 49 45 44
43 42 44 45 62 61 92 81 56 51 50 46 45 46 48 43 65 64 62 54 49 44 42 43 44 43 45
44 45 45 47 56 54 72 60 56 50 47 46 47 46 47 44 63 64 61 53 46 44 44 43 44 46 44
48 44 45 44 48 52 60 51 56 47 47 48 46 44 45 43 53 58 56 47 45 42 44 48 45 42 43
44 41 44 42 45 55 50 47 52 46 45 45 44 45 49 44 47 56 50 45 46 43 44 41 44 48 44
43 40 46 43 44 50 46 46 46 45 45 44 43 44 51 44 45 51 47 44 44 43 41 44 48 44 42
42 41 53 48 45 43 45 46 44 46 45 45 47 45 46 43 46 50 48 45 45 43 44 43 44 43 43
42 42 52 47 46 43 44 45 44 47 46 45 50 45 47 43 41 48 48 45 44 43 44 43 45 43 44
42 44 45 44 50 44 43 45 43 47 46 45 46 48 48 43 45 51 46 46 46 45 44 44 42 43 44
43 42 47 43 44 44 42 45 50 47 48 47 47 46 50 43 48 54 45 48 50 47 46 44 42 44 44
42 43 49 44 44 44 44 44 45 46 50 44 49 52 50 42 50 56 52 45 46 48 47 44 44 44 44
42 46 44 45 44 41 45 49 45 45 49 45 48 49 51 44 47 53 50 45 47 46 44 45 42 45 49
44 44 45 45 45 49 46 46 45 48 50 52 52 54 53 44 54 57 49 52 51 45 45 47 43 45 44
42 45 44 48 45 43 46 50 46 49 52 50 51 56 56 44 57 58 46 54 51 45 45 47 43 44 44
42 44 45 46 44 45 51 48 48 63 63 69 59 70 69 44 72 68 54 48 50 53 46 46 46 43 44
43 44 47 46 47 48 48 53 65 85 101 118 100 98 117 44 98 78 69 56 53 48 49 47 49 45 45
44 47 51 50 48 50 55 60 105 123 136 158 143 135 165 45 122 84 88 68 55 53 56 49 54 45 46
44 45 53 51 51 51 56 65 92 140 162 163 182 177 165 44 153 101 121 75 58 56 54 51 53 46 46
45 44 55 53 52 52 59 78 135 136 168 168 188 205 241 46 143 117 112 83 63 57 59 54 54 46 47
45 45 54 52 52 54 62 78 140 153 182 186 189 219 212 46 157 120 127 89 63 59 60 55 56 46 45
45 44 54 52 52 53 62 83 142 160 175 164 221 150 272 46 142 112 99 72 62 53 59 55 55 48 46
48 44 50 50 49 50 60 70 103 133 140 128 170 148 197 45 109 95 84 65 56 49 56 54 52 46 46
47 45 50 49 48 51 57 63 100 129 132 116 147 133 169 45 99 89 92 71 56 50 53 53 51 44 47
43 41 52 48 49 52 56 68 124 115 134 120 131 114 119 49 94 85 85 73 55 51 51 56 50 43 46
44 41 49 50 51 51 56 73 127 118 124 120 127 113 115 44 97 80 76 76 55 49 50 52 51 45 48
44 44 50 52 48 49 54 74 133 128 122 130 125 114 102 44 95 79 73 73 53 48 51 50 47 45 52
44 50 51 51 48 49 53 64 117 132 132 135 133 124 99 44 84 80 74 70 51 48 51 50 54 43 50
44 52 52 54 52 51 54 62 98 128 157 139 137 142 108 44 95 90 74 70 55 51 52 57 57 46 53
47 51 77 58 52 54 54 64 89 139 182 157 175 156 117 44 102 98 81 70 59 54 70 84 108 51 59
46 63 351 127 53 52 60 72 99 136 168 187 177 157 136 46 134 121 96 82 68 63 87 240 352 46 68
46 51 282 181 63 55 64 84 125 152 156 216 209 195 176 46 182 144 112 94 77 65 104 162 234 55 75
46 56 151 161 93 61 68 86 140 155 179 212 201 202 200 46 185 140 120 108 69 76 154 139 152 64 66
46 55 84 151 108 63 74 102 138 134 184 202 216 214 191 46 187 157 131 124 77 66 147 118 89 51 56
45 46 60 113 124 83 90 132 122 161 207 184 216 206 157 49 160 162 135 135 100 82 156 104 67 52 52
45 51 58 86 129 98 106 120 121 166 190 187 233 207 163 46 176 179 151 166 182 105 157 100 60 73 49
46 55 59 69 126 108 128 144 150 185 190 190 234 189 163 47 205 193 183 224 197 123 186 81 64 54 51
44 47 58 64 105 119 149 151 156 168 176 194 198 177 164 45 164 160 178 181 183 137 165 77 58 58 50
48 45 56 56 65 129 152 157 184 152 171 185 193 162 149 46 150 156 149 137 148 156 80 60 55 48 47
45 45 54 52 54 82 120 140 174 153 152 160 163 140 129 45 127 133 110 119 129 101 72 58 56 46 45
44 43 50 49 50 54 65 104 108 131 110 134 134 104 102 44 102 92 89 82 71 56 64 54 51 47 45
46 44 48 47 47 48 50 55 68 73 88 98 93 81 81 44 78 66 62 63 62 53 50 55 48 45 44
45 44 48 46 47 50 49 50 63 72 76 90 88 86 84 44 68 67 58 54 52 51 51 49 47 43 44
45 40 47 49 50 49 49 50 57 66 65 85 83 83 87 48 68 60 56 50 53 52 48 47 50 44 44
50 40 46 51 49 48 52 50 56 65 64 80 78 89 89 44 65 59 60 56 47 48 52 46 48 45 43
69 47 49 48 50 51 59 58 62 69 74 90 95 97 82 43 74 67 72 54 53 54 53 48 48 44 46
57 48 51 46 54 57 64 62 66 72 82 99 103 94 89 44 84 85 67 63 53 59 55 49 48 45 45
44 44 54 49 61 61 70 67 69 77 89 103 106 99 105 45 105 112 77 67 56 63 57 51 50 47 45
44 44 53 51 59 59 63 64 65 74 82 97 89 93 97 43 91 92 70 60 56 62 55 49 50 47 45
57 45 48 51 54 58 66 69 58 63 71 76 69 89 78 44 83 65 58 55 60 58 54 51 48 43 45
