42 43 42 45 49 44 43 43 44 44 45 50 63 53 42 44 43 44 47 43 44 44 43 44 40 43 50
44 44 47 43 44 43 42 43 48 47 51 118 101 48 50 45 46 44 50 44 43 44 43 43 43 41 44
43 44 45 43 43 44 46 43 44 57 83 119 54 46 48 45 43 44 44 44 48 44 42 43 42 44 44
42 43 44 44 42 43 48 44 45 81 100 81 48 43 46 49 43 43 44 40 44 47 44 42 43 43 44
42 43 44 43 44 40 44 48 67 99 92 59 46 44 46 44 43 44 43 41 44 46 44 42 43 43 43
42 43 44 43 44 41 44 47 65 68 80 58 47 44 44 44 43 42 44 47 45 42 43 42 43 44 43
43 50 44 42 44 43 43 44 55 153 282 70 49 46 46 45 45 45 45 42 44 48 44 44 43 43 44
43 48 44 42 43 43 43 44 46 72 108 124 52 45 45 45 45 44 45 45 48 44 42 43 42 44 44
42 42 43 43 44 43 44 44 44 66 98 102 52 46 46 46 44 44 44 45 44 44 42 42 43 45 46
42 43 43 43 44 44 44 43 45 71 115 132 73 52 49 46 50 44 47 48 45 44 44 44 46 46 46
47 44 42 43 43 43 44 43 44 59 79 127 86 63 49 48 46 44 47 47 45 45 44 43 45 45 44
46 44 43 44 43 43 44 43 44 60 75 146 116 84 61 50 47 46 47 44 45 46 44 46 44 42 44
42 40 44 43 44 46 44 44 44 53 64 144 121 124 79 59 51 48 51 46 45 45 46 44 44 44 47
43 40 44 49 44 42 44 43 44 56 66 127 129 156 92 64 52 51 49 46 43 44 52 44 43 44 43
43 49 44 43 44 42 43 46 45 58 66 113 117 175 127 64 54 52 50 47 45 44 45 44 44 44 45
43 42 44 48 45 44 44 42 44 54 61 135 119 149 184 99 59 56 51 48 46 45 46 46 45 43 46
40 43 48 44 44 43 43 43 44 53 57 120 126 144 183 100 60 57 51 51 47 44 45 44 44 44 42
44 44 44 44 48 44 44 44 44 50 51 80 114 126 213 152 71 58 54 52 49 45 48 45 44 44 43
43 42 44 49 44 44 44 42 44 48 48 61 80 100 196 163 85 57 58 48 48 46 46 46 43 44 49
43 44 48 43 44 44 44 42 44 53 48 54 67 88 184 170 98 58 53 49 48 50 47 45 43 46 48
43 43 46 43 45 44 42 44 49 46 46 50 59 78 138 135 99 62 50 51 46 45 46 46 44 43 44
43 43 44 44 44 44 45 44 44 46 49 52 63 84 155 173 126 71 56 51 50 47 47 47 45 44 45
43 44 44 44 46 44 46 44 44 48 49 54 71 104 156 165 142 91 58 49 50 50 49 44 47 44 46
43 43 44 44 45 42 44 44 46 51 51 59 99 137 204 207 159 107 66 60 54 51 49 46 45 46 45
44 44 45 44 46 45 44 46 46 52 54 73 147 166 204 254 168 141 79 63 55 49 50 47 46 46 43
43 48 44 43 45 44 45 44 52 59 58 77 160 182 209 311 214 166 99 66 61 52 52 47 46 49 45
43 43 44 43 45 44 44 46 46 63 64 77 143 164 190 248 220 150 94 62 62 52 50 47 45 46 46
44 44 44 43 45 45 46 45 45 63 67 160 203 223 282 238 291 229 114 72 65 60 62 49 49 46 47
44 44 44 44 45 44 43 45 51 58 58 98 207 182 254 204 217 174 100 61 61 53 51 52 46 46 47
46 44 43 43 44 43 44 44 46 63 60 99 125 172 173 145 146 122 95 58 54 49 50 45 45 48 46
45 44 43 44 44 44 44 42 46 84 78 107 162 180 186 148 158 130 100 58 55 54 49 47 46 43 46
45 41 44 47 45 45 45 44 59 102 99 126 177 169 239 199 187 135 100 63 57 51 51 50 46 46 47
43 41 45 48 45 44 45 46 78 103 99 126 185 194 228 205 168 115 91 62 55 52 54 48 46 45 45
43 43 41 44 47 44 46 46 72 85 84 131 171 199 246 184 173 105 83 62 57 52 50 47 50 45 47
44 48 44 43 45 44 46 45 74 97 95 128 170 195 281 207 192 109 80 66 57 53 51 47 47 46 48
41 45 49 44 44 44 46 46 81 103 99 127 163 191 238 182 151 88 67 60 56 51 49 46 46 45 47
41 45 48 44 44 44 43 44 60 90 86 96 114 148 142 165 100 70 60 57 53 47 47 45 45 46 45
43 42 44 46 45 45 46 43 47 76 74 85 101 123 203 166 87 75 67 59 56 49 48 46 42 46 45
47 44 44 44 44 44 46 41 46 65 61 80 89 101 128 98 80 73 63 60 59 50 47 48 44 45 47
44 44 44 44 45 44 42 44 49 69 66 85 121 120 120 105 95 82 66 65 65 53 49 45 45 43 45
43 44 44 43 45 46 45 45 45 70 70 84 104 100 105 94 90 78 73 71 68 54 46 45 44 44 45
43 46 43 44 48 44 45 44 43 66 65 84 90 98 103 95 83 76 72 74 73 56 47 44 44 44 45
42 44 44 44 45 44 42 44 45 64 62 86 98 106 106 100 97 84 78 86 70 56 47 45 44 44 45
43 44 44 42 45 47 44 45 45 59 59 86 108 118 106 100 100 95 87 85 65 54 47 48 45 45 45
43 46 44 43 44 44 44 44 45 54 55 86 106 122 115 108 130 130 110 99 68 51 50 49 45 45 46
43 43 46 42 44 44 45 45 44 56 60 82 124 140 150 135 181 175 138 111 71 54 51 50 47 49 46
43 43 44 44 45 44 43 45 45 58 57 76 120 148 161 155 171 169 137 107 72 55 57 50 46 46 46
44 44 45 45 45 44 43 45 50 54 53 72 114 166 169 174 191 175 147 97 68 57 63 49 50 44 51
42 44 46 44 46 44 43 44 46 53 53 68 111 169 140 153 170 157 116 92 68 72 54 54 47 45 46
42 44 44 44 45 44 45 43 46 54 52 65 113 167 142 144 162 144 114 94 72 75 65 52 50 46 51
43 43 46 43 44 44 44 44 43 52 55 69 116 155 152 150 160 131 111 106 86 64 53 53 47 44 79
43 46 45 46 46 43 44 44 46 55 53 71 153 166 159 151 172 125 108 104 78 65 63 50 49 45 58
42 45 41 44 49 44 44 45 46 59 58 67 167 175 174 150 172 144 130 113 82 61 55 52 52 46 46
44 46 45 43 45 44 45 45 46 54 58 81 137 169 177 185 192 191 159 158 151 82 65 51 50 50 47
43 47 48 44 45 45 45 45 49 54 56 98 126 171 196 249 219 235 167 140 184 108 90 56 53 47 51
45 45 46 45 46 46 47 46 50 58 57 78 126 180 279 394 287 257 202 207 156 132 106 66 56 49 49
44 45 44 45 46 45 46 44 49 58 55 70 95 125 231 330 256 216 187 209 133 96 116 86 61 56 49
45 43 45 43 45 47 45 46 48 49 50 57 72 78 96 154 168 150 137 173 126 100 126 107 88 54 48
50 44 44 44 45 45 46 45 48 48 47 55 61 71 72 87 108 130 143 137 104 142 138 112 95 70 48
45 43 45 48 46 46 46 46 46 48 49 56 58 68 73 84 89 116 129 120 117 146 159 108 93 66 48
46 45 46 45 49 48 49 51 50 51 52 61 70 73 84 107 119 162 153 127 117 161 151 121 89 62 49
44 46 44 46 47 51 60 53 52 55 54 66 84 92 110 136 181 246 217 147 124 130 123 109 87 76 51
44 45 45 42 54 55 53 49 51 55 56 62 74 83 97 153 150 184 137 103 97 123 98 85 85 75 46
46 46 45 46 48 51 56 52 46 53 53 61 64 72 79 117 123 108 81 78 76 98 79 74 76 60 45
