43 42 44 46 44 44 44 46 44 45 48 45 50 63 66 73 100 62 63 50 44 45 48 44 43 44 44
45 45 45 46 45 44 45 50 49 48 50 56 57 72 211 366 100 68 55 53 50 45 44 44 43 44 46
54 51 47 45 47 50 49 52 59 63 64 67 68 79 741 1064 118 84 72 55 52 46 46 45 44 45 46
48 47 46 44 46 48 47 51 54 54 57 60 61 71 311 834 95 69 61 50 47 45 44 44 44 44 45
43 44 42 43 48 44 46 44 43 44 45 45 57 62 72 110 59 48 45 48 44 44 43 42 43 43 44
44 44 44 44 44 44 47 44 45 44 44 44 47 62 71 99 73 49 45 44 43 43 44 43 43 41 44
42 46 42 43 44 43 44 42 45 50 45 44 46 50 77 106 58 54 46 45 44 42 43 43 44 44 41
44 44 44 44 44 43 44 45 45 43 46 51 47 50 71 139 74 52 47 45 45 44 43 43 43 44 41
42 43 44 43 44 41 44 49 45 44 46 44 46 47 61 114 77 46 42 44 42 44 49 44 43 43 42
43 43 43 43 44 44 45 44 44 46 46 44 46 48 63 114 92 50 44 44 46 45 46 43 42 43 44
43 43 44 44 44 43 43 45 48 46 45 46 46 51 75 108 108 57 46 41 45 48 44 47 44 43 44
43 44 43 43 46 44 44 42 46 47 49 47 49 61 98 133 129 81 51 45 47 44 42 43 43 44 44
45 45 48 44 44 44 44 46 48 48 51 55 51 71 142 143 142 121 58 45 47 48 44 42 46 43 45
45 42 44 47 45 43 48 46 48 49 49 50 50 63 151 140 134 131 52 47 46 46 44 42 43 43 44
46 45 43 43 44 44 46 46 48 52 50 49 50 52 125 139 135 129 54 44 45 44 43 44 46 44 44
44 48 44 42 44 43 44 46 47 47 51 47 48 52 92 105 117 89 47 44 50 47 44 45 44 42 44
44 44 44 41 44 48 44 44 46 45 46 46 46 52 66 101 107 71 42 44 50 47 44 43 42 43 44
44 44 45 44 42 44 48 44 46 46 45 46 47 47 62 95 87 61 51 45 49 43 44 46 44 42 44
44 44 46 44 42 43 44 44 45 45 46 50 46 45 59 81 83 54 49 45 45 42 44 46 45 45 43
44 42 44 44 44 44 44 46 45 44 45 45 46 46 59 78 76 47 48 44 44 43 44 44 44 49 44
44 41 44 41 44 48 44 44 45 45 47 46 46 46 65 84 86 55 49 46 45 44 41 44 49 44 43
44 41 44 49 45 43 45 45 46 54 50 49 48 48 77 96 99 70 61 48 45 44 44 45 44 44 44
46 43 45 49 45 43 46 46 50 69 81 58 54 50 93 112 114 123 63 47 46 44 45 44 45 44 44
47 46 42 44 51 45 46 48 60 99 103 79 61 54 94 131 119 123 80 57 47 44 45 43 44 44 46
50 48 42 45 51 45 46 50 107 113 127 114 74 60 98 144 155 113 101 53 48 48 46 44 44 44 45
51 49 44 44 46 46 48 53 94 126 124 131 86 59 103 153 163 126 142 54 49 45 50 45 44 44 43
50 48 48 45 45 48 51 62 80 116 111 116 88 59 94 158 136 105 133 63 53 53 45 50 45 43 45
58 52 48 48 46 46 54 110 194 168 170 159 102 73 93 181 191 156 147 140 51 57 46 48 43 46 50
52 50 48 50 46 46 82 88 138 146 142 121 86 80 93 170 133 168 107 86 57 50 49 46 43 44 44
53 52 46 48 47 46 48 92 117 127 147 133 103 108 117 135 130 133 96 77 52 49 46 50 44 44 44
61 56 46 46 48 50 59 101 138 163 169 180 151 153 167 167 147 137 103 88 59 50 46 45 44 45 46
63 62 56 47 50 47 56 136 176 198 181 196 192 179 216 193 170 136 136 106 56 53 49 45 46 44 46
60 51 49 51 49 46 53 118 174 172 189 184 204 200 190 166 182 128 142 104 56 53 46 44 45 46 46
59 56 48 50 48 46 52 124 167 151 172 165 178 184 217 174 149 118 123 88 54 50 49 45 44 45 45
58 55 47 45 47 46 54 103 156 156 169 152 159 168 165 148 145 115 123 84 50 47 46 46 47 45 44
54 50 46 45 47 46 51 78 123 134 150 122 157 111 186 120 108 95 82 58 47 46 46 44 44 48 45
54 48 44 44 48 44 51 57 68 93 101 92 105 92 117 93 78 67 61 50 46 45 45 43 44 46 44
53 48 44 44 45 44 49 56 65 78 84 74 80 71 97 77 75 70 67 53 46 42 44 49 45 43 46
49 44 44 42 47 50 47 59 81 83 96 85 92 76 87 77 78 70 67 58 47 44 44 49 44 48 46
49 44 45 45 46 50 47 56 90 91 100 97 97 82 87 78 76 66 65 59 47 45 42 45 48 44 47
53 48 46 49 46 44 46 58 101 109 110 113 104 95 82 81 76 70 64 57 48 45 45 43 46 45 46
68 57 46 48 46 44 47 56 88 123 124 129 116 103 85 80 74 72 63 54 46 45 45 44 45 43 46
103 97 43 46 51 46 47 57 85 126 153 138 129 121 95 91 83 78 65 53 47 46 45 44 42 44 46
170 157 47 47 51 46 49 64 87 141 187 162 174 142 103 100 94 85 68 58 49 46 46 44 44 47 48
260 193 52 46 48 47 51 69 100 145 176 188 177 149 120 117 114 103 74 58 49 46 47 45 45 45 46
863 386 58 49 51 46 56 80 125 182 178 227 214 194 165 153 158 122 83 64 57 50 48 47 43 46 56
281 189 81 46 55 53 64 85 127 170 189 213 195 191 181 171 148 113 82 66 57 51 49 46 44 49 52
97 166 129 65 53 47 69 104 145 141 194 205 216 203 182 200 160 131 86 63 57 50 48 46 45 46 50
70 83 103 77 71 50 81 146 148 181 200 186 222 198 151 171 150 134 99 68 53 53 51 47 46 46 46
78 69 64 96 102 62 100 127 139 183 177 177 231 197 156 174 168 149 102 68 62 60 47 46 46 59 46
72 63 59 86 109 74 125 151 161 180 165 170 214 185 168 211 211 169 128 93 58 50 48 45 46 54 48
66 59 50 60 124 118 129 142 152 156 155 171 186 189 184 210 194 202 189 137 62 50 49 47 47 54 55
66 58 49 57 68 122 149 151 170 142 149 167 186 178 174 208 212 260 227 128 81 52 49 48 46 52 49
59 55 49 46 52 78 102 123 158 127 125 134 155 136 133 162 168 236 162 121 81 65 52 47 47 47 44
51 48 47 45 46 50 54 93 95 99 92 101 109 90 90 99 108 125 99 105 72 56 56 46 45 47 45
51 46 44 45 44 45 47 52 58 63 63 68 76 66 66 75 76 72 75 99 90 73 51 49 45 45 45
50 46 46 44 45 50 47 49 59 62 64 72 72 74 74 77 69 75 82 98 102 61 72 56 46 44 45
49 43 45 44 47 51 47 47 52 59 59 69 68 73 78 93 70 73 81 87 77 66 70 49 51 49 44
52 43 45 47 48 48 50 49 52 60 60 71 70 78 86 77 75 72 88 87 72 76 72 52 49 51 43
69 47 47 49 47 47 57 55 59 66 62 78 90 82 82 84 92 89 99 82 71 76 81 55 45 46 50
63 51 47 47 50 54 60 60 65 72 74 92 99 93 98 105 115 133 98 84 72 89 81 63 51 44 45
55 50 46 46 59 58 66 64 69 77 84 99 101 103 123 161 162 179 113 86 71 84 72 66 62 50 46
51 49 48 47 58 56 61 62 66 72 79 93 87 100 118 153 138 143 91 69 64 78 63 61 63 56 45
52 51 44 48 51 55 63 66 56 63 68 71 67 88 88 101 102 81 63 61 66 70 59 63 66 49 44
