41 43 43 43 46 45 44 43 44 48 45 42 44 46 45 44 43 43 44 43 44 46 44 42 44 43 44
43 40 44 47 46 43 44 43 43 45 43 44 48 45 44 44 42 43 44 43 44 47 44 44 44 42 43
42 44 43 43 45 44 44 41 44 49 44 42 44 44 44 44 43 42 46 43 44 44 41 43 49 44 42
43 44 44 43 45 43 44 44 41 44 50 44 43 44 44 44 45 43 43 46 44 43 44 44 41 44 49
43 44 44 43 47 44 44 44 40 44 49 44 43 44 44 44 46 43 42 48 44 44 44 40 44 49 44
47 46 44 44 48 43 44 44 44 41 44 49 44 43 44 43 41 42 44 45 44 44 44 43 43 44 42
44 46 44 44 47 44 43 43 43 44 44 41 44 49 44 42 41 43 44 44 44 43 44 46 44 42 43
43 42 44 43 45 47 44 43 43 43 44 44 42 44 49 44 42 42 43 44 44 43 42 43 43 44 44
45 44 46 44 43 43 44 43 44 41 44 48 44 43 44 42 43 42 44 42 44 43 44 44 42 44 48
42 44 44 46 45 42 44 43 44 44 42 44 48 44 43 43 38 44 43 45 43 42 43 43 44 44 43
42 44 44 42 44 47 44 42 43 43 44 44 42 44 49 44 38 44 43 44 42 42 43 43 44 41 44
42 44 43 44 48 43 42 43 43 43 44 41 44 49 44 43 45 43 42 43 44 43 44 43 43 46 44
42 46 44 44 45 46 44 42 43 44 44 44 43 44 46 44 42 43 41 44 49 43 43 43 43 44 44
43 44 51 45 45 44 43 43 44 43 44 42 44 46 44 42 42 43 44 41 44 48 44 44 43 43 43
47 44 45 44 48 44 44 43 44 43 43 43 44 43 44 46 42 43 43 49 45 42 44 42 43 44 43
42 44 44 43 48 50 45 42 43 43 43 43 44 43 46 44 43 43 39 43 49 44 43 43 42 43 44
42 43 44 46 50 48 46 44 43 43 44 42 44 44 44 44 44 43 38 43 48 43 43 44 42 44 44
47 44 44 49 68 58 54 45 43 43 44 44 45 43 44 46 43 44 43 38 44 49 44 42 43 42 43
49 44 44 48 135 76 56 50 45 44 45 45 45 44 45 44 42 47 49 44 43 43 43 43 44 44 44
67 46 45 46 89 133 192 54 50 46 46 49 48 45 46 47 46 42 44 49 44 43 44 42 43 44 44
51 55 49 46 70 136 326 78 55 47 46 48 49 48 48 48 49 44 45 48 44 43 44 43 44 44 44
43 62 63 46 57 111 182 155 88 52 49 46 49 48 49 48 46 45 47 44 44 44 42 45 48 44 42
44 58 71 47 55 125 157 119 65 50 52 48 47 48 47 47 46 50 46 44 46 43 44 44 41 44 47
43 51 56 47 72 125 131 71 53 48 50 46 47 47 47 46 47 47 45 43 44 43 44 41 44 47 44
49 52 65 51 202 131 71 66 58 46 48 51 49 46 48 46 45 46 45 44 44 44 46 44 44 43 43
44 48 78 74 156 214 59 65 52 53 50 46 51 52 52 46 46 46 46 43 44 47 44 45 44 43 43
48 46 65 100 111 76 57 49 57 52 47 47 46 48 54 47 44 44 44 43 44 44 44 41 44 44 44
87 70 138 173 74 56 63 56 61 50 52 57 53 48 48 58 48 45 45 42 44 44 44 45 41 44 48
104 94 196 170 67 53 57 56 52 62 49 52 56 55 50 51 42 48 45 46 42 43 46 44 43 44 42
96 120 166 118 55 49 50 51 53 61 50 53 56 54 53 49 43 46 45 45 42 43 44 43 44 40 44
110 228 218 133 54 53 56 56 58 71 78 75 73 98 86 76 54 49 44 44 44 43 44 42 44 44 44
108 269 238 103 52 59 69 75 89 110 115 117 128 153 144 146 99 57 47 45 45 45 46 42 44 49 45
96 314 137 69 57 61 86 110 131 141 137 137 177 202 182 192 111 78 51 44 45 44 45 45 42 44 49
84 306 102 60 63 69 115 140 132 182 228 228 250 240 201 216 122 108 57 45 46 45 46 45 42 45 50
68 113 74 69 74 84 124 179 160 204 210 211 261 287 226 210 130 124 59 47 51 46 46 45 44 44 45
63 174 94 95 118 105 130 180 202 226 280 281 245 230 245 150 135 104 66 49 49 46 46 45 44 45 46
88 186 118 112 92 153 126 129 141 161 185 186 230 188 149 129 117 96 66 45 46 49 48 45 44 44 45
58 162 101 102 87 73 76 71 91 78 97 98 90 113 85 121 101 85 66 46 44 44 44 44 44 43 45
47 56 52 47 49 49 51 50 52 57 69 68 96 114 97 95 88 81 69 49 45 42 44 42 43 44 43
44 50 47 45 47 47 48 49 53 58 78 76 94 102 80 94 75 79 68 49 45 42 44 43 43 44 42
43 49 46 46 48 48 50 53 56 76 84 82 98 97 76 101 71 70 68 46 45 44 44 44 46 44 43
44 48 46 45 47 50 50 54 70 82 92 92 101 95 82 99 76 68 60 47 42 44 49 44 43 44 43
44 53 47 46 49 51 50 60 81 81 100 100 112 109 104 99 91 74 63 45 45 42 44 49 44 43 44
47 54 47 47 50 53 56 58 72 78 117 117 147 126 105 106 105 83 59 50 50 44 44 45 43 44 45
49 56 56 49 51 57 58 60 64 70 137 137 191 161 134 147 137 100 68 44 45 49 46 45 46 43 44
48 59 54 56 55 70 63 67 68 75 157 157 237 218 185 209 175 130 76 46 46 43 46 50 44 44 44
53 68 52 53 55 65 65 69 70 72 148 153 203 209 196 220 187 127 78 46 46 49 46 44 44 44 45
48 62 53 51 59 69 69 76 72 72 133 133 207 202 214 210 205 144 66 51 46 44 45 44 45 46 42
47 62 51 49 76 103 79 76 73 71 108 109 188 160 160 172 166 112 63 54 44 44 46 44 44 42 44
46 64 59 57 131 234 192 161 132 90 108 106 186 177 165 170 155 113 71 52 52 46 47 46 46 44 45
47 66 62 64 175 261 234 214 165 140 162 162 163 193 189 206 181 133 71 61 47 47 48 43 45 49 45
53 72 71 72 172 236 205 216 197 171 214 213 244 211 201 230 185 164 103 52 50 47 48 46 46 45 46
52 67 59 61 88 138 114 167 216 187 225 225 276 233 201 217 198 157 75 48 47 46 46 46 47 45 46
49 64 57 80 71 84 79 86 132 156 219 219 262 238 182 161 171 142 59 51 48 46 45 44 44 45 45
47 63 55 71 65 71 70 85 99 102 187 189 231 199 189 157 134 84 58 50 48 46 44 44 45 45 46
46 59 51 62 58 63 85 68 66 71 118 119 175 159 192 127 99 63 54 52 51 51 46 43 43 44 46
44 50 48 48 54 84 73 66 70 67 79 80 101 104 97 80 68 60 56 54 46 46 54 46 44 41 48
44 49 45 49 69 65 75 74 73 76 71 69 71 82 74 76 64 62 58 54 49 48 58 45 44 44 42
48 47 50 63 64 66 84 93 82 82 72 76 67 70 73 69 64 63 56 56 49 52 54 47 47 44 42
45 50 52 65 69 76 117 133 108 101 78 78 77 72 66 74 65 63 58 57 50 56 67 49 46 44 44
48 50 59 57 83 91 119 159 132 107 82 80 79 69 69 68 71 74 54 59 53 66 62 53 46 44 44
46 57 52 66 92 94 131 150 142 100 85 86 71 68 68 74 80 71 63 53 53 56 54 55 48 43 44
50 60 50 72 85 81 103 109 109 84 77 76 61 63 60 67 66 69 52 53 52 52 47 47 45 44 44
76 51 60 69 64 78 85 86 70 69 64 66 54 59 56 55 62 58 48 50 50 60 48 46 44 43 44
