43 46 44 44 47 49 56 56 69 265 86 48 49 53 55 52 379 722 241 53 49 50 46 45 47 46 48
43 44 39 42 50 44 45 46 48 50 46 44 44 42 44 46 46 93 59 43 44 42 44 47 45 43 49
42 44 48 44 45 46 48 52 102 79 51 44 46 50 46 44 47 62 80 46 46 42 43 43 44 44 46
43 44 43 44 47 47 58 52 93 76 49 46 46 43 46 52 50 71 127 46 46 42 43 44 43 44 42
43 41 44 47 44 45 55 49 53 49 45 44 42 44 49 45 46 56 101 45 47 44 42 42 43 44 45
43 44 44 44 45 48 62 84 78 50 45 45 46 45 43 46 46 57 58 43 44 44 43 43 40 44 51
44 45 49 44 46 51 71 143 171 90 48 50 51 48 49 49 78 119 79 48 44 43 44 44 44 41 46
44 46 45 44 46 48 64 146 119 61 55 49 50 48 48 53 133 191 142 51 44 44 45 44 44 41 45
42 44 44 44 42 44 56 83 58 47 44 44 46 46 46 48 60 92 81 39 44 50 44 43 44 42 43
43 46 45 44 47 54 147 172 140 76 52 51 52 52 52 66 112 118 108 46 46 46 44 42 44 44 44
45 50 47 46 51 67 231 247 202 110 63 58 59 60 59 144 200 232 272 61 48 45 49 45 44 45 45
44 45 44 45 46 50 101 127 101 57 51 50 50 49 51 94 148 209 241 51 46 43 44 45 44 45 42
44 50 46 43 46 58 124 144 89 51 53 51 49 49 48 53 81 99 93 45 49 44 42 44 43 44 45
46 48 51 46 48 70 220 216 157 65 56 57 57 56 59 104 191 272 163 49 50 46 44 44 44 44 45
44 43 44 44 46 49 72 73 61 51 49 47 46 47 51 71 178 268 128 45 46 46 44 45 44 45 45
46 44 42 43 44 44 58 51 45 46 45 45 45 42 44 46 55 57 48 47 43 43 45 43 45 46 44
46 44 42 43 44 52 59 71 49 50 46 45 46 44 45 48 63 56 50 43 44 44 43 43 46 44 44
43 49 45 42 45 47 56 74 52 48 48 46 47 48 46 55 67 63 48 48 45 43 45 45 43 44 46
42 46 46 42 44 44 47 52 46 44 49 44 44 44 44 50 46 45 44 44 43 43 46 43 45 44 42
42 44 41 42 45 51 61 67 49 46 51 45 44 45 46 49 45 46 45 44 44 43 43 44 50 44 43
45 48 41 44 54 74 127 155 116 64 56 53 55 59 82 98 75 56 48 46 47 42 44 49 44 43 44
42 46 51 46 46 63 90 96 94 56 53 50 52 61 110 115 85 57 47 46 47 44 44 43 44 44 45
41 45 50 44 45 60 79 70 65 50 50 48 48 51 68 65 58 49 44 44 46 42 43 44 45 44 44
47 49 47 56 68 185 165 149 167 101 70 65 70 106 151 136 99 74 52 49 49 46 44 46 44 46 45
52 53 49 55 76 186 217 153 191 115 79 76 103 140 207 186 172 100 57 50 50 49 46 45 43 45 48
44 45 48 45 48 59 66 84 67 54 49 54 56 81 134 108 95 82 49 46 44 43 46 44 44 42 44
48 60 48 47 66 173 189 157 110 84 78 95 107 137 128 153 97 60 51 51 49 47 58 46 44 44 47
74 74 63 54 116 243 246 246 220 172 192 210 207 241 235 260 191 78 60 52 60 62 62 56 45 46 47
53 66 53 56 102 201 212 229 217 180 200 162 215 240 191 183 107 63 57 57 54 48 50 56 46 46 46
47 57 58 48 64 164 156 174 126 115 115 127 111 134 104 80 57 55 46 49 52 46 47 45 43 44 45
50 64 53 60 97 137 182 153 140 175 162 149 138 156 130 156 71 61 52 52 53 44 46 45 44 46 43
51 64 53 56 96 109 166 177 182 186 164 172 160 185 157 192 76 58 56 53 58 47 48 46 44 45 46
51 64 53 49 62 79 129 151 162 167 132 157 151 165 137 143 61 54 55 51 52 48 46 44 44 45 46
47 55 50 47 52 64 112 143 130 122 105 138 121 131 97 72 54 50 48 51 49 47 45 43 43 44 46
54 69 51 50 63 95 193 215 224 216 237 194 194 217 185 108 65 59 53 52 55 50 46 49 46 44 46
47 58 49 49 56 80 143 140 110 142 127 143 154 174 154 90 57 52 51 54 54 58 45 45 44 44 43
46 51 46 46 49 70 102 84 81 70 71 82 100 110 103 65 50 48 47 46 48 50 43 44 47 44 43
51 57 46 46 49 59 78 91 82 70 69 85 109 96 69 54 47 47 46 46 46 48 49 44 42 43 43
61 85 46 48 61 85 120 142 121 120 106 119 123 127 90 68 54 50 49 57 74 59 47 44 49 45 44
84 129 52 49 59 78 106 146 134 124 103 126 121 119 85 63 53 51 50 62 76 54 45 49 45 43 45
51 64 52 46 49 54 75 99 108 87 78 92 85 76 59 51 48 48 46 53 58 46 44 44 44 44 44
70 127 63 57 55 64 93 150 170 141 145 135 143 115 78 61 55 53 53 103 122 58 46 45 45 43 45
291 657 82 60 68 92 164 234 230 199 211 202 172 168 108 81 66 62 62 204 223 62 48 47 46 46 47
182 358 79 57 65 98 165 226 205 209 212 212 191 153 97 79 65 59 57 79 82 49 46 46 46 46 48
60 101 55 57 57 74 96 138 147 140 147 145 145 106 78 70 56 53 49 64 62 46 45 45 44 44 47
74 185 110 54 85 170 195 220 203 190 172 187 211 158 134 144 98 65 65 130 110 51 49 45 46 50 48
72 168 137 54 167 211 187 207 195 184 174 176 188 163 148 133 103 63 59 96 79 51 47 45 45 45 47
49 82 62 49 82 109 128 133 114 110 117 107 123 112 112 105 79 56 50 62 62 47 45 43 44 44 46
54 78 65 66 168 209 221 216 182 179 195 177 213 194 177 200 164 120 63 129 101 51 51 47 45 45 48
68 84 102 136 318 268 281 273 224 180 203 197 242 192 198 211 192 174 101 162 93 50 48 48 46 46 52
51 65 72 113 231 216 215 216 158 130 120 129 142 117 124 132 115 99 78 69 55 47 45 45 45 46 50
48 51 48 57 77 76 94 116 84 82 69 78 76 71 68 72 65 72 63 52 47 45 46 46 46 44 44
49 62 51 55 83 125 142 127 124 139 109 148 138 125 120 127 100 94 66 58 53 51 46 44 46 47 48
47 56 46 56 80 70 80 93 93 128 100 127 110 95 81 72 62 58 51 46 48 50 45 46 45 43 46
48 50 46 46 56 51 57 67 78 68 73 75 63 59 52 52 50 46 46 46 46 44 44 44 46 44 44
44 44 44 46 46 53 59 56 60 59 61 66 55 51 51 50 46 46 44 46 44 45 46 44 45 44 44
46 49 46 49 53 63 70 75 87 94 93 100 81 74 77 67 58 54 50 55 49 46 49 45 43 44 46
46 58 49 52 61 72 83 90 102 117 116 111 92 81 78 64 57 58 49 52 52 47 48 46 42 44 47
46 49 47 46 51 52 61 70 66 70 74 69 61 63 53 49 47 48 48 46 47 47 48 50 44 42 46
51 50 51 48 49 54 65 68 68 68 72 78 65 58 55 54 54 56 49 48 49 56 54 46 45 52 47
54 61 66 60 68 74 87 91 93 95 99 121 104 78 79 81 83 79 66 54 58 57 65 52 45 53 63
61 81 85 92 86 90 108 104 102 97 100 110 104 75 79 89 88 66 66 56 59 53 52 46 46 49 62
47 59 58 57 59 57 60 60 62 58 60 61 62 54 53 54 53 49 48 50 48 53 48 44 54 48 67
45 46 47 46 49 49 54 55 52 53 52 52 52 50 49 48 52 50 48 51 51 60 50 46 54 63 106
