64 103 61 47 45 45 48 59 52 56 47 52 46 42 48 48 44 43 47 50 48 44 44 44 46 43 48
52 56 42 45 50 44 44 46 50 82 46 45 44 44 44 46 43 43 43 45 44 46 44 42 43 44 48
126 98 50 53 46 44 45 46 58 76 56 47 46 44 44 44 42 44 48 42 43 44 44 44 44 44 48
102 81 48 45 46 44 44 46 50 78 67 48 47 46 46 44 43 44 47 43 44 44 43 44 46 44 45
68 55 46 43 44 43 44 44 46 67 74 48 46 45 43 43 42 43 43 46 43 43 44 43 43 45 45
97 50 52 45 44 44 44 44 45 68 71 52 46 45 45 42 42 43 43 42 44 44 42 43 48 44 43
350 130 56 56 59 53 53 55 68 202 264 122 59 50 45 46 43 44 44 44 45 42 44 48 44 44 46
248 97 58 54 54 58 53 53 63 191 274 202 76 54 46 48 46 46 44 44 45 44 45 42 44 50 46
60 54 52 46 45 45 44 45 47 66 104 82 48 48 44 42 43 43 44 44 45 42 43 45 43 44 42
144 97 53 56 50 48 50 50 56 117 154 138 71 48 47 44 44 43 48 44 44 44 44 44 43 43 44
187 204 63 63 56 53 55 53 71 175 168 178 118 60 47 46 43 45 45 43 46 44 43 44 44 44 45
103 122 52 53 56 50 54 52 52 112 145 152 76 48 46 47 48 44 44 44 43 43 45 44 43 44 44
86 85 47 47 46 45 43 45 50 48 63 66 47 44 45 41 48 44 43 44 42 43 46 43 44 42 44
136 121 65 55 52 48 50 46 59 68 99 128 58 46 44 45 43 48 44 44 44 42 45 43 43 44 46
60 57 50 48 45 45 44 44 48 50 54 66 48 44 45 42 42 43 44 45 45 45 44 41 43 44 45
48 52 46 45 45 44 44 47 44 43 45 46 45 44 41 43 43 44 40 45 45 43 46 44 42 43 44
63 52 54 52 46 45 46 47 47 48 53 52 47 44 44 44 43 46 39 45 48 45 45 44 41 43 45
66 86 59 53 48 48 48 52 56 53 69 69 54 47 46 42 46 44 44 40 44 46 44 47 44 42 47
48 56 54 48 47 46 46 46 45 46 54 52 45 44 44 44 42 43 46 44 46 44 44 44 43 43 45
47 59 57 52 48 47 47 46 46 46 55 57 46 43 44 42 44 44 44 44 44 46 46 42 43 43 44
77 131 123 97 69 67 66 65 63 105 142 112 78 54 46 44 44 44 44 46 45 45 47 42 43 44 46
79 132 142 116 70 68 67 64 70 115 155 132 99 56 46 48 45 42 47 48 44 44 47 43 43 44 46
53 68 95 76 60 63 64 55 53 64 67 69 68 47 46 44 44 43 46 44 43 44 43 43 48 44 48
96 121 150 131 82 79 81 82 89 158 145 158 124 70 47 45 52 44 45 48 48 44 43 45 44 44 50
128 244 255 213 116 110 114 119 122 195 175 191 161 103 56 52 47 46 46 46 43 45 52 46 45 45 47
78 126 173 163 95 85 85 93 93 159 142 140 138 81 50 52 46 46 45 44 46 44 46 48 44 45 52
59 90 123 120 106 105 105 108 116 109 129 94 75 52 46 46 48 44 44 43 45 45 45 43 44 48 45
157 314 466 435 355 334 333 366 372 326 328 319 266 119 57 55 57 52 52 48 47 48 48 48 47 48 52
175 319 399 381 316 298 294 327 340 304 264 236 214 116 64 53 54 50 48 50 48 47 50 46 47 48 50
86 174 276 267 227 215 213 234 216 172 164 138 119 63 48 48 46 47 47 45 45 45 45 45 46 45 47
84 182 254 250 164 152 147 152 169 134 133 120 116 71 48 48 52 46 45 44 45 46 45 45 42 45 52
104 202 253 247 140 136 139 148 203 187 125 123 126 71 52 52 53 46 44 45 45 46 46 42 45 50 48
69 172 157 155 106 97 103 112 130 193 172 119 124 66 48 46 46 47 46 43 44 45 44 45 44 44 46
60 110 154 153 96 89 91 106 116 101 119 99 103 55 46 46 46 46 45 42 44 44 44 45 42 44 50
67 96 139 132 119 116 112 123 152 146 169 140 136 66 47 48 47 45 40 44 48 44 46 45 44 45 46
69 103 140 134 167 163 156 152 155 163 168 142 119 75 48 52 56 53 40 44 50 44 45 45 43 45 48
61 74 121 118 148 141 145 126 92 104 103 83 69 52 47 45 48 46 44 41 45 47 44 45 44 43 45
54 61 88 86 99 96 94 90 66 68 68 60 52 46 46 45 45 46 48 44 44 44 42 43 44 44 45
64 71 126 124 123 117 120 114 88 94 104 78 64 48 46 57 63 53 44 43 45 44 44 43 44 48 45
68 76 131 129 127 119 117 117 123 103 108 77 63 53 46 53 71 55 44 43 45 44 44 43 44 46 46
58 68 119 117 136 125 124 123 120 97 93 66 58 54 46 47 64 48 44 48 46 42 44 43 45 45 46
70 88 144 140 209 198 195 194 212 174 133 93 70 53 47 63 128 52 46 45 45 45 46 46 47 46 50
108 175 243 238 329 312 307 309 370 286 225 170 117 66 54 77 94 54 45 48 48 47 46 46 46 47 52
135 265 233 230 344 320 317 324 348 267 206 172 132 65 52 59 64 48 46 46 48 47 48 46 45 46 50
86 152 140 138 163 152 148 150 130 108 105 80 73 57 46 48 46 44 45 44 45 44 45 48 44 43 46
159 217 200 195 198 190 185 181 182 146 140 133 131 67 55 82 70 48 47 46 46 44 47 50 45 45 50
232 257 233 225 205 195 191 190 190 148 164 148 147 98 60 81 64 47 46 46 46 46 46 46 45 46 48
217 256 271 270 194 184 182 177 152 138 157 152 135 89 52 57 52 46 50 43 46 46 46 45 43 48 53
167 213 205 200 163 154 153 148 123 148 176 136 131 80 61 61 47 47 47 46 44 45 46 45 45 45 52
278 317 303 294 238 224 221 215 198 209 217 190 218 159 76 64 57 52 48 47 52 48 46 45 45 47 53
98 140 134 130 144 135 133 130 114 103 102 84 88 65 50 46 48 45 44 44 44 44 45 43 44 48 53
52 72 66 66 76 72 72 73 60 63 54 48 48 46 44 44 43 44 44 43 43 43 44 43 44 43 57
55 69 77 76 109 103 102 106 80 63 72 61 54 48 46 46 45 44 45 43 45 45 45 44 41 48 52
69 99 109 104 143 141 135 132 101 80 84 68 65 53 48 47 48 45 45 44 48 44 45 46 44 50 45
68 89 86 82 104 104 99 95 71 63 59 57 54 47 48 45 44 43 40 44 50 44 44 44 42 48 46
52 68 73 72 91 90 95 87 59 56 53 52 52 46 45 46 43 43 44 40 45 44 45 44 43 48 43
80 119 102 101 122 118 122 114 75 69 66 61 57 52 47 53 44 46 58 45 53 46 45 46 44 47 47
182 198 138 136 142 136 136 131 90 77 78 74 64 52 50 50 47 44 48 50 47 46 46 44 44 46 48
138 110 84 84 78 75 76 74 64 58 58 57 53 46 45 46 45 42 45 48 46 46 46 43 44 48 47
96 80 71 72 72 69 70 66 58 60 54 50 52 46 44 48 45 47 52 44 47 60 47 46 52 52 46
85 88 92 92 84 81 81 78 64 64 57 56 55 48 47 54 53 58 52 50 52 77 64 46 53 56 50
116 136 117 115 94 91 89 88 72 67 64 59 56 52 53 58 59 56 52 50 48 54 48 46 48 52 53
73 68 67 66 60 57 58 58 52 50 53 48 48 46 44 46 44 45 43 45 48 46 46 45 45 47 55
48 48 53 52 52 48 47 48 45 45 46 42 45 48 44 43 44 43 45 43 45 48 46 52 57 54 73
