43 43 42 44 49 44 43 44 43 43 45 44 45 51 49 49 54 86 281 209 76 53 52 47 46 50 47
43 46 42 43 45 44 44 43 43 44 46 44 43 44 46 45 46 83 109 71 47 46 46 42 46 52 48
43 43 42 43 50 44 43 44 42 43 45 44 44 44 45 46 63 66 72 52 46 44 44 42 43 45 47
43 43 44 42 44 47 44 45 43 44 45 44 45 46 47 47 67 114 178 63 54 46 47 44 44 46 48
43 44 44 41 44 50 44 43 43 42 44 44 44 45 46 46 49 77 138 57 57 47 47 45 43 44 47
43 44 45 44 43 46 47 44 44 44 42 43 44 44 44 44 45 57 64 51 46 44 44 44 43 44 45
42 46 46 43 44 45 44 44 41 44 49 44 43 44 45 45 45 48 100 84 55 48 44 44 45 44 46
43 43 45 45 43 43 44 43 44 41 44 49 45 44 46 47 46 53 102 152 88 55 52 47 44 45 48
42 42 43 44 45 43 41 44 49 44 43 44 44 45 47 46 48 48 77 165 89 55 51 54 46 45 47
43 44 42 44 45 43 44 41 44 49 45 43 46 46 48 51 50 53 83 268 119 84 56 47 48 52 48
43 45 45 45 46 44 45 45 45 46 48 46 47 57 61 66 67 72 181 667 301 285 104 64 62 63 50
44 44 44 44 45 45 44 45 44 45 49 47 46 55 60 64 65 69 140 484 348 321 175 70 62 65 50
43 47 44 45 45 42 43 44 43 44 42 44 50 47 47 50 50 52 62 170 149 155 81 53 50 51 46
44 46 43 44 48 46 43 44 44 44 46 44 46 55 52 53 54 55 98 234 159 147 145 65 55 53 45
43 46 45 43 44 44 44 44 42 44 51 45 44 50 51 54 56 58 83 198 168 142 197 83 58 62 52
44 44 46 45 43 43 44 43 44 43 45 49 45 46 48 48 49 51 54 92 122 124 143 86 51 49 46
50 44 43 44 44 43 45 44 44 42 45 48 46 46 48 50 51 51 58 64 93 153 243 68 50 51 54
44 50 46 44 45 44 44 44 44 44 44 46 50 51 53 58 53 63 66 86 118 237 382 248 69 56 52
43 43 44 43 44 49 45 43 44 43 44 45 43 47 54 51 50 50 53 60 72 149 194 185 61 51 49
43 44 44 44 44 42 44 44 44 44 43 44 47 45 44 46 45 46 46 57 80 78 69 62 44 45 46
43 44 44 44 44 46 44 44 48 44 46 45 44 46 55 52 53 57 75 98 110 113 110 83 52 55 46
43 44 44 44 48 44 45 45 42 43 46 45 46 47 55 59 56 77 126 134 125 123 122 85 54 58 47
42 43 46 44 44 44 44 44 43 43 46 45 46 46 53 61 59 72 108 136 130 102 102 62 51 53 44
46 46 46 46 45 47 45 43 47 45 49 49 48 62 76 84 125 160 226 225 265 220 213 80 66 65 55
45 47 50 46 45 46 46 46 46 46 55 54 56 85 117 192 217 256 264 319 358 334 370 187 86 81 66
45 45 46 45 45 46 46 46 44 46 56 54 54 84 127 217 238 240 265 315 326 302 223 103 80 76 57
44 47 46 45 44 44 45 44 44 45 51 52 53 101 100 157 161 160 135 162 171 174 111 62 62 61 50
44 44 45 45 46 45 44 46 47 46 82 85 89 160 166 168 209 195 142 159 171 194 202 89 69 66 51
43 44 44 44 46 44 44 43 45 49 75 75 78 138 149 140 204 142 116 110 109 112 92 63 59 56 48
47 44 44 46 45 42 44 48 44 44 62 62 64 105 159 138 166 160 121 117 93 73 68 55 58 55 47
44 44 46 45 45 46 44 44 46 45 85 87 89 224 281 228 234 216 198 161 124 84 76 63 64 61 51
46 50 46 46 46 44 45 45 45 45 108 115 121 251 331 229 277 225 178 160 139 97 85 66 66 65 53
45 46 47 45 46 45 44 44 45 45 128 130 137 323 312 228 265 165 162 128 89 78 77 63 65 63 51
50 44 48 44 44 44 43 44 44 44 81 81 85 160 199 144 147 122 127 72 69 73 61 54 55 52 49
49 44 45 44 43 43 44 43 44 42 72 78 76 99 95 101 101 84 79 70 61 63 59 51 49 50 46
42 44 44 44 44 44 47 44 42 43 81 84 86 106 108 109 90 75 72 66 68 76 75 50 55 52 47
42 43 44 44 44 41 44 49 44 42 67 68 70 87 80 81 72 68 65 64 59 66 57 49 50 49 42
43 49 45 42 44 43 44 44 44 44 60 59 62 120 128 145 114 90 79 69 62 58 57 56 55 51 45
43 43 41 44 44 44 49 45 42 44 70 71 72 157 165 145 127 119 115 101 84 71 73 76 58 56 49
43 43 42 44 45 46 47 46 43 43 63 63 65 170 181 148 138 128 109 97 81 70 71 71 58 59 49
43 44 43 44 48 44 42 44 43 43 50 47 50 105 129 109 114 91 74 68 58 53 56 52 52 52 48
43 44 44 44 47 44 46 44 42 44 54 54 55 88 90 83 80 74 75 74 58 53 63 63 57 50 47
44 44 44 48 45 44 45 45 43 44 58 59 58 107 97 87 84 83 89 85 71 70 86 116 121 67 57
44 49 45 44 44 42 44 46 44 43 57 59 60 98 76 74 82 78 79 78 61 62 68 76 74 59 55
43 46 47 44 44 44 42 44 49 44 46 47 48 70 77 88 105 102 74 67 58 60 65 71 95 54 47
47 50 46 46 48 47 48 47 46 46 63 59 59 154 170 197 215 184 142 194 225 314 409 406 617 225 66
50 51 50 49 46 50 53 49 47 47 62 63 64 159 191 220 206 185 228 292 355 491 546 424 703 571 95
45 46 47 46 46 45 46 45 46 46 52 52 52 94 144 166 126 177 200 236 239 244 172 124 241 326 138
44 46 46 45 46 45 46 49 45 44 51 51 53 112 117 113 142 157 163 195 226 249 209 98 169 285 107
46 46 47 46 46 46 43 46 49 46 54 54 54 125 135 129 182 194 179 220 280 194 130 95 117 338 169
46 46 45 45 46 46 44 46 47 45 50 52 53 110 140 163 177 198 189 228 200 107 90 69 75 121 116
46 46 50 46 47 46 44 45 45 45 54 58 56 90 141 277 226 258 287 277 139 102 95 71 75 79 61
46 47 51 46 45 46 46 47 46 44 58 63 60 98 175 311 304 325 343 309 175 142 149 100 98 90 65
49 48 45 45 45 46 45 46 45 48 53 53 54 80 116 205 232 244 217 183 134 110 128 89 78 79 74
51 46 42 44 44 44 45 43 44 48 46 46 47 54 60 77 100 99 90 80 76 75 69 64 66 56 61
46 51 45 43 44 44 46 46 44 44 48 46 46 52 53 63 67 70 69 85 76 78 89 76 72 60 70
52 59 48 46 47 49 47 47 46 50 54 50 50 60 63 89 71 79 86 112 105 122 147 116 113 80 73
51 62 52 53 54 52 54 51 49 48 49 49 50 51 53 70 56 61 64 74 77 83 88 76 73 59 64
48 66 53 48 52 46 48 51 46 46 47 46 47 51 50 54 50 54 58 63 62 65 65 67 60 52 59
60 53 58 48 46 47 52 50 47 45 47 46 48 53 52 55 56 58 62 65 69 83 83 75 79 67 56
63 52 64 52 52 52 54 55 49 48 50 51 51 54 58 60 66 74 72 77 80 116 118 95 110 92 60
61 58 76 71 64 62 60 60 51 51 49 49 50 49 54 59 61 69 59 63 63 73 66 62 68 62 58
49 54 58 57 54 53 48 52 46 44 45 45 46 46 45 48 52 52 51 50 50 56 51 51 49 51 66
45 43 46 46 47 46 44 46 49 45 44 44 44 45 49 49 51 50 50 50 49 55 54 57 58 58 92
