46 47 47 51 56 60 62 65 84 305 749 66 59 325 296 89 79 74 50 46 45 44 44 43 45 46 47
45 46 46 50 51 56 61 63 109 197 236 57 57 234 376 205 134 93 46 51 47 45 45 43 44 46 50
44 44 43 44 46 46 48 46 62 74 60 46 49 63 123 100 65 58 44 40 44 48 44 44 44 47 59
42 42 44 43 45 44 46 51 54 53 46 43 44 46 53 54 47 45 44 44 44 43 46 43 44 44 70
43 42 44 44 45 49 63 72 106 53 48 46 46 47 56 65 50 47 42 43 43 43 47 44 43 44 49
43 43 45 46 48 54 80 147 140 55 50 49 50 53 84 111 76 64 44 44 48 44 45 44 42 43 47
43 44 44 45 48 48 58 87 78 47 47 44 46 53 71 102 80 61 47 46 44 43 45 44 46 44 44
42 44 47 45 46 47 74 86 51 46 46 42 46 50 50 58 53 48 45 43 44 46 44 45 43 42 43
47 46 48 50 62 74 251 263 95 55 55 60 56 56 79 119 108 76 46 44 48 44 43 43 44 42 44
48 46 47 50 58 86 190 160 91 53 56 60 56 56 134 207 207 135 52 43 45 45 44 45 42 44 50
43 47 45 47 48 66 102 79 53 49 46 48 54 49 76 103 113 93 60 46 44 43 44 42 43 45 41
43 49 48 50 56 142 156 131 56 51 48 50 57 52 63 76 79 71 53 44 45 45 42 43 49 44 44
44 44 46 50 61 150 157 117 63 55 52 52 55 56 100 120 142 133 70 46 45 44 44 44 44 44 51
42 43 44 46 46 54 68 53 46 46 46 46 47 45 68 85 93 94 52 49 46 46 44 42 44 49 45
42 43 42 46 49 44 44 45 43 43 44 43 44 48 45 45 44 44 44 49 45 42 44 42 42 43 45
42 43 44 44 53 59 59 47 45 44 46 42 45 50 47 46 48 47 44 48 45 42 43 42 43 44 44
43 43 44 42 45 52 49 46 44 43 44 44 44 44 53 49 52 50 40 43 51 44 42 43 42 44 45
43 43 43 43 45 43 47 51 45 42 44 43 44 44 44 45 46 46 44 43 49 45 42 43 43 43 46
42 46 45 45 47 66 88 69 51 47 46 46 47 46 52 59 53 51 49 44 43 44 43 44 44 44 46
45 47 49 53 68 131 171 129 97 60 58 57 61 66 99 104 99 89 46 45 43 44 50 44 43 44 48
44 44 51 48 57 73 95 91 70 53 53 51 53 59 103 106 102 96 46 44 45 43 44 48 44 44 45
44 46 58 58 96 179 199 157 127 69 62 61 61 73 85 83 81 76 50 39 45 50 44 44 44 45 49
50 54 76 114 266 423 351 322 326 177 108 106 131 199 218 211 206 193 58 47 51 47 46 46 46 50 52
51 55 62 107 247 357 297 317 334 244 129 154 185 259 251 232 230 220 74 54 50 51 51 46 46 51 49
49 70 90 99 162 232 254 258 242 163 111 136 179 232 216 209 207 193 69 62 78 57 46 45 44 50 53
54 77 115 161 257 258 221 230 231 187 168 191 183 187 214 200 200 187 77 53 57 60 46 46 44 46 47
51 57 105 126 225 276 247 243 198 177 209 184 180 192 192 194 196 184 81 58 50 59 47 46 45 45 46
63 58 60 76 153 193 240 235 207 201 259 247 225 252 236 238 240 225 69 68 54 59 51 44 46 49 47
61 76 95 166 283 413 397 386 346 268 268 246 270 257 173 170 165 156 55 50 52 56 48 45 46 46 47
56 75 290 622 287 369 371 368 292 306 278 284 255 304 214 216 211 197 56 58 62 52 48 47 47 48 46
103 115 121 375 325 258 328 332 302 362 294 313 278 306 216 214 213 200 58 56 149 64 46 47 50 47 47
59 73 85 131 178 183 263 335 287 248 245 285 280 293 172 172 166 159 57 48 62 63 46 46 47 46 48
54 79 66 77 103 106 182 197 239 170 156 162 180 185 144 147 140 136 53 46 54 47 46 46 44 48 46
61 50 53 61 97 96 137 181 168 143 137 168 148 156 112 113 113 108 48 46 49 46 45 45 45 48 45
45 46 51 58 57 63 78 121 106 81 75 75 103 136 70 67 68 67 45 47 49 44 49 44 44 46 44
46 46 46 51 57 78 106 110 94 75 65 65 88 89 66 60 58 59 43 44 49 46 49 44 43 44 45
47 49 48 57 59 68 110 109 69 61 62 61 67 118 92 85 85 83 47 44 48 45 43 43 44 44 45
59 103 56 59 74 83 150 184 127 107 97 117 125 157 99 103 99 95 51 45 46 45 45 44 45 45 45
56 50 56 62 69 89 145 166 164 142 109 123 168 170 103 102 105 99 49 46 45 45 45 45 45 44 48
45 54 50 53 58 69 86 109 145 162 109 124 167 116 68 68 66 66 46 47 47 44 45 48 44 45 45
46 65 46 48 51 56 63 106 107 89 63 64 82 85 58 56 55 52 46 40 45 52 46 44 44 43 46
42 46 45 46 46 44 50 69 64 60 50 48 54 55 46 46 44 45 41 43 44 49 49 45 44 45 44
43 44 44 44 45 44 46 45 49 55 46 43 46 45 44 45 44 43 40 43 43 44 49 44 42 43 44
43 42 44 44 45 47 45 55 63 58 49 49 52 50 46 45 44 45 41 43 50 44 43 43 42 43 45
55 49 54 52 56 65 73 121 127 124 119 108 113 93 63 61 60 59 44 44 50 45 44 45 43 44 45
45 53 54 50 51 60 71 108 118 112 92 92 94 82 60 56 57 56 45 42 45 50 45 43 44 42 44
50 47 47 52 54 60 69 89 123 108 123 125 134 115 68 67 65 67 45 45 46 42 44 49 44 43 44
59 64 63 76 90 150 223 319 314 284 309 338 340 278 162 160 159 152 55 52 52 49 46 44 45 46 46
60 68 59 70 83 180 217 281 291 277 298 236 231 179 123 118 120 114 54 47 49 48 44 45 50 46 46
46 49 49 52 59 76 115 110 115 115 127 120 155 111 104 103 107 102 46 48 46 44 45 43 44 49 45
49 52 62 69 81 200 220 223 198 166 164 189 207 156 154 153 155 149 71 51 51 48 51 46 46 46 45
50 54 70 76 177 269 309 282 224 182 184 200 188 175 160 160 159 153 63 56 51 46 47 50 45 46 46
47 48 59 67 89 165 235 223 175 132 120 126 110 110 92 93 92 89 59 46 48 46 46 43 44 49 46
45 50 56 59 69 96 139 176 149 117 108 120 116 123 126 123 127 123 63 48 62 44 46 44 44 45 43
65 51 61 80 105 157 205 187 176 155 146 151 129 130 108 104 104 101 55 55 49 50 46 43 44 45 46
45 46 55 58 59 72 80 74 73 69 70 72 64 60 59 56 53 54 46 44 46 45 42 43 44 44 44
43 48 43 45 51 46 48 46 44 44 46 45 46 43 49 53 51 48 45 45 45 44 45 44 44 44 45
68 67 73 98 123 171 211 216 192 163 162 157 157 176 1160 1148 1181 1129 68 59 61 55 58 50 51 52 52
51 77 49 63 57 62 71 72 80 82 81 83 71 68 71 70 70 75 49 45 47 46 49 46 44 44 44
46 55 55 49 49 50 58 57 57 54 53 54 53 46 50 55 49 47 46 44 44 53 49 48 44 44 44
46 63 49 44 46 44 47 51 46 44 46 46 46 46 46 48 47 48 44 44 45 46 63 55 45 46 46
64 57 49 48 50 51 58 54 53 56 57 60 54 52 69 69 70 69 65 52 56 55 60 50 48 48 48
90 64 68 63 60 62 70 68 68 60 69 66 59 58 63 61 62 62 53 49 52 54 45 47 47 46 46
75 52 52 50 48 46 52 45 46 49 47 48 51 46 47 47 45 46 46 46 48 48 43 44 49 46 48
