43 43 49 42 44 45 45 45 42 46 69 125 100 56 47 46 43 43 43 42 44 44 42 44 50 46 44
43 44 39 43 50 44 44 44 44 45 48 68 63 48 45 46 41 43 43 43 44 41 44 47 44 43 48
43 44 50 46 45 46 46 48 54 48 70 170 161 96 50 45 44 44 45 44 45 43 42 43 44 43 46
42 46 50 45 46 49 50 51 52 51 57 237 233 291 56 48 46 45 45 45 45 43 44 44 44 44 42
43 42 44 48 44 44 45 43 44 45 47 63 87 76 50 45 42 43 43 42 44 44 44 43 43 43 43
43 41 46 49 45 44 46 44 45 46 49 54 118 113 56 46 43 43 44 42 44 44 43 44 41 43 49
46 46 49 45 48 51 51 54 60 52 69 115 330 246 143 51 51 45 45 44 43 44 45 44 44 44 47
46 46 44 45 47 51 56 54 56 52 58 114 272 257 213 55 49 45 43 45 44 44 46 45 44 46 45
43 44 44 44 45 45 50 46 44 45 46 55 108 101 86 55 44 44 44 42 44 46 44 42 43 43 43
44 43 44 45 47 48 49 50 53 49 50 104 154 128 145 74 44 45 45 44 45 46 44 42 43 44 44
44 45 46 45 48 50 54 57 55 50 61 125 173 169 159 145 46 46 42 44 45 44 48 44 43 43 44
43 44 45 44 45 46 47 46 48 49 47 50 82 103 106 76 43 47 45 45 45 42 44 44 43 44 41
42 46 44 42 44 43 44 45 45 44 49 45 47 58 53 45 42 43 44 43 47 44 42 43 43 43 44
42 44 45 44 45 44 47 47 46 44 47 46 60 88 69 49 43 42 44 43 44 43 41 43 48 44 42
43 41 44 49 45 43 45 43 44 44 45 44 50 63 57 46 43 43 53 44 44 43 43 43 44 43 44
43 44 43 43 52 44 44 44 44 44 49 44 43 46 46 43 45 42 44 39 44 42 43 48 44 42 43
42 45 44 43 46 46 46 42 44 49 46 43 46 53 50 46 44 42 46 43 44 44 40 43 49 44 42
43 44 45 42 45 47 46 46 48 46 46 47 53 69 64 50 47 42 46 45 45 43 42 44 48 44 42
43 42 44 43 43 45 46 45 42 45 49 44 45 51 51 44 42 43 43 44 41 43 49 44 42 43 42
44 45 41 44 52 47 58 56 49 47 48 47 58 72 77 58 43 44 43 44 42 43 48 44 42 43 43
45 54 46 48 57 70 130 125 87 61 62 61 102 133 155 115 48 44 45 44 46 42 44 49 45 43 44
42 48 51 50 50 60 93 103 60 56 54 57 88 108 142 105 45 46 46 45 44 44 43 43 44 44 49
43 47 53 48 60 103 124 91 78 63 73 66 82 90 110 78 48 44 44 44 45 43 44 44 44 44 54
52 53 61 58 123 265 291 209 219 127 120 115 146 180 197 137 70 50 47 46 47 46 51 43 45 46 47
54 55 56 68 160 270 302 223 229 106 140 110 147 203 202 170 87 51 47 46 46 47 47 46 45 48 48
51 52 50 50 66 109 154 184 136 96 110 83 123 143 185 113 62 47 45 45 46 45 46 46 43 45 50
54 71 64 52 100 220 269 246 166 145 117 166 171 160 209 135 64 50 45 46 46 46 48 44 45 49 47
66 86 80 84 194 349 410 392 355 290 295 290 310 306 333 253 131 59 51 53 51 50 51 48 48 47 49
68 68 54 66 144 309 325 314 286 261 281 225 264 264 238 181 85 54 50 52 49 48 49 45 46 46 47
81 78 59 48 82 195 202 179 165 146 156 142 142 145 105 75 55 48 42 45 50 46 47 45 45 45 45
53 60 53 50 78 155 176 162 153 153 151 139 145 155 136 131 59 53 47 46 46 44 45 45 45 45 43
58 57 51 49 76 131 178 168 159 163 142 143 163 172 145 178 68 49 50 46 48 46 44 45 45 46 46
53 52 49 49 70 87 156 167 144 187 140 152 177 155 131 140 58 48 51 46 46 46 45 45 45 45 46
48 57 48 46 51 61 110 120 107 113 92 96 95 89 75 68 49 44 44 47 45 46 45 42 43 44 44
53 59 50 49 58 71 121 181 161 168 167 139 132 140 129 96 58 46 46 42 46 46 46 47 45 43 45
51 55 52 55 63 72 119 147 147 157 143 160 121 138 134 90 62 49 47 48 46 44 46 45 45 45 42
56 50 48 50 54 62 95 110 115 116 106 95 97 104 96 65 51 45 46 45 45 44 46 44 46 44 43
53 53 48 46 48 52 68 85 84 100 87 65 60 71 62 51 45 45 44 43 43 44 48 44 42 44 43
59 59 52 47 57 62 78 120 122 127 126 114 96 107 92 67 50 47 45 44 46 45 48 44 43 43 44
110 103 60 49 58 63 74 124 135 142 129 119 104 116 93 70 50 46 46 45 46 44 45 48 45 43 45
140 121 76 47 52 59 65 118 162 129 123 119 99 97 75 60 50 48 43 44 46 45 46 42 44 48 45
122 70 52 46 51 55 61 110 126 128 117 101 88 90 72 58 48 45 45 42 45 45 45 45 42 43 50
256 182 58 53 62 72 95 166 246 207 184 175 160 161 121 86 62 50 49 44 46 48 46 46 43 45 50
216 255 70 52 71 98 137 246 263 253 178 215 216 164 124 98 67 50 48 47 48 48 45 46 52 46 46
116 155 62 51 60 93 131 169 165 184 159 152 140 121 98 93 78 55 46 45 46 45 46 45 44 45 49
67 111 80 63 98 156 178 206 199 187 182 187 188 159 138 141 128 58 46 47 47 48 48 46 46 48 46
82 223 142 131 242 223 223 269 217 176 186 190 187 167 162 170 148 69 49 49 47 49 49 50 44 46 47
57 95 110 125 194 189 192 215 167 129 142 137 151 140 136 137 132 64 47 53 48 46 47 45 46 46 46
54 59 70 54 112 140 151 214 140 127 114 124 148 132 127 153 141 79 47 47 47 48 47 48 46 43 45
59 72 81 133 238 220 209 232 197 156 154 185 223 194 174 194 215 156 56 54 55 51 49 48 48 46 48
53 67 60 93 128 134 159 152 126 104 128 124 133 115 133 174 171 90 64 54 48 50 50 46 51 45 47
46 44 45 47 51 52 53 63 66 56 66 60 63 58 63 63 56 55 65 54 47 55 52 44 46 42 44
44 46 44 46 47 47 52 53 53 56 56 61 59 55 57 58 59 83 116 96 90 88 99 49 52 44 45
44 48 46 47 49 53 60 57 60 62 71 75 72 70 62 62 73 86 102 117 131 102 99 63 50 43 48
42 45 45 46 47 48 50 53 55 56 59 62 54 55 50 51 55 55 60 78 73 69 67 52 49 46 48
44 46 44 45 47 47 51 51 57 59 58 61 56 53 52 54 54 52 57 75 67 70 71 56 49 48 46
46 46 46 46 50 55 61 63 72 74 79 78 69 72 63 74 63 66 66 86 80 83 96 76 55 54 48
49 52 49 52 55 69 78 87 81 103 109 106 81 94 71 91 63 66 65 66 65 64 67 57 48 54 53
49 50 52 49 51 57 61 70 69 67 74 76 67 70 65 65 63 59 62 57 55 58 59 52 49 43 51
51 48 47 47 52 58 63 67 65 68 70 76 72 66 65 67 69 74 78 63 64 80 74 57 59 48 53
59 49 48 50 58 63 69 73 74 78 77 91 89 72 87 89 108 116 98 75 75 108 108 68 74 48 62
50 55 57 65 70 73 80 80 77 74 71 82 82 70 83 92 102 115 78 68 63 72 63 57 61 50 60
47 55 51 55 59 55 58 59 58 58 57 59 60 55 59 69 68 69 56 55 52 56 48 47 54 47 61
44 45 42 47 49 54 60 54 50 53 52 53 53 53 53 63 62 55 48 54 53 54 51 53 60 56 85
