44 45 45 50 48 52 52 51 67 144 166 58 51 64 373 82 50 51 49 44 45 44 44 44 42 44 50
44 43 48 43 45 46 49 49 71 74 52 48 53 51 142 124 78 60 51 45 45 44 42 43 44 43 44
43 42 43 44 44 45 44 47 61 52 44 45 46 46 65 70 52 45 45 41 44 41 43 49 44 42 44
42 44 42 43 45 46 50 50 63 52 45 44 44 44 50 54 44 42 44 40 43 46 43 45 44 42 43
41 44 44 44 46 51 116 107 100 54 47 44 47 47 49 76 59 45 46 45 46 42 42 44 43 44 42
44 44 46 50 47 53 114 198 150 55 50 49 51 51 57 145 159 53 46 48 46 46 45 42 43 44 45
43 44 45 48 46 45 65 88 75 61 44 46 53 47 53 92 108 50 45 45 45 44 47 44 42 43 47
43 44 43 45 50 49 87 138 82 49 48 46 49 47 54 93 83 52 45 45 47 44 46 44 42 43 45
45 49 47 45 49 84 185 198 137 64 59 54 54 56 92 176 145 117 52 49 45 44 45 43 46 48 46
44 47 49 46 47 67 138 141 109 56 51 56 53 53 97 174 166 155 76 46 44 48 43 43 44 42 51
46 46 47 46 49 62 124 118 72 51 50 60 52 50 63 114 127 120 64 40 44 50 44 42 44 42 44
44 48 48 46 55 148 255 260 97 56 55 54 56 57 74 127 149 118 65 47 46 45 46 41 44 49 46
47 46 48 46 52 132 203 196 86 57 56 55 55 57 106 186 258 316 104 49 47 47 43 45 49 45 44
43 44 42 44 43 50 65 57 48 46 45 45 46 46 48 68 101 126 49 45 45 44 44 44 42 44 50
42 42 44 48 46 47 55 61 48 45 44 44 48 45 46 50 52 52 53 45 43 43 42 43 44 43 49
43 44 42 44 56 76 108 62 49 47 47 46 47 48 49 59 73 57 48 50 46 43 44 44 43 44 51
43 44 42 44 55 54 71 57 49 46 46 45 46 50 48 52 94 93 50 50 46 45 46 42 43 45 45
43 44 44 42 45 54 54 47 46 44 43 44 44 44 47 49 50 48 44 44 50 44 44 43 42 44 45
42 45 45 46 49 62 90 81 54 46 46 46 47 47 50 68 71 64 46 42 44 43 43 44 43 44 50
47 51 53 50 74 172 213 197 135 67 62 61 63 71 143 180 135 113 64 47 46 46 44 44 45 46 56
46 50 51 52 63 131 152 138 111 69 56 58 63 81 172 185 180 148 66 46 45 46 44 44 45 46 46
46 47 46 51 72 147 131 98 102 64 53 53 56 63 92 100 102 96 50 42 46 43 45 48 44 43 45
49 58 59 62 152 243 223 153 186 123 76 70 84 125 183 144 163 141 58 46 48 48 46 48 45 44 46
48 56 56 53 144 201 174 153 195 134 85 75 115 143 194 135 147 150 76 49 49 47 44 44 48 46 45
46 51 52 46 58 85 96 92 91 72 61 64 81 120 150 145 134 123 53 46 46 50 45 43 43 47 46
57 82 66 93 133 271 268 292 220 115 115 139 161 183 189 192 145 93 63 56 52 61 51 46 44 47 49
88 80 77 89 170 332 347 280 301 209 195 215 234 276 255 295 204 124 57 68 58 69 62 47 45 46 48
57 72 64 68 110 235 303 279 273 230 247 289 268 279 305 329 231 119 56 56 55 60 87 58 46 49 48
51 62 64 127 145 194 196 212 208 194 185 194 200 230 167 188 110 67 59 53 51 50 52 46 46 46 46
56 56 81 75 129 141 143 152 124 138 123 133 132 159 122 129 103 55 51 50 48 51 45 44 44 45 48
92 83 84 65 114 121 136 134 130 154 134 136 137 156 118 144 82 55 47 74 60 89 47 42 44 48 46
64 76 56 53 62 84 121 119 109 74 81 109 129 144 100 92 55 50 46 50 59 73 44 44 47 46 43
53 66 55 58 64 83 134 202 223 161 145 216 201 219 143 99 64 56 49 50 51 50 46 45 43 45 48
51 64 58 54 69 114 185 253 212 213 191 213 217 228 212 122 69 61 56 53 58 52 45 45 45 45 46
47 51 50 48 53 61 75 96 134 112 138 92 125 140 113 63 57 49 46 46 48 47 44 44 43 44 48
46 51 48 46 51 59 73 80 64 60 60 75 85 113 101 63 48 46 44 50 50 49 44 43 44 44 43
49 65 48 45 50 82 99 95 87 76 70 84 88 101 95 71 52 48 46 48 58 51 44 44 44 42 45
59 67 46 46 50 68 81 78 74 65 58 67 72 77 77 57 48 49 45 45 52 47 43 44 42 43 49
51 52 50 44 45 49 60 66 67 60 57 61 68 65 52 47 43 44 49 46 46 44 43 43 43 43 45
62 65 59 50 53 62 96 123 130 117 93 103 119 103 74 59 58 50 46 51 61 46 46 45 45 42 45
58 81 51 47 50 57 93 113 126 88 79 91 95 74 59 57 50 46 46 43 51 53 44 44 44 42 44
59 85 49 48 50 56 72 95 109 90 96 85 86 76 66 55 50 47 46 64 143 154 46 44 43 43 44
226 503 71 53 61 81 151 168 157 129 132 110 115 111 95 77 62 54 52 95 147 113 52 45 45 45 45
159 229 78 54 62 112 190 212 166 169 153 149 144 123 94 83 65 54 54 75 88 54 47 44 44 45 46
66 118 59 50 54 65 88 127 132 125 138 138 136 104 78 72 56 51 48 67 67 47 45 45 42 44 47
79 193 141 70 75 152 224 258 263 232 215 227 237 192 154 165 110 67 80 128 98 54 47 47 44 46 51
90 184 197 113 105 250 258 295 268 247 243 236 238 206 196 180 133 72 76 101 78 55 48 46 45 46 48
50 78 88 61 63 113 136 165 130 112 118 115 122 116 114 102 84 56 56 68 53 47 46 48 44 44 46
55 68 88 76 97 180 162 172 158 152 144 137 158 128 121 141 134 85 111 134 67 52 47 46 46 45 48
72 71 162 154 177 208 189 180 167 148 149 141 179 138 130 145 156 116 133 139 56 50 45 46 49 46 47
53 72 85 117 172 196 184 177 155 134 129 136 147 111 107 112 114 88 70 64 50 49 48 46 46 45 44
49 49 46 52 63 76 85 100 89 82 78 81 79 77 78 79 76 75 60 50 47 46 43 45 48 44 43
52 63 57 58 93 127 172 170 172 168 137 160 152 132 129 128 98 91 57 55 52 52 46 43 46 49 46
48 55 47 54 68 70 81 100 104 117 103 118 98 90 76 67 59 52 49 49 52 47 43 44 44 44 45
47 48 50 46 49 51 53 60 64 61 63 60 55 58 50 46 45 44 44 47 46 42 44 44 43 44 43
44 45 46 49 47 55 53 51 55 57 57 58 51 52 57 48 45 45 45 41 46 45 45 44 43 44 47
47 53 51 57 58 74 79 84 101 110 108 116 85 76 82 67 57 55 51 53 48 49 47 46 42 44 53
48 64 66 56 60 75 84 94 105 111 117 104 78 71 67 60 56 53 48 50 48 49 48 44 44 44 46
47 54 54 46 47 51 52 62 63 61 62 59 51 48 49 47 49 46 47 46 44 48 50 45 44 42 46
51 56 51 48 48 53 63 63 59 63 63 65 59 52 51 50 50 49 50 45 48 58 58 47 46 47 44
57 78 76 65 70 78 88 93 84 96 93 110 95 69 69 77 69 66 61 55 58 63 63 48 45 51 53
76 95 94 91 78 86 97 99 87 87 89 94 85 64 67 74 68 55 54 53 51 53 56 46 44 48 56
52 57 55 53 55 51 55 59 53 51 54 54 51 49 47 50 48 46 45 51 47 50 47 43 45 52 59
45 52 48 44 46 46 48 51 47 49 51 50 50 48 45 46 46 47 42 47 53 52 48 45 51 60 98
