43 42 44 49 46 46 49 49 50 53 48 46 50 49 112 221 206 60 45 44 44 44 45 44 46 46 47
43 42 46 45 45 44 42 48 63 54 43 44 45 44 46 51 47 49 44 42 44 42 43 44 43 44 49
45 43 45 50 49 44 46 70 99 58 46 45 45 46 51 89 69 47 42 44 43 44 48 44 42 44 45
45 42 43 46 47 46 43 56 83 52 44 45 45 45 50 96 85 51 48 45 41 45 46 44 45 44 43
43 43 43 44 45 45 49 54 59 46 43 44 45 45 46 72 67 44 45 40 44 47 44 45 44 42 44
42 44 43 44 57 53 63 120 112 52 47 45 46 47 53 84 71 49 44 44 47 46 46 44 42 43 45
45 47 48 46 68 73 105 239 228 70 54 59 56 55 116 218 198 74 48 50 46 47 45 43 44 44 47
45 46 46 47 53 52 86 137 112 57 48 50 56 52 103 229 224 112 59 59 47 44 45 47 44 43 48
43 44 43 44 49 56 113 104 77 54 47 46 48 47 58 101 93 60 53 44 44 44 42 44 49 44 43
44 46 45 45 53 85 137 133 122 65 56 50 50 52 108 118 110 110 49 70 44 44 45 44 44 44 50
45 45 46 45 51 96 177 169 146 70 56 53 53 54 128 138 137 145 67 61 45 45 45 42 44 48 45
49 45 44 45 46 55 111 114 62 47 48 51 49 47 74 103 117 120 53 50 45 42 45 49 44 44 44
43 47 44 46 52 90 203 154 66 53 51 48 51 57 55 73 118 79 51 46 45 43 45 48 44 42 44
44 41 48 44 49 66 123 97 63 50 50 49 48 50 60 84 129 110 58 45 45 44 42 44 49 44 45
43 44 42 44 52 54 61 62 48 45 46 42 46 51 50 59 70 69 53 42 43 45 44 44 41 44 50
42 47 48 45 50 55 56 57 46 45 42 44 50 44 45 50 49 51 48 46 39 43 50 44 42 44 43
46 54 46 46 72 108 94 72 57 54 48 48 46 49 61 68 71 48 50 46 42 43 44 44 44 41 44
42 48 49 45 59 80 100 64 52 49 49 46 49 57 78 109 82 62 52 48 46 42 44 45 44 44 41
43 44 44 46 46 52 65 56 49 46 45 45 46 44 54 63 47 48 43 43 44 43 44 41 43 49 44
44 55 45 47 68 107 140 108 86 57 51 50 52 64 81 73 54 49 45 43 44 44 44 44 42 44 49
49 62 56 57 104 226 238 207 138 80 63 72 78 118 168 146 108 61 47 45 46 46 46 45 42 45 50
46 56 54 52 72 143 145 134 94 68 57 62 74 96 150 142 90 56 41 47 51 45 46 45 43 44 46
45 49 56 51 102 147 128 114 114 66 64 63 80 92 104 104 75 50 45 48 48 45 44 44 43 44 51
46 53 69 84 145 174 156 124 130 88 71 69 92 128 116 116 104 76 51 41 46 50 46 44 44 43 46
46 50 61 70 170 184 182 139 133 103 79 84 109 140 137 125 106 78 50 46 47 46 46 44 45 45 45
52 56 46 55 139 164 144 106 94 95 85 101 133 134 136 140 93 53 47 49 46 44 45 44 44 45 44
50 54 52 51 123 223 223 217 172 159 118 167 206 196 226 179 104 58 49 46 47 51 48 45 45 44 46
60 88 65 96 225 356 399 399 371 341 379 356 374 363 344 338 228 94 54 53 51 53 54 50 50 48 49
63 60 55 101 149 310 307 292 310 350 327 292 309 315 281 250 170 77 52 51 50 50 50 47 47 48 50
62 59 56 54 85 154 159 162 200 176 196 169 165 156 128 113 74 54 47 46 46 46 47 46 45 46 46
52 52 47 51 87 109 145 138 137 148 105 123 138 118 103 108 82 52 46 46 46 45 46 44 47 45 43
52 49 53 51 68 103 125 167 132 169 108 112 176 133 107 127 91 52 46 43 46 51 46 45 44 43 44
46 45 46 53 58 72 104 127 106 172 106 103 164 113 121 104 71 52 46 46 44 45 46 45 44 44 45
46 52 48 53 53 65 108 146 119 123 90 94 133 117 99 84 62 50 46 45 43 44 50 45 43 44 43
48 58 48 50 59 77 131 165 155 153 137 141 162 179 166 143 89 56 46 50 45 46 46 45 45 45 46
49 48 48 58 64 82 131 149 166 177 159 189 151 180 173 127 83 57 46 49 44 46 47 45 45 43 46
44 48 52 50 54 70 108 119 126 129 121 110 116 140 110 79 60 50 45 46 46 43 45 44 44 44 42
46 48 47 47 53 53 69 90 83 89 75 67 66 73 66 61 49 46 43 43 45 44 45 41 43 48 44
44 48 54 46 47 59 78 95 85 87 88 82 74 79 72 66 55 46 44 44 45 47 46 42 43 43 44
45 45 50 46 49 61 78 99 94 106 88 80 78 88 76 69 53 46 45 43 44 45 44 44 42 44 48
46 46 49 43 49 60 65 103 134 98 88 79 79 86 77 65 52 47 40 44 50 44 44 44 42 43 46
45 46 47 46 51 57 65 113 119 140 120 96 102 105 76 64 54 46 48 45 46 44 43 43 44 44 45
50 53 51 52 63 80 108 167 261 287 257 226 230 207 146 110 76 56 48 45 47 47 48 42 46 50 46
56 55 51 52 62 93 113 243 262 294 230 261 274 179 133 115 93 59 49 48 46 47 48 46 46 43 48
46 50 46 47 54 65 86 163 139 158 148 134 131 110 97 101 89 60 46 48 46 44 45 44 44 45 45
49 49 48 47 60 81 126 187 153 136 120 128 122 118 119 121 111 75 47 47 46 44 46 47 46 45 43
48 50 49 52 72 130 159 195 157 128 117 125 124 131 130 121 112 75 46 47 45 46 50 46 45 45 44
51 51 49 56 112 171 177 170 186 128 122 125 135 121 145 148 148 84 48 47 45 47 52 46 45 45 44
52 52 50 54 84 173 204 217 185 174 126 127 143 145 155 200 183 114 64 50 49 47 49 49 47 48 46
61 63 55 77 107 273 345 345 262 226 170 176 219 206 213 268 268 184 86 63 51 54 53 48 53 59 50
57 59 52 120 106 231 393 325 163 142 142 118 128 122 148 213 193 100 74 64 51 59 53 48 49 48 51
46 43 48 81 66 62 77 95 72 60 68 62 63 61 67 64 56 64 79 62 58 83 69 51 46 45 46
47 49 51 69 64 56 59 65 59 58 57 63 63 58 58 59 58 85 117 121 163 155 173 63 54 47 46
71 99 78 106 88 81 76 74 69 68 75 78 73 73 61 63 65 78 97 137 168 138 141 82 55 46 52
108 141 96 91 79 91 68 65 64 59 61 71 56 57 53 54 54 54 51 69 76 71 72 60 53 46 50
66 101 70 65 86 69 70 62 65 62 57 61 57 53 55 54 55 51 59 63 66 74 76 61 61 45 48
92 115 85 73 83 93 82 78 80 79 80 75 67 72 61 68 62 59 66 78 80 91 110 84 72 56 51
293 287 156 127 95 110 128 131 105 117 107 103 77 88 71 84 67 66 64 72 63 70 73 62 51 49 49
324 207 125 103 77 84 88 81 72 77 74 68 62 64 61 62 56 54 57 56 53 59 59 56 49 45 52
139 132 82 68 65 74 74 69 65 67 65 66 61 56 63 59 58 58 59 60 59 86 69 58 63 45 51
110 158 90 72 72 78 77 76 72 74 69 73 71 60 65 65 78 77 78 71 73 104 107 66 73 44 60
216 188 142 125 92 91 97 88 78 75 67 73 70 59 68 74 78 79 64 69 63 74 63 55 58 46 58
190 140 102 91 73 62 62 62 57 54 52 54 53 51 54 56 66 57 51 53 49 54 50 46 49 44 61
58 58 58 53 53 52 53 50 48 54 48 46 48 48 48 53 54 53 46 49 48 49 48 46 56 56 81
