43 43 44 44 44 47 46 44 47 73 146 133 48 46 51 45 43 46 44 42 44 43 44 44 43 46 49
42 42 46 42 44 44 44 46 57 117 74 50 44 44 45 44 42 43 47 44 43 43 44 43 44 44 46
43 43 46 42 44 51 49 51 119 183 125 67 52 53 51 46 43 44 39 43 50 45 44 44 42 43 46
42 44 44 44 42 45 54 51 125 180 87 55 51 50 46 49 43 44 45 39 44 50 45 44 43 44 44
42 44 43 44 42 44 51 49 68 85 52 45 46 43 44 49 42 42 44 38 44 49 44 42 43 42 43
42 43 46 44 45 43 50 102 145 127 52 47 48 48 46 46 44 40 44 49 45 44 45 42 43 44 44
44 45 44 44 46 57 67 217 234 237 74 52 59 55 53 50 47 43 45 49 47 45 47 44 43 45 46
44 46 44 43 46 47 72 197 178 140 59 50 56 50 49 48 46 44 42 45 51 46 45 46 42 43 45
43 43 44 44 44 45 60 97 85 63 48 49 47 44 45 46 43 43 43 44 43 43 49 44 43 44 42
45 45 45 45 46 52 189 196 208 162 69 54 54 53 54 52 51 45 46 44 46 46 47 48 44 44 45
49 47 46 45 47 54 200 245 226 200 77 58 62 56 55 54 53 46 44 45 47 46 47 50 44 44 45
45 44 43 44 44 44 65 92 68 59 46 46 47 44 45 46 42 43 44 42 44 47 44 45 43 42 43
43 40 44 46 47 47 63 92 71 50 47 46 46 43 46 50 43 43 44 41 44 48 44 44 43 42 43
44 41 44 48 47 51 63 93 88 57 50 47 45 47 50 46 43 43 44 44 43 44 47 44 44 43 42
43 46 45 45 45 42 50 58 51 46 45 44 45 44 44 42 42 42 47 42 44 44 44 44 44 43 45
43 49 53 42 44 43 46 52 48 46 44 44 46 44 42 43 41 43 43 46 42 42 44 43 44 43 44
41 46 54 44 44 49 58 65 61 48 47 44 46 45 46 45 44 43 44 47 42 43 44 43 43 45 44
40 44 50 44 44 48 59 61 58 51 47 47 46 49 55 45 46 43 44 42 45 47 44 46 43 42 43
40 43 43 46 44 46 54 56 50 49 46 43 44 46 46 44 43 43 45 44 43 43 44 43 43 42 44
43 48 49 45 46 59 99 108 76 55 49 48 49 56 55 54 46 42 44 43 44 45 44 44 42 43 46
46 54 52 48 57 99 168 163 124 81 64 58 66 96 113 76 57 46 45 45 48 45 47 45 44 44 42
45 51 46 43 48 81 123 121 106 68 61 59 68 97 137 99 54 45 40 44 53 47 46 45 42 43 46
45 47 47 48 48 112 190 126 103 67 70 68 71 92 102 86 52 45 45 42 47 48 47 45 43 44 49
50 54 53 50 63 255 266 197 207 118 131 104 152 191 214 192 101 54 50 45 53 57 55 48 44 44 47
50 54 62 53 78 205 287 221 210 107 169 115 156 238 249 221 144 63 49 52 56 56 56 50 45 46 46
57 59 48 50 59 95 138 167 120 88 129 100 150 192 277 199 94 54 48 46 50 50 52 49 44 45 42
49 55 53 47 56 139 190 225 148 119 118 179 187 167 224 183 92 53 52 48 53 54 54 49 44 45 46
60 73 64 53 81 242 324 340 327 270 284 290 317 281 311 308 227 77 51 53 58 65 72 57 46 46 47
61 58 52 51 65 194 235 267 291 231 269 223 244 247 235 230 157 57 51 48 57 59 63 58 45 46 46
76 73 51 46 52 124 180 167 157 134 161 152 148 154 135 125 70 51 47 44 51 50 54 54 45 44 45
50 56 50 47 55 111 173 180 192 178 190 170 165 179 161 168 101 52 49 45 53 60 57 51 45 43 45
52 51 51 50 53 138 204 218 217 186 180 188 196 223 183 213 135 58 50 46 55 62 60 51 45 44 46
49 47 49 53 51 86 172 184 185 200 177 183 193 188 163 168 103 53 49 48 50 56 63 51 44 45 44
45 60 42 44 46 55 75 105 99 103 91 86 95 108 95 84 53 46 46 45 44 47 54 46 43 44 43
47 56 47 46 48 60 94 129 134 133 122 119 142 171 156 134 69 50 48 48 47 51 54 48 45 42 45
44 48 51 46 49 62 93 121 121 134 122 148 125 152 140 115 78 56 46 50 48 51 55 47 46 49 45
45 46 49 45 46 54 74 99 109 108 103 102 104 125 111 81 61 47 47 42 47 54 51 47 44 42 44
42 46 50 44 46 47 59 84 74 88 76 63 64 83 70 59 46 44 44 44 46 44 47 50 44 43 44
45 46 48 45 47 58 66 95 116 133 131 116 110 129 96 78 59 46 46 44 48 50 54 51 46 44 46
45 47 47 46 50 56 66 98 129 152 140 128 123 130 106 82 58 48 46 45 49 51 52 53 49 44 47
46 46 46 48 47 56 63 74 144 140 134 117 116 114 93 70 55 47 47 46 50 50 52 54 44 44 46
44 46 45 45 46 51 61 72 108 128 108 95 93 90 79 71 52 46 46 47 47 50 75 68 42 44 45
48 51 47 49 52 63 78 109 181 200 174 157 152 139 123 98 69 55 50 49 54 106 516 447 45 45 46
48 51 49 48 52 66 85 160 189 231 169 191 192 143 120 100 76 55 50 48 56 150 277 145 45 45 46
46 50 44 46 50 58 72 111 121 163 151 151 140 129 96 98 92 65 48 46 57 132 140 58 44 44 44
52 53 53 49 55 77 155 225 203 193 208 200 216 180 155 174 142 94 59 54 122 319 228 61 45 45 46
54 58 54 54 68 130 271 287 248 187 201 214 212 180 168 196 154 111 81 63 162 237 127 57 44 45 46
52 52 50 50 64 158 206 205 177 143 159 135 134 127 128 135 136 91 74 51 88 75 58 50 45 44 46
50 51 49 49 51 108 167 174 140 140 123 110 118 107 108 134 142 123 118 102 198 108 56 54 45 44 45
53 57 53 54 63 183 232 231 205 160 169 147 154 136 125 151 183 155 159 186 230 85 59 55 50 46 48
53 54 51 58 78 142 224 229 168 108 132 129 116 93 96 112 113 98 95 105 71 60 56 49 45 44 48
45 41 46 60 65 60 69 70 74 60 69 61 68 59 58 57 51 54 53 52 44 46 52 45 42 44 44
44 48 49 56 58 54 57 57 58 55 55 59 56 54 57 52 47 51 56 47 45 45 53 45 42 43 44
53 77 69 95 92 78 76 70 68 67 74 73 70 68 58 56 52 51 50 53 45 46 55 46 44 45 46
63 116 87 95 97 93 74 63 61 61 58 62 60 54 50 50 52 46 47 50 46 45 47 42 43 51 46
57 82 68 67 85 74 70 61 61 56 55 62 53 48 50 50 46 45 46 41 46 51 46 44 44 44 46
72 92 77 71 93 108 93 80 83 82 76 63 63 66 58 60 50 48 48 49 53 47 49 55 45 45 49
200 240 149 128 110 138 144 134 107 111 109 95 71 75 65 71 55 50 50 50 52 52 51 48 49 46 49
264 187 112 107 88 93 106 98 76 76 73 67 59 59 58 56 51 48 48 47 48 50 46 46 49 45 49
131 110 80 79 78 81 91 82 72 74 65 63 57 54 58 54 50 50 59 49 50 56 49 45 44 48 51
100 120 89 81 96 95 99 91 84 83 69 69 64 57 59 58 57 58 66 54 57 52 58 47 45 49 56
231 210 168 151 120 119 123 106 89 81 70 71 67 64 63 65 64 58 55 62 54 51 51 46 44 49 57
191 165 119 107 84 77 71 63 58 56 55 53 52 51 52 56 52 51 52 48 46 46 44 45 47 47 63
59 66 65 56 58 59 57 55 50 52 50 47 48 48 47 51 51 51 45 44 46 43 44 47 56 57 91
