44 46 66 63 46 43 44 44 44 44 42 43 49 44 42 43 43 46 43 44 42 44 49 44 43 44 43
46 56 68 65 54 45 45 45 42 43 44 43 44 42 44 46 41 43 43 43 44 42 43 47 44 43 47
66 115 293 219 67 56 55 52 48 45 44 44 47 45 44 44 42 44 42 43 44 43 44 43 43 47 46
53 82 191 93 51 49 48 47 46 44 44 46 45 44 44 43 43 44 44 43 44 43 43 44 43 44 46
47 49 76 48 46 46 44 44 42 43 44 43 44 47 44 43 43 43 44 42 44 43 43 44 42 43 48
79 118 138 63 50 47 49 47 45 44 43 44 47 44 44 44 43 42 44 42 44 44 44 44 44 44 47
168 270 217 68 59 60 57 56 50 45 45 43 44 44 44 44 43 42 44 43 44 44 44 44 46 44 47
128 190 123 57 53 52 52 50 50 45 43 43 44 43 44 41 47 44 43 43 43 44 44 44 43 44 45
138 115 62 50 48 48 52 47 44 43 44 44 44 43 40 43 43 43 50 44 43 44 42 43 44 43 44
278 242 117 64 65 58 57 56 49 44 44 44 44 43 44 46 43 43 43 49 45 43 44 42 43 44 44
325 358 181 72 70 69 64 62 54 44 44 44 45 44 44 44 44 44 43 50 46 43 44 43 43 45 45
107 158 78 49 51 55 50 48 46 43 43 44 44 44 44 44 43 49 44 43 45 42 43 44 44 44 42
197 272 92 60 58 57 56 56 47 45 49 44 43 44 44 44 43 43 44 49 44 44 44 42 43 44 44
176 260 106 63 59 57 56 55 47 45 48 44 43 43 44 44 40 43 49 44 44 44 43 43 44 43 44
100 93 57 50 49 48 44 46 51 44 42 44 44 43 44 43 43 43 44 43 45 45 45 43 50 44 42
49 45 45 44 44 44 42 44 49 44 42 43 44 43 44 41 43 43 44 40 44 41 43 49 44 42 43
59 54 48 46 46 44 46 42 44 49 44 42 44 43 43 44 42 41 47 43 44 43 44 41 44 49 44
67 53 50 45 48 45 47 42 44 48 44 42 44 43 44 44 43 42 47 44 44 44 41 44 49 44 42
53 50 47 43 44 44 44 44 41 43 49 44 42 43 43 43 42 43 43 44 41 43 44 43 43 44 43
101 76 56 50 49 46 47 46 45 44 41 43 50 44 42 43 42 44 43 43 46 43 46 44 42 42 44
4095 849 703 435 380 355 333 317 196 74 52 50 52 54 51 53 51 52 52 52 54 56 54 54 52 53 58
186 251 242 85 72 69 69 67 53 46 49 44 43 44 43 44 48 44 44 47 44 44 45 42 44 49 45
161 179 234 80 67 65 64 63 54 43 44 49 45 42 44 43 43 44 46 43 44 43 44 44 43 44 49
333 343 373 220 129 104 98 91 69 48 45 43 45 50 45 44 45 44 44 43 44 45 45 45 42 44 51
582 607 629 375 293 213 171 145 99 54 44 46 50 46 45 46 45 45 46 46 46 48 45 46 49 47 48
313 443 544 366 301 237 165 129 91 52 46 45 46 47 46 44 45 43 46 49 46 45 46 44 45 47 47
301 341 280 219 175 156 123 98 72 49 44 44 46 45 43 44 44 44 42 44 50 45 45 44 43 44 46
285 367 354 287 224 248 239 186 95 50 45 45 45 45 48 46 44 45 50 46 45 45 45 45 45 45 47
276 355 374 278 254 243 239 196 101 51 46 45 46 47 46 45 43 46 44 50 46 45 46 44 44 46 46
276 308 300 227 204 212 191 136 82 50 45 44 45 44 45 48 44 45 44 50 46 44 45 44 44 46 46
281 303 389 260 227 213 227 185 98 51 45 45 44 45 49 45 44 49 45 44 45 44 45 45 45 45 47
287 345 334 228 181 210 264 295 161 53 45 45 45 45 45 44 45 48 46 44 45 45 46 46 44 45 49
159 267 202 141 123 145 186 189 126 50 46 45 43 44 45 45 41 44 49 44 44 44 44 44 44 44 45
81 96 129 96 86 108 153 131 78 45 44 47 45 44 44 44 42 43 48 44 43 43 43 44 44 43 44
94 86 110 104 100 105 141 149 133 47 42 43 44 44 44 41 45 43 44 40 44 44 44 47 44 43 44
123 111 140 145 147 138 161 150 138 55 45 43 44 44 44 44 43 44 45 43 44 41 45 43 44 47 46
140 139 171 180 161 150 158 141 112 54 45 43 44 44 44 44 44 44 45 44 45 44 43 44 47 45 44
170 138 163 184 173 160 149 130 81 50 48 44 43 43 44 44 43 44 44 44 45 43 45 45 44 43 44
195 166 199 238 235 220 208 214 133 52 43 45 49 44 43 44 43 45 42 44 49 45 46 45 43 44 46
220 197 243 267 255 240 248 272 146 56 44 44 45 44 45 43 49 45 45 45 46 45 46 45 48 45 45
225 199 259 296 311 294 280 301 134 54 49 45 44 44 45 45 47 46 45 48 46 46 46 42 45 50 47
138 116 135 178 230 221 177 159 112 49 45 49 45 43 44 44 43 43 46 42 44 45 45 44 44 44 45
192 137 175 206 234 236 204 218 170 66 45 49 45 44 45 44 44 45 46 43 45 45 45 47 43 45 49
207 145 199 223 257 259 244 228 199 79 45 45 48 45 45 45 44 43 44 44 45 46 45 45 46 46 46
195 145 191 223 263 258 228 221 138 54 45 44 45 44 45 45 44 43 44 45 46 45 43 45 50 45 45
194 154 172 215 260 267 275 263 199 68 44 44 46 44 45 47 44 45 44 44 46 46 46 42 44 50 46
496 409 319 267 340 355 326 354 237 96 46 46 44 46 50 46 46 46 49 46 46 46 47 46 46 44 49
570 489 470 423 316 319 306 352 193 65 47 44 46 50 46 46 46 46 46 51 47 46 48 46 46 47 48
246 268 280 272 309 222 202 241 182 69 46 45 46 43 46 50 45 46 45 48 46 44 46 45 45 46 45
302 361 327 341 332 336 268 265 229 93 46 46 44 46 50 46 45 45 46 46 52 47 46 46 46 47 49
266 351 333 334 327 357 319 307 251 93 46 46 46 46 44 46 46 47 46 44 46 46 47 46 44 48 53
201 207 293 360 359 358 362 266 193 72 46 46 45 45 46 45 44 46 48 46 46 46 46 46 46 46 48
170 172 183 243 338 410 474 330 146 59 46 46 49 46 44 45 46 45 47 46 45 46 47 46 46 45 48
181 195 204 254 383 462 536 279 140 58 45 46 46 46 46 44 44 45 46 43 47 49 48 48 46 46 48
91 110 100 112 147 166 150 116 74 50 45 44 45 44 44 44 43 43 44 40 45 50 45 43 44 44 46
52 56 56 59 65 64 67 63 53 44 44 43 44 44 44 44 43 45 42 45 43 44 51 44 43 44 47
54 56 55 57 63 61 58 56 58 47 44 45 44 44 44 48 42 44 46 44 46 52 51 44 45 42 49
79 98 77 73 76 74 75 68 57 49 47 49 47 45 43 48 43 45 42 44 51 46 47 44 43 43 49
133 115 95 78 72 68 68 66 56 47 46 44 46 48 45 44 43 44 45 45 42 48 53 45 44 44 47
88 74 65 61 61 60 62 58 50 47 49 46 44 44 46 46 48 46 46 49 51 60 54 46 45 46 51
70 69 62 59 61 59 61 57 49 48 45 45 46 42 48 54 49 49 50 50 55 63 65 49 46 46 56
100 93 84 74 70 68 69 64 55 47 46 48 47 43 48 48 49 47 51 47 49 53 49 46 44 46 60
104 107 84 71 65 62 62 60 52 47 43 46 48 44 44 45 49 44 44 46 46 46 46 45 46 52 61
54 48 52 55 50 50 50 47 46 45 45 44 42 44 50 47 48 45 44 46 44 47 51 49 56 59 88
