44 44 45 47 46 45 47 47 48 49 60 448 498 78 60 130 108 79 53 50 51 49 47 46 44 46 47
42 42 48 44 42 43 43 43 44 42 44 57 52 45 44 43 45 45 44 42 44 47 44 42 43 42 49
48 44 42 43 44 43 45 44 44 46 48 60 63 72 53 49 69 71 49 41 44 42 44 49 44 42 45
42 43 43 43 44 43 44 42 44 50 46 49 54 54 52 51 74 83 58 45 44 44 41 43 49 44 43
42 44 44 42 44 43 44 44 42 44 50 45 46 49 47 48 56 80 51 44 44 44 43 43 47 44 44
43 46 44 42 44 43 43 44 43 44 48 44 45 45 44 45 63 57 44 46 44 43 44 43 45 44 42
43 43 40 43 46 44 48 46 43 44 49 47 51 44 49 61 145 146 54 51 46 45 42 43 49 44 43
42 44 40 43 50 45 45 46 45 46 48 51 53 51 51 67 163 256 100 62 48 42 45 50 44 43 44
40 43 49 44 44 44 43 44 44 44 45 43 46 48 46 45 69 106 71 48 46 44 39 42 46 44 42
42 44 44 44 52 48 50 47 48 49 50 48 50 48 49 60 82 90 103 58 45 47 44 46 44 42 43
42 46 46 44 54 59 87 95 99 103 105 96 96 83 74 87 107 131 171 150 51 47 47 45 44 44 44
43 42 45 52 46 46 48 49 50 54 66 66 75 63 64 87 104 138 190 172 48 46 46 45 42 44 48
44 44 48 44 44 45 44 45 51 49 48 51 50 48 48 48 76 104 136 62 44 44 45 44 43 44 44
45 45 45 47 45 50 62 62 67 72 92 113 103 89 77 75 170 286 338 116 52 49 49 45 44 48 46
43 46 44 44 47 47 50 48 49 52 59 55 59 54 58 65 117 184 300 96 49 49 46 43 43 44 44
42 49 43 44 44 44 46 44 46 45 43 44 45 44 44 42 43 46 55 70 45 44 44 42 43 43 43
44 46 49 46 51 54 56 64 53 61 54 54 49 50 46 47 50 61 76 82 54 44 47 44 42 43 44
46 49 46 45 47 51 55 54 59 61 57 55 51 59 56 49 54 56 83 76 53 44 46 44 42 43 44
42 43 50 45 44 45 45 45 46 46 43 44 46 46 46 42 44 47 64 51 47 44 42 43 43 43 44
43 43 46 51 46 46 46 47 47 44 46 44 45 46 45 46 46 57 66 51 46 44 42 43 48 44 42
44 47 46 47 52 60 68 74 66 72 74 69 62 58 58 90 86 170 140 98 53 47 47 42 45 49 45
45 46 44 47 51 50 51 51 53 56 62 59 56 60 64 164 114 192 179 98 60 48 47 48 45 43 44
42 44 43 43 47 46 47 47 47 52 50 46 49 51 63 68 77 95 93 66 51 45 42 44 49 44 42
45 44 46 47 50 62 64 71 80 81 84 71 62 64 110 84 87 97 103 90 68 48 46 45 48 45 43
44 44 48 54 52 68 71 72 101 95 96 80 82 81 122 104 107 95 107 118 85 53 54 46 43 44 44
44 45 41 44 51 47 48 51 56 52 59 58 68 86 108 117 102 140 120 105 64 49 51 45 43 44 44
44 46 42 46 51 50 53 59 64 77 79 93 106 147 145 185 177 179 144 104 78 52 53 51 45 44 46
49 59 63 56 62 88 131 171 175 194 231 233 244 329 293 362 349 352 290 231 108 87 73 51 48 53 54
45 48 54 52 52 62 77 111 130 127 167 218 214 294 241 277 234 224 178 127 77 70 62 49 48 48 56
44 42 45 50 46 46 50 51 52 59 72 100 122 145 110 131 114 113 68 57 51 49 54 44 43 46 45
44 45 48 53 47 50 63 75 70 82 77 97 139 107 97 123 94 95 76 60 51 51 50 45 45 44 46
49 54 50 53 52 58 72 93 87 90 89 106 140 121 108 132 104 100 75 59 53 52 52 46 42 44 54
49 46 44 45 44 48 62 74 84 83 84 101 120 113 102 118 94 94 66 55 51 50 51 43 44 52 59
46 48 45 45 48 47 53 61 60 68 87 123 168 172 161 176 130 88 62 56 53 54 53 46 45 44 46
46 48 45 50 60 65 86 114 107 124 144 165 209 265 238 206 155 146 76 74 62 61 61 46 45 46 47
45 48 50 49 62 86 112 111 113 113 121 150 172 234 202 173 132 105 66 65 63 61 65 50 57 49 46
44 44 46 42 46 54 54 53 57 57 62 72 93 172 119 116 99 74 54 51 56 50 50 49 64 48 46
43 44 44 46 45 50 55 54 53 56 57 60 65 90 71 68 68 63 57 47 48 47 52 59 51 44 44
46 45 49 61 66 73 77 80 73 72 76 69 76 83 67 70 67 66 62 50 49 53 113 143 55 44 45
45 47 49 54 62 70 71 77 77 70 77 77 74 76 67 72 67 60 54 53 51 58 134 173 51 44 44
43 44 50 45 47 49 50 52 57 57 66 78 74 88 77 65 60 52 50 43 46 57 84 93 45 42 44
44 46 46 47 51 64 76 106 124 134 155 130 168 165 121 108 82 65 60 58 59 152 262 67 48 46 45
54 57 52 55 83 157 163 192 188 183 195 179 191 212 151 149 116 84 70 72 79 302 609 63 48 46 46
67 46 49 53 55 74 86 110 109 122 128 140 141 159 113 116 94 68 61 59 77 198 162 51 44 44 46
47 51 51 49 56 62 69 73 72 84 89 100 94 92 87 84 77 67 52 56 84 145 88 46 43 43 45
68 47 55 60 73 85 88 100 103 101 89 95 100 103 95 110 104 94 62 83 145 232 121 52 45 43 45
64 46 53 56 86 116 115 129 106 109 103 106 99 114 110 119 119 100 69 128 178 220 81 46 45 49 46
53 46 46 52 56 63 68 73 73 73 85 93 118 113 123 146 151 104 83 126 156 109 56 47 42 44 50
48 52 50 50 60 76 88 115 127 138 153 162 198 192 180 215 211 157 215 251 346 239 72 52 45 46 51
61 55 56 60 85 187 179 191 173 162 178 185 229 181 190 222 242 210 254 310 322 133 71 56 47 44 49
49 55 56 55 67 92 108 113 100 93 96 106 129 122 124 138 182 172 158 134 88 60 56 47 42 45 51
44 46 42 45 46 50 70 64 55 58 56 61 65 65 65 72 91 119 106 80 53 48 47 42 44 49 46
46 49 46 46 50 58 74 78 71 67 67 78 77 76 76 108 144 154 150 123 60 52 50 50 45 42 46
43 48 42 44 52 52 53 58 53 56 62 63 62 69 67 76 85 84 76 69 54 48 46 45 43 45 46
43 51 44 41 44 51 46 46 46 46 50 59 54 53 54 55 54 53 49 51 47 46 46 46 44 43 45
44 45 44 42 45 50 46 45 46 48 51 52 50 51 57 53 50 49 49 53 53 47 44 45 42 44 49
42 46 46 45 45 52 56 53 56 60 63 71 70 70 76 75 59 60 61 70 56 54 52 46 44 45 52
45 50 54 50 52 60 60 63 72 75 82 93 81 85 85 70 66 61 58 65 53 54 52 45 44 42 56
44 56 49 45 46 48 53 57 50 61 63 66 61 62 57 55 52 52 54 54 50 49 50 44 43 45 50
48 51 46 46 45 47 59 54 49 53 56 63 62 60 58 58 58 52 61 46 50 63 55 46 44 46 52
47 52 54 48 56 55 62 68 62 67 75 90 96 80 84 87 87 74 85 65 64 66 74 50 46 56 62
47 61 63 62 63 70 74 75 70 74 79 89 92 72 83 98 97 70 83 64 58 58 60 47 46 52 66
49 46 48 49 51 52 50 53 54 52 55 57 53 51 55 57 57 53 52 51 52 48 48 45 44 47 68
43 44 44 44 46 50 46 44 45 52 49 46 49 48 48 51 54 48 47 48 47 48 46 46 55 60 97
