44 46 46 45 47 49 57 57 60 278 83 49 50 46 51 58 336 761 187 53 49 45 46 45 46 45 47
44 46 43 43 44 42 45 49 50 63 46 42 44 45 44 44 53 93 51 42 44 43 43 44 42 43 53
42 43 44 43 45 48 47 50 72 88 51 48 46 46 44 48 59 74 83 44 47 43 43 44 44 44 45
42 43 44 42 44 48 49 47 63 68 47 46 45 45 45 48 54 72 83 44 50 44 44 44 42 43 45
42 43 43 43 44 44 48 48 52 48 43 43 45 44 44 42 46 53 84 40 44 46 44 46 44 44 45
42 44 44 44 43 45 61 77 82 52 44 44 46 45 46 45 45 59 59 44 44 44 42 42 43 43 45
44 46 46 45 44 47 62 117 161 94 50 54 52 47 49 49 84 148 70 50 45 45 44 42 43 44 45
44 45 40 44 46 47 52 101 99 62 50 44 50 52 48 51 119 208 105 52 46 44 45 43 43 44 44
42 44 42 43 44 44 54 74 61 53 46 44 46 45 45 47 61 76 66 44 46 44 42 43 48 44 43
43 45 45 44 46 48 94 100 98 70 52 52 51 47 49 71 90 93 103 49 46 44 43 44 47 44 42
44 46 45 43 47 53 143 143 128 86 61 53 52 53 58 96 118 118 171 63 47 44 44 42 44 49 45
48 46 44 44 46 47 90 112 87 56 49 49 52 49 50 85 106 123 209 49 46 44 47 45 42 43 44
43 48 42 44 52 60 156 191 115 57 51 51 53 56 51 62 88 112 92 46 46 42 44 48 44 43 44
45 47 46 44 51 69 215 238 176 70 58 59 59 56 62 147 237 336 192 49 48 45 45 48 45 43 45
43 44 48 44 44 46 57 62 58 49 48 51 47 47 48 70 161 270 107 44 45 44 44 44 43 44 47
42 42 44 48 45 43 65 57 48 46 46 44 45 45 45 45 52 56 52 42 43 44 44 44 41 43 48
43 49 46 44 46 55 76 86 59 49 44 46 52 47 46 57 86 64 56 46 43 42 44 43 44 41 44
42 44 47 44 46 46 59 67 52 49 46 43 46 47 49 62 75 84 54 50 43 42 44 44 43 41 44
40 43 52 44 44 46 46 50 46 44 45 41 44 49 45 47 47 46 43 43 44 43 44 41 43 51 44
42 47 45 44 46 53 65 77 56 46 46 44 46 46 48 56 51 48 49 44 42 43 44 43 44 41 44
44 52 46 45 50 71 108 150 119 63 54 52 54 58 86 116 91 62 48 45 45 44 44 44 41 43 50
44 47 45 44 47 63 74 88 85 54 50 50 52 56 113 118 81 57 43 45 46 46 44 43 44 42 43
44 46 45 42 50 86 92 74 83 58 50 50 51 62 81 75 63 52 40 43 45 45 44 43 45 44 45
45 53 46 49 62 117 106 95 108 82 61 56 62 87 95 95 84 78 49 48 46 45 45 46 46 47 43
45 50 46 47 69 139 135 93 111 81 61 58 72 81 119 109 110 78 60 47 46 46 43 45 44 44 45
44 46 44 46 49 80 83 86 67 54 52 62 57 68 102 100 96 93 48 50 46 44 46 44 44 44 46
46 56 46 48 89 169 184 160 106 81 71 85 101 122 128 156 115 71 53 52 51 44 46 44 43 44 44
75 87 60 64 178 289 288 337 268 190 199 225 224 262 255 287 221 127 61 60 59 59 63 77 48 46 49
58 72 55 78 145 226 232 273 243 197 218 194 249 263 204 200 124 75 57 57 55 47 51 57 46 46 46
49 58 58 53 75 131 161 172 127 127 136 142 120 151 108 96 62 56 49 52 50 46 45 45 45 46 46
47 57 62 64 78 92 122 107 97 150 127 115 107 123 86 95 66 52 48 50 52 45 47 45 42 43 46
49 59 49 55 76 86 119 155 151 105 124 140 142 159 113 128 66 54 51 50 51 46 50 50 46 43 45
46 56 48 49 61 69 108 134 142 112 120 134 125 141 111 118 68 53 49 47 49 48 46 46 45 44 44
48 59 49 52 62 78 150 189 162 171 141 168 163 174 123 92 61 56 50 52 50 46 46 45 47 45 44
55 80 55 59 75 118 238 268 285 273 299 266 276 288 258 214 82 70 60 58 58 48 47 47 44 46 51
48 64 49 49 58 83 132 132 114 145 140 164 161 171 158 102 60 57 49 54 50 52 46 45 45 42 46
43 52 53 48 50 71 95 82 82 71 78 83 92 112 103 69 49 49 46 49 46 47 45 44 44 43 45
46 55 51 49 47 67 74 70 70 63 61 66 69 80 65 60 46 46 44 45 51 50 45 41 43 48 44
59 77 50 52 54 82 79 82 71 70 68 67 66 70 65 61 46 47 45 51 63 59 46 42 44 47 45
76 103 56 52 55 78 81 94 82 80 73 72 71 75 64 64 49 47 47 56 71 56 45 45 41 44 49
57 72 50 45 54 70 83 94 93 74 76 84 83 75 63 55 48 50 46 58 59 44 44 43 43 44 43
68 127 52 56 63 74 108 162 183 158 166 152 157 131 93 69 57 54 46 107 129 50 44 45 43 44 46
351 940 91 60 75 123 186 270 286 244 261 246 230 205 135 104 75 68 64 246 232 52 53 50 46 46 49
129 295 80 55 70 133 175 234 223 239 236 241 217 172 108 98 67 63 61 76 74 47 46 46 46 45 48
54 91 55 57 54 78 85 107 109 109 112 118 106 87 68 75 58 52 49 64 54 45 44 44 43 44 47
55 126 93 54 84 112 107 116 112 111 99 110 106 89 82 92 81 57 58 107 79 46 45 44 44 45 45
54 118 119 51 131 132 101 118 112 117 106 103 100 102 96 89 84 62 60 94 80 48 46 45 44 47 46
47 97 76 51 110 102 101 121 95 93 99 104 125 126 115 102 76 57 47 66 59 45 50 44 44 44 44
55 81 66 70 169 214 238 261 186 178 207 184 221 204 215 225 168 132 71 119 90 50 47 47 46 46 49
61 90 87 138 321 286 327 321 249 194 238 221 263 228 241 234 200 174 114 134 78 47 49 53 47 47 54
52 67 54 99 196 186 212 237 149 128 119 125 134 113 120 116 102 88 69 62 53 50 46 46 46 44 49
46 50 46 52 80 72 77 94 82 80 71 82 84 68 64 68 58 63 56 46 46 49 44 45 44 42 46
47 52 51 55 64 85 105 90 103 113 91 131 119 110 101 100 80 78 56 54 46 46 49 45 46 45 46
46 53 47 53 74 62 66 77 83 110 93 123 106 91 77 66 58 54 51 48 46 46 44 44 46 45 50
47 55 46 44 54 50 56 68 77 68 80 83 69 62 52 53 46 46 45 51 46 43 45 45 42 44 50
44 46 44 46 48 54 60 55 61 63 66 65 60 55 52 50 46 46 44 47 44 44 45 44 43 47 51
43 50 52 49 53 63 66 69 80 87 86 92 77 70 71 63 55 51 48 54 49 47 47 44 44 47 56
46 60 58 54 59 72 84 85 93 109 106 100 87 77 71 60 55 56 48 50 49 49 48 46 44 46 54
44 53 51 48 50 53 63 71 66 67 73 70 60 58 50 51 50 48 46 45 47 50 49 45 43 45 54
44 50 49 46 50 58 64 64 65 67 68 71 62 53 53 56 56 52 50 48 49 59 55 46 44 47 52
46 54 59 58 65 67 76 78 79 88 84 98 87 71 72 71 75 74 66 58 58 60 70 47 45 54 67
47 69 71 72 76 88 91 92 85 84 86 97 86 67 71 81 83 67 66 57 54 54 51 45 47 51 74
44 49 50 51 58 54 53 56 53 54 56 54 53 49 52 54 58 49 46 50 45 50 47 44 48 46 70
43 46 44 44 47 46 49 48 49 55 51 48 48 47 47 48 50 47 51 48 47 53 47 48 58 63 100
