42 48 44 42 44 43 44 45 48 102 106 58 52 50 49 44 44 42 46 50 49 46 46 45 48 45 43
43 43 40 43 42 44 49 46 76 97 54 45 46 44 45 44 42 42 44 50 44 43 44 42 43 46 46
44 43 46 44 46 43 45 101 210 163 68 50 50 50 47 46 44 44 41 44 44 44 48 44 42 43 49
44 42 43 45 45 44 42 62 90 180 58 48 50 48 49 44 44 43 44 44 45 44 44 43 49 45 45
42 42 43 44 45 44 42 45 52 78 50 45 46 45 45 42 44 43 44 40 44 42 43 48 44 42 46
45 45 43 43 50 43 44 42 50 83 75 52 52 49 50 46 43 43 44 44 44 44 44 43 42 43 45
44 43 44 44 44 45 45 46 54 103 101 83 65 58 60 50 45 43 45 49 46 45 45 42 43 44 45
44 45 44 46 45 43 44 45 46 73 88 81 67 60 57 48 43 46 44 47 48 45 44 44 43 44 45
42 45 42 43 45 44 44 42 45 54 78 67 57 54 54 45 43 43 47 44 44 44 41 43 49 44 42
44 46 45 42 44 45 48 52 54 89 260 249 186 133 131 57 52 51 47 51 46 48 49 42 44 44 45
44 48 46 46 46 45 50 58 63 96 271 335 289 237 198 67 59 56 51 54 49 51 51 43 45 50 47
47 44 45 44 43 44 46 47 50 50 103 160 121 106 96 51 46 47 47 46 46 43 46 49 44 44 46
43 46 46 44 44 43 50 47 47 52 95 102 94 97 86 50 44 46 46 45 46 42 45 50 44 43 45
43 42 46 43 44 49 46 49 52 56 112 124 121 123 115 53 49 48 46 46 46 46 45 44 49 45 45
43 44 44 45 44 44 46 48 50 52 105 108 114 125 113 60 47 46 48 44 46 46 46 44 42 44 50
43 42 44 47 45 42 45 46 47 50 70 82 93 93 87 52 45 46 51 47 44 44 44 43 44 43 46
45 45 43 44 45 44 48 51 57 57 109 127 137 165 157 63 51 50 52 48 45 47 47 44 44 42 49
44 45 44 45 49 46 48 54 60 64 142 153 174 217 218 84 56 53 50 55 50 49 50 44 44 45 46
43 44 44 41 45 49 46 47 50 50 76 79 86 92 100 59 48 47 44 44 45 45 46 43 44 47 46
43 46 44 43 45 43 45 47 48 50 71 74 80 84 85 54 46 50 46 44 46 44 45 45 43 43 47
45 43 46 43 44 45 45 47 50 53 84 89 89 91 92 78 54 51 46 45 46 45 46 45 43 44 50
44 44 45 43 45 47 47 52 53 81 105 107 104 107 106 111 59 50 44 48 50 48 49 46 42 44 49
43 44 44 44 44 44 46 50 59 82 109 106 104 109 110 73 52 54 42 46 51 47 48 45 42 44 45
44 45 46 46 45 47 58 75 103 219 273 267 264 285 291 242 72 69 59 54 55 63 57 50 47 44 47
45 47 51 46 46 50 63 89 208 326 328 327 321 347 355 367 96 78 63 61 62 62 60 49 46 46 56
46 44 47 46 45 47 59 82 167 231 250 251 251 268 273 199 72 63 56 60 55 57 55 46 46 52 57
45 48 45 43 45 47 64 102 106 119 145 146 154 161 161 122 67 56 51 50 49 53 50 45 45 43 45
43 46 45 44 45 57 147 164 133 160 140 140 146 156 158 126 70 54 54 51 50 51 49 46 49 47 46
44 44 54 43 46 87 162 141 127 142 133 132 134 143 147 97 57 57 52 54 49 50 50 46 42 45 50
44 43 45 43 44 65 117 122 144 147 128 127 127 136 137 65 56 52 48 50 48 48 49 42 45 48 46
50 46 51 45 45 68 138 240 264 250 204 213 215 227 231 81 63 61 55 55 53 52 54 46 46 46 47
46 52 58 50 53 78 163 288 349 327 224 225 235 255 253 95 69 64 57 56 55 60 56 49 46 44 49
44 45 49 47 47 56 85 241 317 296 204 206 205 221 226 80 61 59 54 55 53 55 54 48 48 46 50
45 44 44 42 45 46 60 172 197 178 126 125 127 132 132 65 53 51 49 49 49 50 46 45 49 44 45
43 42 44 49 45 50 62 109 124 109 81 82 86 86 88 73 57 50 54 48 46 47 45 45 45 44 45
44 44 44 42 44 51 87 130 130 110 88 89 87 94 100 76 62 51 50 48 46 47 47 45 45 42 46
42 44 46 44 46 51 75 118 131 118 82 78 83 90 87 56 51 48 46 50 47 45 46 44 43 44 43
44 46 46 45 46 46 78 124 175 147 114 114 117 119 125 80 59 54 48 48 48 49 49 43 44 50 46
44 50 45 44 46 46 90 158 204 179 149 148 152 163 165 104 72 65 54 51 51 52 53 47 44 45 51
44 44 48 45 45 46 59 100 182 170 152 152 157 165 169 95 64 59 53 51 51 53 52 46 43 45 51
43 44 45 42 44 50 50 60 79 107 103 104 105 110 111 70 51 51 44 48 54 51 49 45 43 44 45
43 44 44 45 44 45 51 56 108 120 90 90 93 97 95 73 57 53 47 55 61 55 50 47 44 44 45
43 46 45 45 42 45 53 56 90 116 95 95 99 101 104 81 64 56 56 65 72 89 63 53 49 44 45
43 44 46 44 45 44 48 58 66 116 99 99 101 105 107 68 63 55 57 77 89 106 52 46 49 43 45
44 46 44 44 44 44 49 53 60 69 121 122 126 130 133 75 68 63 74 119 155 153 86 46 46 45 45
48 54 50 47 47 48 57 68 80 103 223 228 235 250 253 145 172 213 227 275 281 458 459 87 52 48 52
47 50 47 46 46 50 56 67 78 94 213 218 225 240 246 179 253 233 227 250 113 229 255 78 52 57 51
54 46 46 46 45 46 49 55 60 66 130 132 135 142 145 166 157 156 108 67 57 65 66 50 56 46 53
45 44 45 44 45 46 48 53 58 64 111 112 113 120 122 138 130 119 113 112 76 65 64 57 54 49 48
50 50 45 45 45 46 49 54 62 67 116 122 124 129 132 159 148 130 127 95 85 66 65 50 51 51 63
49 46 44 46 51 46 50 56 60 66 126 129 134 143 146 192 182 172 133 76 58 58 59 49 56 44 61
46 48 45 44 46 47 53 59 70 81 164 171 179 194 198 255 235 284 130 74 63 65 64 51 55 49 54
49 43 48 51 46 47 56 62 72 80 178 190 198 215 220 274 266 311 137 101 81 80 106 64 50 47 52
46 51 47 47 46 45 50 58 61 67 119 127 136 144 145 199 198 180 91 72 60 62 80 60 48 50 68
46 56 45 44 44 44 45 48 49 50 64 67 72 72 71 80 74 69 53 56 52 52 55 53 46 46 58
47 47 50 46 45 47 45 46 49 50 62 60 64 70 68 74 73 70 65 64 64 58 59 62 53 50 60
50 50 49 48 51 54 52 50 55 57 71 72 74 74 78 99 90 97 80 114 88 75 75 68 64 56 61
59 66 59 52 48 50 53 58 53 51 60 59 61 63 63 76 78 81 73 78 64 63 66 56 46 46 57
54 60 52 47 44 46 48 43 46 54 52 50 53 53 54 61 62 66 71 58 63 64 68 52 44 45 52
56 56 52 44 46 52 52 49 49 47 54 54 55 56 59 65 73 80 85 67 71 76 82 68 53 48 53
74 57 76 54 53 56 56 60 53 52 60 61 62 64 62 76 121 133 117 94 84 110 94 82 65 58 58
87 69 78 62 60 59 62 53 50 51 56 56 58 56 59 81 84 101 79 73 62 75 61 55 53 51 53
55 50 52 48 50 48 47 46 46 46 47 48 50 49 50 59 66 58 56 54 49 54 50 49 51 46 54
46 45 44 44 46 46 45 45 45 49 47 46 47 46 47 52 57 51 49 54 51 52 53 54 60 60 76
