46 46 46 42 45 50 45 43 46 45 47 52 107 140 127 58 46 51 49 54 232 178 64 57 50 46 46
43 43 46 46 46 46 43 49 46 43 46 46 54 57 48 45 46 43 46 47 113 147 80 68 54 48 46
43 40 46 49 46 46 46 42 43 46 45 47 71 80 46 45 43 42 50 45 50 61 46 46 46 46 46
43 46 46 46 45 46 46 43 46 46 48 58 159 152 53 47 45 46 48 47 54 71 57 46 46 43 46
42 46 45 46 47 45 43 43 43 45 48 55 142 118 49 46 46 45 46 51 67 97 92 53 47 46 46
43 43 46 42 46 43 46 46 46 45 45 60 110 64 46 51 46 46 43 45 56 73 77 48 46 50 48
43 47 46 43 45 46 45 49 46 46 63 234 289 120 51 50 47 51 50 48 61 78 78 58 46 46 51
46 43 48 43 45 47 46 46 47 52 92 342 307 188 58 56 52 54 54 55 114 179 192 112 48 50 56
43 46 46 43 45 49 45 45 45 46 68 114 156 79 50 50 46 49 46 51 127 175 224 182 57 54 50
43 43 46 46 46 46 46 46 46 46 107 136 142 68 48 47 46 46 46 48 68 79 100 72 46 48 45
46 46 46 46 43 46 51 46 46 49 143 232 242 146 55 59 50 51 52 51 132 191 177 121 50 47 46
42 46 45 46 46 43 46 50 45 46 92 122 127 81 52 52 50 50 48 56 151 205 258 246 54 53 46
43 46 43 43 43 43 45 46 43 45 50 57 52 45 45 46 46 42 45 51 67 85 136 113 46 46 46
43 49 45 42 46 43 46 46 43 46 63 63 62 46 43 46 43 46 46 43 47 53 55 50 43 46 50
42 43 46 43 46 46 45 42 43 47 67 52 52 45 46 45 46 43 46 49 53 58 61 69 48 46 47
43 42 43 42 43 46 43 46 42 43 50 50 46 46 46 46 46 46 42 47 49 53 52 54 46 47 49
43 42 43 42 43 46 43 46 43 46 49 54 46 46 45 46 46 46 43 46 52 56 47 46 46 48 46
48 46 43 46 43 43 45 46 47 43 53 72 60 51 51 45 45 45 48 43 60 68 64 46 46 42 46
48 46 46 46 43 43 45 46 46 48 54 65 60 48 46 46 43 46 46 49 74 80 82 50 46 46 46
43 40 46 42 46 48 46 42 46 46 62 61 48 47 52 46 43 43 46 48 53 53 64 46 46 46 49
43 40 46 46 46 47 45 42 50 56 86 105 85 66 59 50 46 46 55 68 71 73 65 48 49 46 46
49 43 46 48 46 46 49 46 54 87 122 131 108 102 71 64 54 55 92 109 104 107 99 68 49 49 60
43 43 45 47 45 46 46 46 47 77 115 101 86 74 69 56 51 54 91 114 97 97 109 54 47 46 57
42 46 48 45 46 46 45 46 50 86 142 111 112 89 68 62 53 53 71 89 93 89 82 57 47 48 46
45 45 45 45 46 50 51 47 73 130 181 190 174 148 115 107 79 79 119 174 140 143 137 85 53 57 50
45 48 46 45 48 49 51 52 53 75 135 178 190 195 198 184 122 126 165 194 134 136 130 88 52 55 57
45 49 48 46 46 48 47 45 48 54 58 82 99 146 125 154 105 104 118 122 128 125 96 68 48 51 53
50 66 56 47 52 64 54 51 50 61 171 239 274 317 258 340 278 267 257 273 223 213 168 81 64 66 57
79 52 53 50 48 55 52 49 48 64 154 188 187 260 222 293 235 219 187 187 142 138 148 84 59 59 53
46 49 46 45 46 50 51 47 45 51 92 146 127 172 150 190 142 143 143 134 101 102 92 57 53 53 49
43 46 45 46 46 46 47 51 45 48 67 122 135 166 129 129 131 128 112 97 77 77 68 51 55 48 47
45 46 46 46 47 51 50 47 46 57 93 180 146 165 157 208 148 147 135 130 106 103 103 55 63 54 49
46 50 50 46 47 50 48 48 46 54 104 165 147 186 194 161 135 129 135 130 87 85 86 53 64 57 55
46 43 45 46 46 46 46 45 46 48 70 119 121 127 91 84 77 78 81 79 71 65 59 52 48 50 57
46 46 46 43 46 48 46 46 42 49 74 135 124 158 90 76 81 87 97 89 70 70 68 61 51 53 56
46 46 45 46 46 49 46 46 48 54 78 131 122 163 114 84 100 98 87 89 77 76 81 79 52 85 79
48 46 46 48 53 47 47 45 45 50 62 87 106 136 99 71 81 81 85 68 60 60 64 74 52 110 102
46 45 43 46 55 46 45 43 46 50 52 70 78 98 68 62 67 67 66 52 51 53 49 84 48 63 50
46 46 46 47 71 67 47 46 46 48 57 82 99 109 92 87 88 88 93 71 63 63 54 92 75 145 67
47 46 46 56 148 146 56 46 48 53 66 85 112 111 96 101 87 89 95 81 65 67 61 60 147 221 106
48 51 46 47 171 227 62 47 54 51 62 91 110 110 83 86 74 74 77 68 60 60 54 53 74 121 59
52 66 45 46 72 191 65 56 58 62 74 83 106 106 90 89 77 79 92 82 58 59 54 52 67 72 48
43 48 51 45 73 262 113 58 51 68 94 118 166 161 127 125 108 109 142 131 106 103 73 91 153 136 50
47 46 50 46 54 164 159 79 52 94 119 145 175 139 122 117 108 111 127 110 111 108 69 62 118 126 51
46 46 46 46 48 70 99 67 50 58 77 95 103 90 79 80 84 85 84 81 89 88 60 55 72 65 53
46 46 48 46 50 58 69 58 52 76 119 146 147 138 134 142 143 143 152 190 212 207 195 103 239 109 55
54 48 50 45 55 68 154 112 61 167 207 206 197 172 150 166 140 142 187 245 303 292 370 139 293 179 57
51 47 46 46 51 55 73 125 65 155 177 174 179 128 108 115 100 100 117 163 153 149 129 68 136 86 52
46 46 46 46 49 50 55 54 49 86 94 92 95 72 74 75 78 79 87 181 178 174 150 80 106 98 48
46 45 46 46 48 55 53 58 77 106 129 133 147 111 108 104 116 117 122 185 197 193 128 96 91 100 49
46 46 46 46 47 53 56 68 58 84 87 95 92 94 77 96 101 106 91 107 73 70 66 54 53 60 43
46 49 46 42 45 46 47 49 47 56 67 71 67 74 60 61 68 73 66 65 59 57 61 56 48 48 42
46 46 47 40 45 54 49 47 49 55 62 69 72 72 72 77 80 80 80 90 98 96 89 58 59 49 46
46 45 46 51 49 54 53 53 61 59 65 73 82 80 84 103 102 103 78 92 102 98 89 66 57 49 46
43 45 49 52 51 62 53 55 65 54 56 60 64 59 62 66 70 68 61 61 60 57 56 55 54 46 45
43 46 46 49 51 50 49 46 47 53 50 49 53 54 60 62 61 61 60 57 55 54 56 52 50 46 48
43 45 48 50 53 50 51 47 48 54 54 55 56 68 72 76 82 82 82 84 73 76 78 55 51 46 52
46 43 63 67 52 58 61 57 49 55 58 64 62 84 83 88 97 99 89 86 68 63 66 56 50 47 55
47 49 76 69 51 52 56 54 47 51 51 53 57 66 58 65 68 71 69 62 52 54 57 47 45 47 47
61 55 54 49 48 46 50 50 46 47 50 50 54 57 52 60 68 68 67 58 61 57 57 49 46 50 50
56 54 52 46 47 48 49 51 47 50 54 57 61 61 61 76 102 102 83 77 75 74 75 48 51 56 52
50 54 56 46 50 52 54 54 51 50 51 62 63 60 65 92 106 108 76 68 62 61 56 47 54 50 54
64 56 55 46 45 46 45 45 45 46 46 50 47 47 50 57 50 52 48 46 48 46 46 46 48 51 54
63 46 51 47 45 46 46 47 46 43 45 45 45 45 43 49 47 46 45 46 46 46 46 46 52 60 71
