45 47 46 48 54 51 52 54 55 75 689 1019 94 101 144 89 59 53 49 50 49 50 46 46 45 46 46
44 46 44 43 46 41 45 51 45 46 96 98 47 46 49 50 43 42 43 44 44 44 41 45 48 44 48
43 42 46 49 48 43 45 47 49 60 83 77 66 55 99 115 49 45 51 45 43 44 43 43 44 44 46
43 43 45 44 45 44 45 44 48 52 72 64 55 58 87 113 50 44 46 45 43 43 44 43 44 41 44
42 44 46 43 46 44 42 44 44 47 65 53 49 53 61 71 47 44 44 47 46 42 43 42 42 44 44
43 43 44 43 44 43 44 44 44 46 49 47 47 43 52 70 47 44 42 43 44 43 44 41 43 49 46
43 47 44 44 46 43 46 53 50 52 74 63 64 54 129 174 91 52 47 44 45 44 43 44 42 44 52
45 45 48 44 45 47 46 48 49 53 84 57 52 53 142 259 190 59 52 46 46 45 44 44 41 44 49
43 43 44 42 44 48 44 45 45 48 54 46 45 45 65 92 76 51 41 43 49 44 44 44 42 42 44
42 43 44 45 44 45 48 51 53 74 61 48 47 50 95 93 93 66 46 46 49 44 42 43 43 43 44
43 46 45 45 43 46 54 53 51 78 73 52 50 52 110 121 112 118 58 47 46 50 44 42 44 43 43
42 43 45 44 46 42 46 51 47 50 51 46 47 48 100 107 113 152 53 47 51 44 43 45 42 43 44
43 43 43 44 44 43 45 44 44 46 46 46 46 43 58 77 85 72 46 49 45 42 44 42 42 44 43
44 50 46 44 46 46 47 49 50 51 52 50 52 52 88 172 209 200 72 45 47 49 44 45 44 42 44
42 44 44 44 46 46 47 44 47 54 49 46 48 48 56 115 177 187 79 46 46 45 41 44 49 44 43
43 43 44 42 43 44 43 44 42 44 50 44 43 44 44 48 58 63 51 47 44 43 44 42 43 44 43
43 41 47 48 45 44 46 43 45 46 45 44 43 45 50 49 63 91 49 43 46 45 42 43 43 43 43
43 44 46 44 48 45 47 46 44 45 46 45 46 44 48 56 78 111 72 45 45 44 44 43 43 40 44
47 44 42 43 43 43 44 43 44 45 44 45 45 42 44 46 47 56 49 43 44 43 44 46 44 42 43
42 40 43 44 45 49 45 42 44 44 44 44 43 44 53 47 50 59 46 44 44 43 42 43 43 43 44
43 42 44 50 48 52 53 52 54 58 59 52 47 51 63 83 123 141 92 48 46 44 44 43 46 44 42
44 46 46 50 48 49 56 65 70 92 78 64 60 55 67 132 134 144 85 61 47 47 44 43 44 43 44
44 44 47 51 53 59 58 59 71 73 71 64 53 52 64 89 105 124 77 56 48 46 45 43 44 41 46
44 57 81 76 79 98 108 111 135 127 105 101 84 69 100 104 95 114 88 62 56 48 44 44 44 44 42
46 96 120 81 86 110 116 114 130 146 107 119 105 77 113 131 120 114 97 69 53 53 46 42 44 52 46
46 52 52 53 56 62 66 76 87 83 78 78 80 64 108 122 118 134 110 68 51 48 45 45 41 45 50
48 51 61 59 59 72 86 84 96 92 93 93 85 94 126 156 149 127 93 57 54 52 55 43 43 44 46
69 76 101 107 106 148 186 216 230 244 231 216 204 274 271 312 314 313 218 97 66 70 54 67 48 49 50
54 67 81 95 95 100 143 160 167 179 211 182 184 261 218 254 218 206 121 68 63 60 48 50 47 46 47
44 47 48 48 49 53 67 64 65 97 101 112 110 127 105 136 111 99 51 45 49 52 45 42 44 44 44
46 56 69 69 63 69 95 102 89 105 108 107 112 116 91 105 93 93 54 51 48 49 45 44 44 42 44
54 69 88 76 62 66 89 110 106 121 115 130 111 141 105 135 102 92 55 55 52 51 45 44 44 44 44
46 60 63 52 53 55 75 94 99 104 110 116 109 126 106 122 87 83 56 51 51 49 45 44 43 45 42
51 50 52 48 51 53 60 71 76 91 115 129 135 151 145 141 86 69 54 50 54 50 44 44 43 44 45
50 58 58 65 60 65 98 150 147 154 147 178 161 225 190 185 134 102 63 56 55 56 47 45 47 45 46
51 60 59 62 66 71 107 136 136 136 118 129 122 193 159 141 110 71 58 51 55 57 51 46 44 45 46
49 52 50 52 56 59 66 75 77 78 80 76 89 121 112 111 78 56 51 48 49 50 48 40 43 47 44
49 63 55 59 64 67 63 64 65 66 63 61 65 76 74 71 65 52 48 46 47 55 50 45 44 42 43
51 72 72 84 79 87 89 94 84 78 76 69 69 76 74 68 67 54 49 48 55 80 71 46 44 43 44
63 69 76 86 88 83 95 100 87 81 78 76 79 73 65 71 65 52 49 50 60 100 67 44 43 44 43
47 66 76 67 72 72 73 79 77 73 71 69 79 76 62 61 55 48 47 47 59 79 47 44 44 44 40
52 78 74 81 86 99 98 137 134 131 144 128 149 136 97 76 60 58 54 58 189 286 58 44 45 42 46
76 103 108 98 118 158 162 213 195 190 198 176 180 191 129 104 77 68 62 82 172 313 74 46 45 46 46
63 119 93 102 106 166 175 218 193 190 184 199 179 168 113 96 74 65 60 67 119 158 54 44 45 48 46
51 69 65 76 91 103 91 100 102 103 106 93 84 88 78 77 67 52 53 71 86 86 46 44 42 44 49
101 120 104 118 116 135 127 132 130 127 111 114 116 104 96 108 103 60 82 113 143 167 52 45 44 45 48
125 130 106 120 136 161 152 157 133 132 138 126 124 116 120 119 118 71 111 118 170 138 56 45 44 44 46
64 74 77 92 111 137 127 139 122 123 130 117 133 123 126 135 145 87 107 111 101 60 49 44 45 45 46
57 68 78 95 132 170 158 187 174 167 169 169 197 193 197 242 224 200 216 251 235 102 54 45 45 46 48
64 56 61 77 100 153 142 162 146 142 144 142 229 221 203 242 249 232 213 268 184 74 54 45 45 46 47
80 50 50 49 55 65 64 80 74 74 74 81 106 108 156 198 220 157 119 101 60 50 46 45 44 44 42
45 47 46 43 46 46 47 49 50 54 50 55 57 54 66 104 87 77 55 48 47 44 43 43 43 44 42
44 46 48 45 51 51 52 54 51 56 64 65 63 74 127 160 129 111 62 60 54 47 43 46 44 44 47
44 47 46 45 46 47 48 50 54 53 57 63 62 66 76 77 67 60 45 49 50 45 47 46 42 43 46
43 44 44 45 47 46 46 50 53 52 53 59 54 57 55 51 52 47 45 42 47 44 44 49 44 42 46
42 44 44 44 47 46 50 47 50 58 53 55 51 52 52 50 49 47 46 43 45 45 44 49 44 42 48
42 46 46 47 52 57 56 57 68 77 76 77 70 66 66 61 55 51 51 60 51 52 46 46 43 43 50
44 46 60 61 60 66 75 78 83 98 104 102 89 76 72 63 58 56 52 58 52 49 47 50 44 43 49
44 51 53 52 50 50 60 64 58 64 71 73 65 57 53 52 50 51 50 47 46 49 52 45 42 45 47
44 51 49 45 49 49 59 60 57 59 68 72 61 56 51 52 55 49 59 48 48 56 52 49 44 46 50
46 51 57 50 61 68 70 75 73 80 85 104 91 72 70 74 66 65 68 57 63 63 64 54 43 53 59
46 63 72 72 71 82 101 95 92 90 90 99 93 68 73 81 86 62 76 55 56 60 50 46 49 50 60
47 48 53 53 56 56 60 60 60 56 57 59 58 52 54 53 54 51 51 51 51 50 44 44 46 48 63
44 44 50 47 44 46 47 50 48 48 49 55 51 47 49 51 54 50 46 49 47 53 48 46 54 59 88
