44 48 44 44 45 44 45 46 46 47 44 52 110 64 383 496 252 68 55 54 52 50 46 49 51 45 45
43 43 42 43 42 43 48 43 43 44 42 43 47 46 77 72 57 44 42 43 44 43 44 43 43 48 46
43 43 44 41 44 49 44 42 44 45 44 48 66 61 80 98 80 48 50 46 43 44 43 43 44 43 44
42 43 42 43 49 44 42 43 43 44 45 44 47 54 58 83 111 50 48 52 46 42 44 43 43 44 43
43 43 44 43 44 43 48 44 42 44 43 43 45 44 46 58 83 48 45 50 46 41 43 48 43 42 44
43 43 42 43 44 43 44 43 43 48 44 42 45 43 44 47 85 52 46 42 44 48 44 44 44 42 43
43 40 43 47 44 44 45 45 45 42 46 48 48 46 51 69 228 179 64 52 49 47 46 47 44 44 48
43 43 48 42 44 46 46 46 47 47 49 50 48 50 53 68 221 296 141 72 53 52 49 48 45 44 45
42 42 43 44 44 44 43 44 44 44 45 45 46 46 46 47 73 140 83 50 51 46 47 45 42 43 44
42 45 46 44 52 49 55 59 53 51 51 51 53 52 54 63 84 99 128 102 48 49 47 45 44 40 44
44 49 52 46 58 59 76 91 80 89 98 108 115 112 92 106 115 135 175 178 59 61 52 49 46 43 44
42 44 44 44 46 43 47 52 47 47 50 55 59 64 69 90 96 125 200 195 57 53 50 46 44 44 44
43 49 48 44 45 43 49 47 46 47 45 51 56 52 56 59 64 107 196 105 54 55 48 46 45 42 43
46 51 48 45 49 51 63 63 67 73 88 109 117 127 114 107 186 295 427 312 84 71 61 56 46 45 46
44 44 46 44 46 50 50 51 49 54 63 60 65 74 77 84 101 190 287 425 71 66 54 51 44 45 50
43 45 44 42 44 44 46 45 42 45 50 47 46 46 46 46 52 56 65 158 52 47 46 41 44 48 44
52 52 58 49 59 64 69 70 61 67 57 63 60 62 59 54 60 61 83 120 72 49 52 46 43 43 44
44 52 46 46 54 57 63 59 62 66 57 62 59 65 70 70 66 62 79 109 71 53 51 46 44 44 44
42 44 52 45 45 44 46 50 46 45 45 46 46 46 45 46 48 48 68 77 57 47 45 44 43 51 44
43 41 47 54 49 51 50 46 48 47 49 46 43 48 51 47 47 54 69 65 54 47 46 44 46 44 42
45 51 50 51 64 75 84 94 79 90 91 87 80 70 92 91 99 136 197 170 117 86 57 53 47 45 45
44 48 49 48 47 52 50 52 52 57 54 62 64 64 76 78 102 174 236 199 166 120 59 52 48 42 45
43 44 45 44 49 47 44 48 48 46 52 47 49 58 62 56 64 89 100 90 69 58 48 45 45 44 45
44 46 46 52 56 62 78 72 85 81 82 80 71 75 95 97 84 98 98 102 98 96 59 50 46 45 42
44 46 46 59 54 69 74 72 97 94 97 101 81 87 109 98 107 95 108 118 119 120 72 54 46 45 50
44 44 45 45 49 46 47 49 49 51 58 57 63 73 93 115 94 119 126 117 118 130 63 50 48 45 44
43 40 48 51 47 47 54 54 58 64 66 84 99 115 121 148 142 182 213 196 188 118 75 61 49 45 44
50 63 64 58 63 90 122 165 157 152 157 196 195 256 283 340 352 367 384 390 424 308 118 92 58 59 53
46 46 48 48 48 53 66 79 86 99 102 129 151 239 255 281 235 241 229 235 218 158 88 70 52 48 48
42 43 45 44 45 46 47 47 47 48 50 68 63 93 92 92 99 106 115 89 70 61 51 49 45 43 45
52 53 54 56 57 63 74 85 80 89 93 4095 109 132 121 139 134 141 141 141 124 109 100 101 61 49 51
42 51 51 50 47 45 51 59 58 61 61 93 77 89 81 103 83 76 76 91 68 59 53 50 46 44 44
45 53 47 43 45 45 52 65 67 71 80 87 86 97 81 104 84 88 75 76 66 57 51 50 44 44 45
43 44 51 46 44 46 46 48 50 52 56 67 90 105 109 116 126 119 95 66 62 56 51 51 44 44 45
45 46 46 46 52 59 76 93 90 95 115 124 148 246 229 225 171 170 178 99 76 72 65 62 52 48 47
50 48 46 49 54 70 94 93 102 102 97 123 117 170 177 158 152 143 132 100 74 69 67 65 71 44 46
48 44 43 44 45 46 50 50 52 54 57 65 68 87 92 105 110 108 103 72 57 57 54 62 75 45 47
43 50 45 43 47 48 49 50 48 50 51 54 61 63 60 65 74 71 67 58 51 48 54 71 58 44 44
47 44 48 57 59 67 70 70 66 69 69 66 66 72 71 72 75 76 74 68 55 58 103 133 88 45 43
44 48 42 48 60 60 66 68 67 66 69 70 71 73 68 72 72 70 71 70 58 59 109 190 99 46 44
44 49 48 44 46 45 47 50 50 51 51 56 64 65 61 62 65 61 62 56 49 52 82 182 70 42 44
46 46 50 48 49 54 57 72 85 93 109 96 112 136 103 92 102 104 89 76 73 86 333 626 149 46 46
56 48 55 48 56 76 88 135 134 136 155 122 133 159 133 123 140 141 127 99 93 128 461 789 215 47 45
75 45 50 51 50 57 59 64 64 75 81 86 89 98 96 94 116 100 89 70 72 135 278 425 128 45 46
53 56 47 48 48 47 51 60 56 57 60 66 69 75 71 78 85 78 85 65 66 147 206 192 63 44 50
114 47 56 51 56 60 63 79 81 79 81 92 93 91 90 94 113 114 117 82 104 232 267 231 71 43 46
54 46 50 54 67 86 92 100 92 89 92 93 97 99 97 90 120 122 124 100 156 266 281 153 63 46 45
49 47 48 46 48 54 56 59 57 61 72 73 83 86 94 94 165 192 144 154 263 366 232 103 56 46 47
50 49 51 50 53 62 67 78 90 93 115 130 167 150 138 152 225 258 252 367 512 564 368 152 88 47 50
52 57 69 55 62 99 129 153 136 127 138 148 170 141 132 151 252 307 365 464 468 432 312 128 76 48 50
45 46 49 48 50 53 60 60 62 68 67 70 74 69 73 73 106 171 239 251 197 164 98 63 51 46 44
46 50 47 45 48 50 57 59 58 58 62 62 62 66 67 70 79 133 225 273 239 211 77 60 49 45 46
47 47 54 52 55 69 88 84 77 79 80 94 98 95 97 87 100 201 246 323 271 205 118 72 58 46 47
47 57 59 69 86 91 113 97 79 70 64 68 66 65 62 63 73 93 104 141 94 80 65 59 51 46 46
53 45 43 45 46 46 49 52 46 46 46 46 47 47 47 48 50 49 51 53 52 48 51 52 48 43 46
44 44 43 44 46 45 47 45 46 52 47 46 48 49 54 56 54 52 60 67 54 57 54 52 54 45 47
44 45 45 44 46 52 49 50 52 52 59 61 58 66 81 83 75 69 68 90 67 76 71 59 51 44 52
43 42 46 52 50 52 53 54 54 54 57 64 63 74 86 82 73 69 62 71 56 59 63 51 46 45 52
43 53 41 42 45 46 48 52 46 47 51 53 49 57 58 62 57 54 54 53 51 51 46 46 50 46 51
47 53 46 43 46 46 52 51 46 47 48 54 56 59 61 67 69 64 63 59 56 62 58 50 45 50 55
44 48 58 47 53 54 60 59 55 58 58 72 78 81 97 117 127 111 94 84 83 82 75 63 47 59 66
42 51 64 57 55 66 71 68 63 62 63 71 77 73 95 135 136 98 92 74 70 64 59 55 48 52 72
46 44 47 51 47 48 51 47 47 48 49 51 50 51 58 67 62 55 53 51 50 49 48 46 48 52 70
41 42 44 43 44 48 46 46 45 45 46 47 48 48 47 53 56 50 49 50 48 51 46 47 61 63 103
