41 44 44 44 46 45 46 44 46 51 54 155 170 85 62 44 42 44 44 47 45 42 44 43 44 46 43
44 43 44 42 44 43 43 44 43 44 47 54 54 50 44 43 42 43 42 43 48 43 42 43 42 44 46
46 44 46 44 50 48 51 51 53 51 74 304 150 100 64 45 42 43 41 43 42 43 49 44 42 44 43
46 45 45 46 50 49 49 52 57 54 99 369 125 85 62 44 45 43 45 41 44 42 44 49 44 43 44
44 44 42 43 45 44 45 43 45 46 58 78 50 46 44 43 43 43 44 40 44 42 43 49 44 42 44
43 45 44 44 48 53 50 46 48 72 117 82 47 45 45 44 42 43 44 41 44 48 44 43 44 42 43
46 44 47 53 57 72 76 62 68 164 219 157 56 51 50 45 43 43 44 41 44 49 44 43 43 42 44
46 42 46 53 51 63 79 60 74 165 189 110 53 50 51 45 43 44 44 44 42 44 50 44 43 44 43
44 51 45 44 48 50 82 66 63 105 97 52 52 46 44 44 43 40 43 43 46 41 43 44 42 43 42
53 60 52 54 68 79 222 235 265 251 241 76 60 58 56 47 41 44 45 45 43 43 45 44 44 42 45
59 68 67 66 95 145 441 446 430 370 280 93 70 72 69 50 44 45 46 45 49 46 46 47 45 45 46
55 60 59 60 80 129 353 404 402 246 124 74 64 65 63 48 44 44 43 44 46 44 45 42 45 49 46
51 68 50 53 76 159 167 190 249 162 83 60 54 55 53 47 43 44 44 44 44 44 44 44 45 47 44
54 57 59 61 121 240 215 215 241 220 105 66 59 59 56 48 44 43 44 43 44 45 44 45 47 44 46
53 53 52 59 125 207 226 172 170 123 125 62 53 56 60 48 44 44 44 44 47 44 45 44 44 44 44
45 45 46 44 54 104 97 76 63 57 63 48 45 46 51 45 42 44 40 43 49 44 42 43 43 43 44
50 53 50 64 198 256 130 93 68 66 63 58 52 50 51 50 41 43 44 39 44 49 45 43 44 44 44
54 59 60 68 304 332 189 112 83 82 71 67 56 53 55 51 44 45 46 46 45 46 45 43 44 44 45
44 48 49 46 73 113 76 64 51 49 49 48 46 46 43 44 42 44 44 46 44 42 43 43 43 44 41
47 49 51 52 98 134 122 91 62 55 56 57 50 48 49 44 43 46 44 44 44 42 44 43 43 44 41
54 59 56 85 206 222 191 175 116 78 80 63 58 59 56 46 43 44 46 44 47 45 43 44 44 44 45
57 72 54 85 193 206 206 210 156 104 79 66 62 60 60 48 44 43 42 44 43 44 50 45 44 44 43
49 51 47 52 86 118 115 138 106 74 61 58 56 57 56 46 46 44 44 42 44 42 43 47 44 44 44
77 78 66 152 364 465 359 355 337 242 163 106 88 92 87 54 46 44 45 42 46 45 47 49 46 44 46
86 94 80 247 420 473 475 427 413 380 291 153 112 116 110 58 46 46 47 44 46 52 47 46 46 45 47
78 80 70 149 322 387 377 349 353 294 232 148 107 112 103 55 45 45 46 44 46 49 46 46 46 46 46
62 67 58 83 189 207 196 190 215 172 130 101 113 112 101 50 43 45 45 44 42 44 50 45 43 45 45
68 102 63 114 225 232 247 219 221 204 190 171 210 217 201 63 49 44 49 44 46 45 44 47 50 46 46
71 72 61 89 212 207 210 176 178 205 170 144 215 222 206 116 48 45 44 49 44 44 46 43 45 50 46
92 64 59 65 119 152 209 167 166 158 157 124 145 149 142 78 47 45 45 46 44 44 45 42 44 50 46
74 79 65 69 114 220 266 238 234 225 230 178 174 177 174 119 44 44 45 44 46 43 46 49 46 45 46
81 70 63 67 103 192 264 255 255 235 257 222 234 242 234 174 49 45 45 45 45 45 46 44 45 50 46
68 68 62 65 94 149 252 235 231 228 265 225 237 246 239 100 45 43 44 44 46 45 43 45 50 46 46
58 63 54 58 70 83 122 174 186 172 182 127 155 159 155 56 43 44 44 44 45 43 44 45 43 44 50
56 54 52 61 69 84 116 130 136 127 129 126 182 188 185 67 44 44 48 45 44 44 43 44 44 44 45
61 57 51 65 86 103 126 137 131 127 126 115 120 120 119 54 43 44 45 44 45 44 45 45 43 44 45
58 54 49 63 91 103 115 111 103 101 96 94 84 85 82 50 42 43 44 47 45 43 44 42 43 44 44
57 52 50 55 76 85 91 103 106 106 113 93 67 67 65 47 43 47 44 44 45 42 44 44 44 44 44
63 70 57 70 109 144 176 179 172 166 162 128 88 90 87 50 44 47 45 43 44 43 44 45 44 44 48
71 70 65 85 148 176 226 232 213 188 199 160 85 88 86 52 42 44 49 45 44 44 44 44 45 45 46
64 64 58 66 92 121 173 229 206 190 174 112 75 76 74 50 44 45 41 44 46 45 47 45 43 44 45
58 57 53 57 73 109 149 146 144 121 116 104 77 77 76 45 44 43 44 40 44 44 44 48 44 43 44
59 61 57 63 89 123 160 158 145 138 127 127 89 91 89 49 44 43 44 41 45 46 45 49 45 43 44
65 66 64 72 96 135 182 173 161 156 158 162 98 99 97 50 44 44 44 44 45 47 46 43 44 44 45
66 100 59 62 76 94 137 169 159 162 151 117 78 79 78 47 43 44 43 43 45 44 45 41 44 49 46
69 77 67 67 86 106 151 206 204 225 218 220 126 128 124 51 44 45 45 43 44 45 44 45 42 45 50
278 310 270 177 152 144 169 243 229 244 256 237 134 134 131 54 45 45 48 46 46 46 44 46 50 46 46
665 731 599 400 314 281 208 204 213 232 236 203 102 103 101 56 51 48 48 50 51 49 48 47 47 48 51
218 232 141 133 155 168 156 152 127 120 132 148 92 87 84 49 48 45 45 46 49 46 45 44 45 46 46
169 222 148 180 243 212 213 206 192 161 159 169 112 111 111 58 46 45 46 43 47 49 46 45 46 46 47
307 224 119 169 238 261 239 262 242 215 209 204 110 111 108 57 45 46 46 46 46 44 47 50 47 47 48
133 92 74 85 148 225 262 249 241 231 215 202 98 99 100 54 45 44 45 45 46 46 43 45 50 46 46
89 95 69 78 106 139 263 326 344 302 279 242 97 98 95 56 46 44 46 45 46 46 46 46 50 46 46
81 93 72 85 116 140 209 314 343 304 277 229 104 103 100 55 46 46 51 46 45 46 47 48 46 47 49
72 97 67 78 106 118 155 210 230 225 199 129 74 76 73 53 46 44 42 45 45 45 46 46 44 46 49
63 60 51 56 68 74 82 88 84 76 71 63 53 56 53 48 47 44 45 50 46 44 46 44 44 45 50
76 71 61 59 74 93 97 94 103 98 83 71 59 59 60 54 47 46 46 48 47 50 57 48 47 42 50
137 133 97 90 103 126 138 137 118 110 96 80 62 62 61 56 46 51 46 44 45 46 49 47 43 44 53
192 154 115 94 89 92 103 103 84 76 70 65 54 54 55 50 45 45 49 44 45 47 47 45 45 44 45
116 95 72 63 72 79 82 78 68 61 59 57 52 53 51 57 48 48 45 46 53 60 59 48 48 44 50
84 80 71 69 79 80 87 79 73 66 61 61 55 54 54 61 51 58 54 47 56 66 74 50 56 48 53
114 127 126 108 93 107 113 98 81 76 69 65 58 57 57 55 52 54 51 44 48 56 50 46 49 45 55
121 134 113 91 78 70 71 72 61 61 59 56 52 52 51 47 57 45 46 48 45 48 46 43 46 46 59
53 57 59 54 59 57 53 56 50 51 53 46 47 53 48 47 57 42 44 50 46 51 46 47 56 60 87
