55 46 44 46 49 46 46 43 43 41 44 49 47 42 43 43 41 42 44 44 44 40 43 49 46 43 44
95 44 46 50 75 80 61 46 44 44 44 44 51 44 43 44 41 43 47 44 45 44 42 43 44 43 46
78 49 47 47 53 105 99 63 55 45 45 45 44 46 45 44 45 43 44 42 45 42 44 47 44 44 44
51 44 43 45 46 63 85 67 44 44 50 47 43 46 44 44 44 43 43 40 44 42 43 48 44 42 44
43 43 43 43 45 45 58 58 46 50 46 43 44 43 44 44 44 43 47 44 44 43 41 43 49 44 42
72 45 48 43 44 46 96 142 106 62 48 53 46 43 45 44 44 43 44 43 44 47 45 42 43 43 43
69 43 47 50 47 48 118 276 242 157 71 61 57 50 49 48 44 45 45 45 43 44 51 46 44 44 44
51 44 40 44 50 46 53 125 170 124 67 57 49 46 45 46 43 44 44 45 44 44 48 45 43 43 43
120 54 45 43 45 44 46 93 107 97 84 49 46 46 44 44 43 44 43 44 44 43 45 44 44 44 44
161 107 53 45 45 46 50 109 124 129 142 64 50 47 47 46 46 45 44 48 44 44 46 42 44 49 44
157 121 50 46 46 47 49 110 144 141 150 88 52 47 48 46 44 44 45 43 45 45 45 46 43 44 49
81 78 47 46 45 43 45 47 69 87 82 54 51 45 44 44 43 44 43 44 44 43 45 43 44 48 44
282 396 124 44 46 51 47 49 54 87 89 54 48 47 47 45 44 42 44 44 45 45 43 45 49 44 44
189 335 92 46 45 45 50 48 49 58 71 57 47 47 46 44 43 44 44 44 45 43 44 45 42 44 49
50 49 45 50 47 43 44 42 43 45 47 46 43 44 46 44 41 42 49 44 44 43 42 43 44 43 44
65 79 60 45 54 44 46 44 42 43 46 46 45 42 44 47 42 43 44 43 45 43 44 43 42 43 44
81 138 126 50 54 46 47 46 43 48 50 57 49 45 45 46 42 43 44 48 45 44 44 42 43 44 44
57 93 61 47 46 49 45 46 44 45 47 63 57 47 44 44 42 43 44 43 47 44 44 44 44 43 43
44 78 61 51 45 50 44 44 44 43 45 50 53 45 45 44 42 48 44 43 44 42 43 44 44 44 41
50 109 99 73 55 56 46 47 43 48 71 76 66 54 50 45 42 44 49 44 45 45 44 44 44 44 44
47 97 118 128 109 91 53 55 48 61 110 130 98 94 81 50 42 46 53 46 47 49 52 48 46 44 44
50 75 65 63 68 64 49 51 55 56 72 98 91 100 89 47 47 46 48 45 50 49 77 61 47 44 44
46 68 171 88 80 111 74 55 50 57 82 103 86 110 103 59 49 46 48 42 46 50 49 54 46 43 44
57 58 176 129 115 171 127 74 63 76 113 104 105 111 124 84 66 47 49 48 49 49 49 53 50 45 44
72 78 231 143 122 186 147 93 71 90 118 145 121 128 154 100 76 49 50 51 59 56 53 70 49 47 45
46 67 85 74 79 102 89 89 80 71 95 123 147 146 172 121 49 56 48 48 46 49 56 62 47 46 43
46 60 91 125 172 251 221 182 136 116 123 160 186 139 136 75 51 51 50 50 53 52 56 55 48 45 45
62 94 172 194 266 443 396 410 332 296 346 347 322 307 301 265 120 62 62 61 62 66 72 72 61 53 48
54 63 124 108 166 332 355 288 264 289 266 287 275 286 241 224 115 59 60 60 58 61 66 64 57 53 48
49 51 58 54 76 119 178 172 186 147 188 162 152 172 128 113 61 50 50 45 50 57 54 54 50 45 45
46 59 54 65 94 117 159 160 138 145 106 116 133 125 131 132 52 52 49 48 50 47 53 62 49 45 45
49 48 58 51 74 94 117 174 136 158 96 105 151 119 89 106 59 49 49 48 50 54 62 76 55 45 45
48 61 49 50 61 76 188 210 149 169 102 98 123 87 70 87 67 50 49 49 48 49 54 63 53 45 43
46 85 55 48 51 85 190 149 119 120 82 86 92 89 74 79 58 49 46 48 47 48 52 49 47 50 44
48 54 52 53 63 82 166 190 179 170 141 126 156 164 161 127 69 52 56 52 53 56 88 95 63 46 46
47 52 51 58 63 77 137 177 171 176 140 166 140 157 163 122 84 64 59 60 56 63 184 186 121 48 46
45 47 49 46 52 60 78 96 113 123 105 103 99 109 121 89 70 57 53 50 50 51 104 143 89 45 44
45 46 46 43 49 52 54 67 65 70 65 69 58 71 74 67 56 54 49 45 46 45 68 74 56 45 45
45 46 47 46 50 49 58 82 77 85 78 78 69 74 68 67 60 62 68 50 49 50 74 138 92 54 43
44 46 50 46 49 50 50 68 84 92 79 79 73 77 68 74 70 64 72 61 50 54 68 159 103 78 46
43 46 47 47 50 53 52 53 66 80 80 80 73 77 66 79 69 60 67 73 54 56 58 88 72 56 45
44 55 61 50 48 51 57 53 62 79 96 112 121 105 80 90 83 67 78 84 73 82 70 68 63 46 49
53 75 86 81 64 63 70 70 72 103 169 215 230 189 125 143 120 127 103 171 133 191 256 160 124 69 48
54 87 105 124 81 66 69 75 71 96 137 193 211 149 122 122 119 102 110 181 171 239 243 250 148 92 47
44 62 63 100 85 53 57 74 55 71 72 87 101 87 84 79 74 75 131 101 113 153 129 103 68 51 46
46 54 64 110 203 99 71 68 64 84 104 123 133 103 98 105 102 103 177 110 164 223 209 200 188 57 47
49 68 60 229 287 152 98 78 70 105 121 148 120 111 105 103 94 88 166 107 152 192 180 122 88 59 46
56 50 51 56 82 122 89 73 61 75 142 141 138 126 105 98 90 83 117 87 88 103 79 55 53 55 46
50 52 51 51 54 58 66 70 66 81 112 110 166 153 107 96 90 109 136 102 136 118 78 65 54 48 50
48 65 56 58 61 69 105 137 148 106 125 180 287 214 153 133 109 147 141 112 116 88 76 68 61 57 51
45 52 49 50 52 54 63 103 135 98 93 153 163 98 82 77 73 89 79 63 60 55 59 52 58 46 46
44 43 43 45 44 45 51 49 49 50 58 62 64 53 52 50 53 64 50 58 57 62 60 47 52 46 45
43 45 44 47 46 47 54 49 47 51 54 61 62 64 57 61 71 66 77 118 121 137 150 77 53 55 48
44 46 45 52 55 52 55 53 51 56 64 70 66 73 61 65 79 69 79 148 140 138 144 94 66 49 50
41 44 50 47 46 52 45 47 46 48 50 47 51 55 48 47 56 51 56 83 83 75 77 61 56 47 47
44 43 45 48 47 49 47 44 45 47 48 49 47 49 49 52 51 52 61 85 82 83 95 67 63 48 47
46 46 50 52 51 54 49 48 49 50 52 54 52 53 59 67 58 67 81 118 114 119 140 99 86 56 54
53 51 49 60 49 52 53 56 51 52 55 54 49 49 54 64 50 58 68 89 82 79 79 65 60 52 46
47 49 51 53 49 48 49 49 48 46 47 48 46 46 52 50 47 51 61 61 59 64 59 54 52 46 50
50 49 49 56 47 46 48 47 49 47 46 48 49 49 51 50 55 54 67 59 67 95 81 62 64 53 56
49 57 53 50 49 48 49 50 46 50 53 52 54 51 53 56 75 72 69 76 83 127 113 72 82 60 57
46 63 54 49 50 53 51 54 50 51 48 55 53 49 55 55 78 67 58 62 63 75 63 55 63 50 57
54 60 48 46 48 48 46 48 45 47 46 44 46 45 48 49 56 46 46 52 50 53 49 44 47 46 58
52 46 46 46 45 43 45 46 44 46 43 46 50 45 44 51 53 46 44 48 48 48 51 47 55 53 80
