44 46 48 48 47 46 46 46 51 72 165 90 241 337 72 45 43 44 45 44 47 44 42 43 43 44 45
44 46 52 47 45 46 46 46 51 54 74 58 214 388 59 45 44 43 44 42 44 47 45 43 43 44 44
46 48 49 49 49 49 53 52 125 141 170 74 209 332 56 46 47 45 44 41 44 42 44 49 44 43 44
44 46 46 46 47 46 51 48 166 140 70 55 93 97 51 50 48 45 49 43 44 44 41 43 49 44 43
43 44 45 44 43 43 46 48 62 60 49 53 52 48 44 43 45 43 46 43 43 44 40 43 49 44 42
43 44 46 44 46 46 52 76 69 51 53 48 46 46 44 43 42 43 43 44 41 43 49 44 43 43 43
44 46 47 48 50 59 98 116 91 55 47 51 52 49 46 46 42 44 44 45 42 43 49 44 42 43 44
44 47 43 47 55 51 117 116 77 46 46 46 49 49 45 46 44 43 44 45 46 41 43 49 44 42 44
41 44 51 45 45 54 65 76 47 45 43 44 50 44 43 43 43 45 42 43 44 43 44 42 43 48 44
51 56 60 60 79 168 228 189 69 49 49 54 49 47 46 44 44 44 46 42 44 44 44 44 42 44 48
56 65 71 79 142 292 360 253 97 59 56 54 55 59 51 47 46 46 48 44 45 45 46 45 42 44 50
46 50 52 59 67 129 134 89 50 48 46 50 54 49 46 45 45 43 44 43 44 44 44 44 46 44 44
49 52 55 57 116 128 122 66 56 55 64 74 72 75 68 53 46 43 44 44 44 44 43 44 48 44 43
49 54 55 62 111 119 109 74 64 73 85 99 98 102 107 87 73 66 51 46 45 44 45 45 44 47 45
45 49 48 52 66 59 54 50 46 58 69 77 86 91 91 84 81 76 73 64 44 46 46 43 45 43 44
43 45 43 51 58 44 44 44 44 45 46 46 46 49 48 46 44 44 44 51 45 42 44 42 43 44 43
46 49 78 55 79 56 53 46 53 48 61 58 63 63 57 51 47 45 44 43 44 49 45 42 44 43 43
46 54 56 53 65 55 51 46 56 55 63 71 90 100 108 98 69 56 46 45 51 45 43 45 42 43 44
43 46 47 51 64 48 51 46 44 46 45 45 48 47 48 48 45 43 44 44 44 43 44 42 43 45 43
46 56 69 78 60 51 49 51 48 48 52 46 49 48 47 44 41 43 49 44 43 44 42 44 44 44 44
65 85 138 124 100 88 73 63 74 65 74 82 69 65 74 59 63 55 49 47 46 44 45 45 43 44 45
57 111 133 114 104 103 66 59 65 63 63 74 66 62 70 70 69 70 55 45 47 46 46 48 44 43 44
55 124 200 113 91 79 76 60 57 58 55 53 52 51 47 47 46 45 48 44 44 46 46 44 44 45 44
143 244 329 223 229 195 133 93 90 104 108 111 73 72 63 53 51 46 49 46 46 47 46 45 48 46 44
395 692 660 317 365 268 230 178 163 233 246 246 156 156 123 97 74 60 56 53 50 51 56 49 48 55 49
103 274 285 219 214 191 115 92 86 77 81 77 84 80 59 55 49 47 44 48 51 46 47 46 44 69 46
95 207 172 156 143 169 130 88 77 72 71 61 63 67 50 46 44 44 46 44 45 50 46 46 44 43 44
109 221 204 200 157 181 199 152 142 135 134 127 110 105 74 66 60 55 46 47 47 51 48 43 44 52 46
165 170 199 199 157 192 174 160 130 115 116 111 105 102 82 77 63 57 54 46 47 49 48 46 42 49 51
73 131 195 199 137 184 141 125 106 93 86 71 65 69 52 48 45 45 47 43 45 46 46 45 42 48 50
94 193 360 327 194 223 264 245 212 144 121 94 80 76 57 52 48 46 46 47 47 48 47 46 50 47 46
115 299 387 286 201 200 285 380 299 211 184 161 137 137 97 78 61 50 48 49 49 50 48 47 51 47 47
95 289 277 226 148 152 286 314 213 150 125 120 117 116 73 60 52 48 46 46 47 48 50 44 45 52 46
63 138 156 99 81 84 113 141 116 78 65 59 62 62 50 50 46 45 44 45 46 45 48 42 44 50 45
60 102 93 90 83 69 102 95 81 85 78 78 86 86 65 72 54 51 51 52 47 46 52 45 43 45 44
65 124 96 99 99 86 95 100 85 84 79 84 74 73 68 86 61 57 54 53 49 46 51 47 44 44 43
64 99 108 104 93 87 80 76 74 73 67 67 62 63 57 54 46 46 46 45 50 46 44 44 43 44 45
100 118 211 233 216 125 105 90 75 72 67 63 64 63 51 49 47 47 46 44 45 45 46 46 43 44 50
107 152 239 240 247 192 214 164 141 148 126 116 115 114 73 70 57 49 52 47 46 47 48 46 45 45 46
128 184 215 250 270 218 221 199 152 144 124 111 104 102 69 62 53 47 46 47 51 48 48 46 44 45 47
92 104 131 170 165 149 132 114 89 75 63 59 59 58 50 46 47 44 47 42 45 47 46 47 44 43 44
85 100 143 136 138 133 116 126 100 95 78 74 71 71 54 52 48 46 45 45 46 44 44 45 44 45 45
131 121 144 134 145 162 135 142 115 104 92 85 86 88 68 63 48 46 49 46 47 44 46 45 44 45 43
156 129 150 156 152 179 163 162 133 114 100 89 70 72 56 51 46 46 46 44 45 46 47 45 44 44 45
163 106 130 149 166 170 135 136 96 81 72 65 61 58 49 47 45 46 43 45 51 46 46 45 43 44 45
180 225 341 384 332 307 267 275 241 206 202 204 147 148 88 60 51 50 49 46 49 54 53 47 46 47 48
260 419 445 468 428 365 291 304 239 258 229 195 127 126 86 63 56 52 50 53 50 53 56 47 47 52 49
187 255 297 286 246 193 137 146 113 94 90 80 66 64 56 51 48 46 48 45 46 48 49 46 42 46 46
149 164 177 175 182 146 107 129 113 111 111 100 83 85 88 48 46 46 48 44 45 47 48 45 42 46 49
262 229 203 186 165 148 127 137 120 112 114 113 106 103 60 52 45 47 46 48 44 46 49 46 45 52 46
282 273 204 188 162 146 128 138 115 104 93 81 71 71 56 50 46 46 46 46 46 47 46 45 49 47 45
254 350 294 238 174 122 122 116 93 85 79 77 71 68 55 56 47 47 46 46 47 48 50 43 45 51 47
270 395 342 349 253 180 203 232 200 162 148 135 106 105 64 56 51 51 50 53 53 68 80 51 51 51 49
104 208 181 200 154 120 146 150 127 116 94 88 87 90 67 57 54 54 53 61 52 72 95 48 44 46 46
70 76 85 86 93 93 103 88 69 61 60 55 54 49 48 52 46 46 48 56 57 57 76 49 44 44 43
59 68 70 78 88 114 105 80 69 59 56 56 49 51 57 50 50 51 56 75 73 91 102 66 45 44 46
91 109 103 108 135 162 155 120 112 80 70 71 64 63 59 58 54 54 57 73 64 72 88 70 43 45 54
127 138 115 106 116 147 163 134 114 83 72 64 57 57 53 50 51 50 52 53 50 50 53 47 45 43 47
85 80 70 70 71 76 95 92 67 64 56 52 50 49 46 46 49 46 48 46 45 48 46 43 44 41 49
68 72 68 68 69 82 105 87 71 60 53 56 51 50 47 48 47 48 51 44 50 61 56 46 44 43 48
81 103 98 93 101 114 128 119 91 74 63 60 56 56 51 54 58 59 57 52 55 49 55 53 45 48 55
156 134 116 106 106 115 127 118 84 70 63 59 56 56 49 54 50 53 46 47 46 46 52 45 44 48 56
66 58 59 58 59 60 58 60 60 49 47 49 46 46 47 47 44 45 45 42 45 50 45 43 47 46 55
55 56 51 48 53 51 57 56 49 49 51 46 47 46 43 44 45 44 42 44 50 45 44 47 51 58 80
