43 42 44 43 44 44 44 44 40 44 49 44 43 44 44 43 42 43 44 44 42 44 50 44 42 44 44
43 44 44 43 44 44 41 44 47 44 42 43 44 43 44 41 41 43 43 43 45 43 44 44 44 46 48
44 44 45 47 49 44 42 44 44 44 44 42 44 49 45 42 45 44 44 48 46 42 44 42 43 44 43
44 44 44 46 46 44 48 45 42 44 44 44 44 41 44 49 45 45 44 47 45 42 44 43 43 44 42
43 43 45 46 46 47 45 43 43 44 44 44 42 44 50 44 44 44 44 44 48 44 42 43 43 44 46
42 44 45 45 46 45 45 46 44 42 44 44 44 44 43 44 46 43 44 42 43 43 43 44 41 44 48
43 44 47 49 51 49 49 55 44 45 43 44 50 44 43 44 57 47 46 44 44 44 48 44 41 43 45
42 43 41 44 51 50 50 59 45 45 46 44 45 45 44 46 140 60 58 46 43 44 44 44 44 42 44
42 44 44 44 44 75 81 74 44 45 44 44 46 44 45 50 70 67 60 44 43 43 45 42 45 47 44
43 45 48 46 46 123 108 118 59 48 48 47 49 47 47 49 132 103 145 71 46 46 45 42 43 44 44
43 46 46 45 49 157 154 125 54 48 49 49 50 49 46 49 116 127 180 183 48 45 48 44 42 44 44
43 43 44 45 46 93 98 73 51 47 45 46 47 46 46 46 79 121 165 174 46 42 45 44 44 44 41
44 50 47 45 50 381 325 165 57 56 60 55 56 54 51 51 67 133 192 73 49 47 44 44 44 44 45
48 56 58 55 60 412 794 730 102 85 83 87 84 79 73 69 240 590 529 183 57 54 54 46 46 46 48
48 53 54 54 62 183 921 604 97 86 82 81 82 78 76 73 181 1062 843 148 57 53 53 51 48 48 49
49 46 46 45 48 66 268 137 55 57 53 52 53 50 50 50 56 350 298 57 46 46 47 45 43 44 45
43 44 42 44 52 49 70 62 62 54 48 46 47 48 46 46 54 101 75 59 46 43 44 42 42 44 44
43 44 44 42 45 52 56 56 56 48 46 46 46 46 48 50 58 84 78 63 49 48 46 44 44 42 43
43 43 44 41 44 50 49 47 46 44 44 44 44 44 47 45 44 76 56 46 45 43 44 44 43 43 44
43 43 46 42 43 44 46 46 44 45 48 44 43 43 44 43 40 49 52 44 44 44 42 43 44 43 44
42 47 40 44 49 45 46 46 53 47 47 44 45 49 45 44 43 59 49 45 45 42 44 48 45 42 45
40 44 49 46 43 44 45 45 48 46 46 46 45 46 45 44 44 55 48 46 45 43 44 44 43 44 54
42 44 42 46 51 44 44 45 45 45 47 45 45 46 45 45 43 48 46 44 44 43 44 44 43 44 51
43 42 48 50 46 44 46 46 49 53 52 50 49 46 49 45 43 49 44 44 44 44 44 42 44 44 47
43 49 64 44 46 50 50 56 63 53 63 62 52 54 52 49 49 58 46 43 46 46 45 44 41 50 50
44 44 49 44 44 46 44 48 53 46 48 46 46 45 46 44 48 47 45 44 42 43 44 43 44 42 45
43 46 48 44 45 47 49 48 53 52 55 59 56 50 52 54 44 45 44 44 44 44 48 44 42 44 44
48 81 66 54 61 80 166 276 293 275 286 287 311 257 158 87 73 71 64 53 53 56 56 45 45 48 51
48 61 59 56 65 109 226 295 336 316 319 291 312 314 219 114 80 78 70 60 56 58 58 45 45 46 48
63 67 65 49 56 96 170 198 201 175 188 172 189 184 119 80 59 69 57 51 55 51 52 45 43 44 46
45 56 50 48 52 89 115 136 133 162 138 134 166 129 103 104 58 59 54 50 49 48 49 44 44 45 43
49 56 50 48 55 96 133 186 136 207 138 143 205 160 106 138 75 64 58 50 53 52 49 45 44 45 46
46 56 54 50 58 81 162 160 126 205 126 134 206 140 142 142 84 67 63 50 50 51 49 45 45 45 46
46 72 54 50 56 77 135 167 153 160 135 153 183 171 144 129 69 60 56 49 52 50 50 43 44 48 46
48 60 51 54 68 92 177 220 224 229 217 250 240 249 223 216 118 79 66 58 54 56 55 43 45 50 47
48 56 52 59 69 105 189 204 243 221 205 255 195 235 215 168 116 82 70 53 54 56 51 46 50 46 46
46 52 50 50 56 88 149 158 155 158 144 145 130 153 146 109 78 64 58 51 51 51 48 45 42 44 51
46 50 60 46 50 68 106 115 109 102 93 83 71 86 77 71 61 54 51 47 44 46 52 46 43 44 43
44 47 46 46 56 76 106 110 101 98 99 87 77 84 76 74 63 55 52 47 47 47 45 49 48 44 43
44 48 56 49 57 76 106 119 112 119 106 89 81 97 76 73 62 54 53 49 47 47 48 52 44 42 44
44 50 57 48 50 64 98 121 175 116 113 99 95 98 79 72 59 53 53 46 47 49 49 45 44 44 46
48 53 58 50 53 63 87 172 168 180 171 144 145 148 108 80 64 58 56 47 50 54 64 46 43 45 50
69 98 61 60 65 88 143 208 286 283 264 239 257 232 178 138 84 77 66 54 60 126 284 54 45 46 48
116 207 69 61 77 113 159 268 287 313 256 276 290 214 158 136 96 79 69 56 63 106 121 47 49 46 49
67 102 53 55 63 115 127 170 163 196 195 173 170 139 109 105 110 82 61 51 55 78 57 45 46 47 47
49 86 56 56 104 136 143 170 162 163 148 161 147 136 125 122 117 102 64 53 102 192 70 45 47 49 46
59 136 87 82 178 151 147 182 161 148 142 154 149 137 128 119 108 106 88 57 127 183 72 45 45 45 47
50 83 136 125 202 172 159 172 180 136 144 151 159 135 139 132 118 101 88 60 84 66 53 44 46 46 47
48 58 67 65 137 165 176 226 185 177 169 165 168 153 154 196 169 148 143 113 179 97 54 46 44 45 48
51 73 118 181 266 261 266 326 270 218 218 227 239 219 199 249 243 189 168 181 161 78 59 49 46 47 51
48 66 73 125 152 195 235 238 183 156 166 159 159 131 125 134 110 95 94 84 61 56 51 45 49 46 49
44 45 47 50 51 58 74 85 78 76 80 76 86 68 68 61 51 52 58 48 45 46 45 43 44 43 45
43 45 45 47 47 50 58 64 67 69 72 87 75 68 67 60 51 48 51 51 46 45 49 42 43 44 44
44 49 46 48 53 59 67 69 78 90 105 104 93 89 70 63 58 53 51 45 47 52 57 46 44 44 45
42 45 45 47 50 52 57 63 67 73 74 78 63 61 53 51 49 47 47 50 48 44 47 44 43 47 43
44 44 44 51 50 52 57 56 64 64 63 66 59 54 52 53 49 47 46 48 47 45 49 44 44 45 46
44 49 46 47 54 67 67 72 88 86 87 80 68 69 58 63 53 53 47 51 53 50 50 50 44 44 49
50 61 54 58 61 79 97 105 98 113 111 99 76 84 62 70 54 56 54 51 49 50 47 46 49 45 48
49 62 50 53 59 65 71 77 71 72 76 70 61 64 56 55 48 52 53 47 49 47 49 50 44 43 50
56 54 56 52 53 63 70 71 71 73 70 74 63 58 58 55 54 56 58 53 56 63 54 44 44 46 52
59 55 59 55 62 72 79 79 86 85 79 91 78 61 66 62 69 68 66 56 62 63 68 49 42 53 66
60 71 78 85 78 84 93 93 87 84 72 82 80 62 66 70 66 71 63 61 55 57 52 44 44 50 58
62 72 68 68 68 60 63 62 60 59 55 59 61 53 54 60 59 54 51 51 48 49 44 44 53 49 63
47 47 51 52 54 57 62 56 52 54 51 52 52 51 51 58 60 51 46 48 47 47 45 46 54 60 95
