46 47 50 48 49 49 49 51 53 88 61 63 200 714 486 87 53 46 44 44 46 44 45 42 44 50 46
43 48 46 47 47 44 47 56 56 46 47 47 69 493 130 48 45 45 46 42 44 44 44 44 41 43 51
49 46 48 46 48 52 53 115 119 50 47 51 95 355 93 48 43 44 44 38 44 49 44 44 44 42 44
44 46 47 43 47 52 54 102 104 49 46 56 96 167 70 53 44 45 39 43 50 44 44 44 42 43 46
42 44 44 45 44 46 55 58 52 46 46 52 75 129 53 46 43 44 44 43 43 43 48 44 43 44 43
42 45 45 46 45 58 82 66 46 45 46 47 50 56 45 46 40 43 49 44 44 43 42 43 44 43 44
49 56 57 64 70 162 285 190 57 46 54 57 78 77 48 45 44 45 45 45 45 44 44 44 42 43 45
48 53 54 57 62 150 245 142 50 46 50 53 92 92 47 48 43 42 44 49 45 44 44 42 43 45 44
43 45 45 47 55 64 85 57 45 50 46 42 50 48 44 44 43 43 49 44 43 44 44 43 43 49 44
46 53 58 78 127 136 134 78 48 48 49 48 62 58 46 44 44 44 43 44 44 43 46 44 45 44 42
54 65 76 159 215 194 209 90 54 52 58 86 115 107 59 46 48 45 44 45 45 44 44 44 44 44 45
49 53 57 80 145 140 135 62 51 48 49 65 75 76 47 44 43 44 42 44 47 44 46 44 42 43 44
51 63 68 117 204 180 82 53 50 49 50 49 53 55 46 43 42 43 45 44 44 44 44 47 44 42 43
61 74 94 209 262 222 95 62 55 53 53 60 74 59 48 51 43 44 46 43 45 46 44 46 44 43 44
47 51 58 98 93 68 49 47 47 44 46 52 51 45 45 43 45 43 44 42 44 43 43 44 42 43 49
42 44 48 48 50 44 42 43 44 43 44 42 44 47 44 42 43 42 46 41 43 44 43 43 41 43 47
46 57 82 78 78 51 50 47 46 46 44 45 50 45 43 43 40 44 43 45 42 42 44 43 43 41 44
44 54 75 64 65 50 48 44 45 47 45 46 44 46 48 45 41 46 44 46 42 42 44 43 43 42 44
41 46 55 52 52 45 43 44 44 44 44 42 44 47 44 42 42 43 42 42 44 43 43 40 43 48 44
46 56 79 69 58 49 46 46 46 46 46 45 45 44 44 43 41 43 42 42 44 43 44 41 43 47 44
63 131 180 152 129 78 61 64 58 58 56 54 51 49 46 46 44 44 45 42 44 44 44 44 41 43 49
90 127 198 165 160 98 66 61 62 74 90 74 60 57 54 53 45 46 45 47 46 43 44 44 43 44 42
60 101 200 135 110 71 63 57 55 62 71 61 58 58 63 49 43 44 44 44 47 44 42 43 43 44 45
99 155 202 159 147 120 76 70 101 129 127 98 88 87 74 62 51 48 48 46 46 44 43 43 44 44 45
192 326 338 216 225 170 95 96 145 163 164 153 121 104 106 79 69 60 63 48 46 45 47 45 45 43 48
95 186 233 183 179 154 79 72 84 102 102 110 102 86 87 65 57 56 54 46 48 45 43 44 44 44 46
83 200 262 219 180 174 105 80 83 85 74 75 72 62 60 54 48 49 47 47 46 43 44 44 44 45 43
219 430 475 430 317 352 333 273 238 217 183 175 152 132 92 79 70 62 58 51 49 47 47 50 46 47 49
221 384 446 438 375 344 336 328 222 184 184 153 134 116 80 74 63 59 56 50 47 47 51 46 46 47 47
78 164 219 217 177 199 175 134 100 93 83 81 68 66 54 52 50 48 46 45 46 45 44 44 49 45 46
78 165 207 190 139 146 165 134 110 109 99 95 83 74 58 56 50 48 46 46 50 45 45 44 43 44 46
102 229 247 193 134 135 155 175 140 134 116 114 102 89 66 64 53 53 52 48 47 45 45 45 45 45 44
71 175 152 114 94 90 108 128 124 119 103 110 91 71 56 56 50 48 46 45 45 44 45 41 44 49 46
99 280 387 260 146 129 163 151 108 105 95 84 73 67 57 54 48 51 49 45 46 44 44 45 45 45 46
76 145 157 185 130 108 131 175 136 130 125 105 78 75 61 56 49 48 53 45 46 45 44 44 45 45 46
94 191 193 220 215 172 153 142 138 142 120 119 84 77 57 53 50 49 50 51 46 44 45 44 45 44 46
78 147 186 229 202 123 97 86 80 82 76 71 64 59 52 49 49 46 46 49 44 44 45 44 44 46 45
67 144 158 176 141 100 81 68 66 67 64 60 57 56 50 47 46 46 46 44 46 44 44 42 44 47 45
76 146 140 152 141 130 103 91 91 90 80 73 72 59 52 51 48 50 56 47 46 45 43 43 44 44 45
94 150 154 159 153 138 111 109 99 92 89 85 68 59 53 51 49 46 48 51 46 45 45 42 44 44 46
88 135 177 167 150 149 103 84 81 74 70 63 60 54 50 52 47 46 46 45 46 43 43 44 44 44 43
96 152 251 242 241 212 137 128 133 112 103 81 71 63 57 51 48 47 52 50 46 46 43 44 44 45 46
143 255 296 293 320 337 227 255 212 175 162 124 100 82 64 63 58 56 63 58 50 47 44 45 46 45 48
143 261 263 287 321 319 233 237 167 149 127 117 95 74 61 58 56 51 50 47 46 46 46 45 45 43 47
102 140 179 211 191 170 116 86 81 79 76 76 72 60 52 50 52 48 47 46 45 44 45 44 44 42 45
159 259 241 259 243 205 174 167 152 143 119 127 120 85 73 70 66 70 64 66 67 51 45 44 45 46 44
207 284 264 268 255 217 184 182 155 150 136 129 125 96 80 71 64 58 61 60 64 53 46 44 44 45 47
213 325 301 277 257 226 171 128 111 110 119 106 93 68 55 53 49 49 46 47 50 46 48 45 44 45 46
200 333 315 319 345 281 159 129 128 159 153 142 117 81 66 64 59 60 56 56 61 54 43 45 50 46 47
419 532 448 471 433 378 236 185 174 193 190 165 137 95 69 63 58 58 55 50 58 46 47 52 48 47 49
425 519 390 383 365 283 168 135 112 122 109 92 80 68 59 56 51 51 51 49 46 47 49 46 45 47 48
270 355 287 233 170 132 105 89 78 75 73 74 64 56 52 49 48 47 47 47 47 48 45 44 44 45 46
207 339 331 306 202 144 115 101 84 82 77 73 70 60 52 51 48 48 49 47 48 46 45 50 44 44 46
128 241 217 204 165 133 114 88 73 75 67 64 61 53 51 49 46 46 50 45 46 46 44 45 48 45 46
66 91 86 93 88 94 103 81 59 54 55 51 49 47 45 44 44 43 45 47 43 43 44 44 44 44 44
55 69 65 68 76 96 88 68 53 51 54 48 46 46 44 44 46 43 45 47 44 43 45 43 43 48 46
70 91 91 94 110 142 131 96 81 63 58 57 53 49 51 46 44 45 47 46 48 45 46 46 44 44 52
111 135 117 121 141 165 174 136 102 79 71 62 59 52 50 51 46 47 48 45 47 45 45 47 44 45 49
93 91 84 83 85 89 104 95 66 56 54 53 50 47 43 46 44 44 46 44 45 46 44 44 45 44 48
79 76 70 74 84 78 97 80 63 54 52 51 49 47 46 46 45 47 48 46 46 48 49 46 43 46 50
88 97 96 105 108 114 126 113 78 70 61 59 59 51 50 51 53 59 62 52 50 47 51 47 45 51 55
182 160 143 140 136 149 164 139 95 78 71 66 62 55 50 61 53 56 56 53 48 48 44 44 45 49 56
89 76 73 72 73 70 69 62 52 51 51 50 49 43 46 51 50 47 46 45 43 46 45 44 46 45 56
60 54 51 52 53 52 52 51 44 47 52 47 45 46 44 46 51 46 45 45 43 45 48 47 53 58 82
