45 47 46 45 49 56 56 58 68 223 132 51 51 54 250 594 213 59 48 45 47 44 44 46 44 44 49
43 43 46 42 44 45 45 46 49 52 49 44 45 45 65 94 68 62 46 44 43 43 43 43 44 41 46
42 43 41 43 50 45 44 46 52 48 46 43 45 44 45 48 46 44 44 48 44 42 43 42 43 44 45
43 44 44 42 46 52 56 63 133 73 50 45 47 46 47 53 66 48 45 42 44 44 43 44 44 43 44
43 44 44 42 45 53 70 74 94 54 47 46 46 46 50 58 99 54 46 43 50 44 43 43 42 43 46
42 43 43 46 43 45 59 75 63 48 44 43 46 45 46 49 67 51 46 44 44 43 44 42 42 44 44
43 43 44 44 45 47 68 122 99 58 47 46 46 45 47 57 69 58 52 45 44 44 43 43 44 42 49
46 47 44 45 48 56 135 219 171 72 54 52 54 51 54 124 168 152 62 58 47 44 44 44 44 44 48
44 46 45 45 47 52 116 171 130 63 49 49 53 51 52 133 159 169 79 47 46 47 44 46 44 43 47
42 44 44 44 46 51 103 109 65 51 47 46 50 48 49 68 105 92 62 45 45 44 43 44 43 44 45
45 51 47 46 54 106 319 300 174 86 58 56 59 59 62 114 170 176 120 49 48 46 47 45 46 47 44
47 51 48 47 54 118 276 298 217 89 63 61 61 61 78 189 236 315 338 49 49 47 49 46 44 45 46
44 45 46 44 48 63 106 101 63 50 50 49 47 49 59 93 164 242 217 46 48 45 46 45 42 45 45
43 45 43 44 48 56 118 78 51 47 46 45 47 52 47 49 78 95 64 45 45 44 44 47 44 42 44
44 46 45 45 51 63 107 98 74 51 47 49 53 49 51 59 129 189 68 48 46 44 44 42 43 48 46
49 45 44 44 46 63 105 82 53 46 47 51 48 45 52 61 83 85 57 45 45 46 46 44 41 44 49
42 48 44 43 46 46 57 49 45 44 45 42 45 47 46 44 64 58 51 42 43 44 43 43 42 44 47
44 50 44 43 47 56 85 80 61 47 45 46 50 46 45 50 53 51 46 45 43 42 44 43 43 42 44
42 47 51 46 49 87 133 130 67 53 51 51 51 53 62 100 108 62 49 46 46 44 42 44 48 45 44
43 45 43 44 45 58 76 73 56 49 47 46 48 48 55 83 106 77 46 43 46 43 44 41 44 49 49
45 51 46 46 54 93 129 123 95 57 51 50 52 52 61 67 66 63 46 45 46 44 44 42 43 50 45
49 56 48 51 93 201 212 198 191 124 70 66 74 104 185 171 141 122 55 54 51 45 46 44 44 46 46
48 54 51 46 74 155 148 132 147 93 64 62 75 110 179 150 153 145 59 50 49 44 45 45 44 47 43
44 44 46 46 53 79 77 67 65 53 51 49 49 60 79 73 86 80 47 44 48 45 42 43 43 43 44
51 61 63 52 131 260 270 211 210 118 90 92 118 158 175 162 148 89 55 57 53 46 46 45 44 46 44
61 81 58 55 138 236 216 263 221 138 131 157 179 215 224 224 171 157 65 57 54 51 54 46 46 43 49
53 64 54 47 63 101 121 119 110 87 75 101 121 132 157 167 113 87 49 49 62 59 68 84 44 44 46
51 63 54 57 85 195 221 180 180 162 162 182 198 210 193 179 102 66 52 47 53 53 50 55 56 44 46
55 65 66 129 177 218 189 195 179 166 179 160 184 221 184 191 115 66 55 63 53 48 47 45 45 47 46
48 60 63 77 95 127 155 148 125 133 124 126 139 163 136 135 78 56 48 63 51 44 54 47 44 45 42
54 55 49 51 58 82 123 132 124 157 141 131 106 135 95 76 57 53 48 47 50 46 53 46 44 45 45
61 72 55 50 87 119 174 242 204 182 173 198 212 230 173 168 71 62 51 54 58 49 46 46 44 45 46
53 68 57 51 70 86 132 192 205 178 156 187 184 192 149 138 67 58 50 49 53 54 47 46 44 46 46
46 53 53 47 54 66 118 113 125 115 116 107 117 140 118 82 54 51 48 46 49 52 45 45 44 46 47
53 54 48 47 53 64 117 121 117 98 105 130 135 139 112 65 53 51 50 46 50 56 44 44 41 44 51
50 53 53 49 52 70 113 119 85 90 80 104 127 147 131 77 54 50 49 46 59 79 46 45 46 44 46
47 56 47 44 50 67 90 84 82 67 65 80 87 106 86 61 48 48 44 48 54 68 46 44 43 44 45
58 50 45 46 46 50 56 62 59 56 53 59 76 73 59 49 44 44 44 45 46 46 44 43 46 44 42
60 61 46 48 54 68 103 127 114 106 95 112 122 113 80 66 51 50 46 50 60 51 46 43 44 47 45
75 95 53 50 56 70 104 133 136 110 94 106 118 103 76 58 52 51 47 54 71 57 49 46 45 46 45
54 63 46 46 56 56 74 98 103 80 73 80 86 78 58 51 49 48 46 54 57 46 45 44 43 44 42
80 121 55 52 56 69 92 143 148 114 120 111 119 102 76 63 56 51 50 94 153 79 46 46 44 45 44
302 523 75 62 66 99 161 213 189 171 179 177 144 144 104 81 66 61 61 138 194 99 46 46 46 46 47
198 275 72 57 70 114 176 223 196 192 190 185 165 140 95 83 66 59 55 74 81 54 46 46 43 46 50
64 108 57 58 59 80 100 147 162 151 159 160 156 109 89 74 65 54 50 66 60 46 46 45 44 42 48
94 232 118 59 98 192 224 260 268 237 224 239 263 196 166 168 121 71 66 122 106 55 48 51 48 44 48
97 204 160 62 186 238 222 250 237 223 214 217 231 195 182 175 127 70 62 91 85 57 48 47 46 45 47
50 76 81 50 80 108 142 158 125 110 118 106 136 121 121 110 84 58 51 63 63 42 45 50 44 44 46
57 84 83 68 168 212 206 206 191 183 191 178 207 181 159 188 153 123 63 143 105 51 54 47 46 46 47
78 94 149 133 289 264 234 238 213 177 193 192 232 174 167 188 188 172 106 172 96 51 48 49 51 46 47
55 73 79 118 251 220 196 209 172 148 136 149 166 123 118 126 127 103 74 72 60 48 46 46 44 45 46
46 49 54 53 69 80 98 99 89 83 69 77 76 75 74 77 70 79 64 54 47 46 45 45 43 44 44
55 67 63 68 113 161 180 171 172 173 142 187 168 150 140 141 117 103 71 66 58 57 47 46 45 45 46
53 59 49 57 83 87 100 118 123 149 122 149 125 101 83 76 65 60 54 50 50 48 46 45 44 44 46
54 53 46 48 57 56 65 76 88 78 78 78 62 55 52 53 48 46 49 44 46 46 43 45 48 44 44
44 50 46 45 48 59 60 58 58 61 64 59 52 51 49 48 46 46 44 48 44 44 46 46 44 44 46
47 54 50 58 58 71 78 84 99 104 96 105 83 70 72 65 56 52 50 55 48 47 51 46 44 44 44
47 75 62 58 65 80 95 101 103 115 109 99 79 67 66 65 53 54 48 50 50 46 46 47 44 45 47
47 61 52 48 48 53 63 70 67 66 63 59 54 50 50 46 45 47 46 46 48 46 49 49 44 44 48
51 56 55 50 52 55 64 68 65 65 65 60 57 57 51 49 54 53 51 51 51 51 53 46 44 45 44
65 76 75 67 75 79 92 95 90 91 89 95 82 70 68 72 74 70 62 55 58 54 58 50 45 50 57
89 103 98 106 86 90 105 98 94 85 85 86 78 64 68 74 70 61 61 52 54 50 47 45 46 47 56
60 63 55 55 56 54 56 56 55 51 54 54 51 49 51 50 50 46 46 46 46 49 46 44 46 50 64
46 47 51 46 48 47 47 52 53 50 48 49 48 47 47 45 56 48 44 47 47 52 49 45 55 58 99
