43 44 44 43 45 49 46 45 52 53 62 47 44 46 156 60 48 47 45 42 44 44 44 44 44 50 55
42 40 44 42 44 50 49 46 53 46 45 45 45 44 54 52 55 44 44 43 44 44 41 43 49 44 43
43 42 46 49 45 49 51 50 89 57 47 46 47 46 58 76 50 50 53 45 44 44 42 43 44 43 45
43 44 44 46 45 44 50 50 66 53 45 44 51 45 51 75 44 46 45 44 43 43 43 43 44 42 43
42 43 42 43 49 44 58 53 50 45 45 43 45 48 46 51 46 43 44 49 45 42 43 42 42 44 44
43 45 44 46 44 49 116 144 132 50 47 47 49 46 50 78 63 47 44 44 44 43 44 43 43 47 46
45 51 45 46 51 54 126 186 164 74 52 50 53 53 68 163 172 65 50 44 45 44 43 44 43 44 51
43 44 45 45 46 47 65 105 71 50 47 48 51 46 61 136 139 65 49 43 44 43 43 44 42 43 49
43 44 45 45 46 56 98 123 70 48 48 49 50 49 54 94 81 55 42 45 46 44 46 44 44 43 46
44 46 46 48 51 100 152 148 125 61 54 52 55 57 101 158 152 127 52 46 51 46 44 46 43 44 52
44 52 47 49 52 89 174 186 128 63 54 55 57 57 110 178 170 189 103 41 46 52 45 44 44 43 45
42 44 44 46 51 60 87 78 53 49 49 48 49 47 64 98 97 98 76 45 44 44 42 43 44 44 44
44 45 44 46 50 77 128 93 52 46 48 51 49 47 50 72 96 71 46 51 45 44 45 42 43 44 44
44 50 46 45 51 63 111 87 58 50 49 48 49 55 52 89 151 133 55 54 45 43 44 42 43 45 44
41 43 43 43 46 47 55 55 50 50 46 43 45 45 48 53 66 72 50 45 44 46 41 43 48 44 45
42 42 44 42 45 45 53 46 42 44 49 44 44 44 44 46 47 46 43 44 43 43 47 43 44 44 44
43 42 44 44 54 58 105 68 53 48 47 47 46 46 49 51 62 53 44 44 45 44 43 44 44 45 46
48 46 43 45 48 51 80 61 51 50 47 47 47 46 56 81 89 78 46 46 42 44 45 43 43 42 47
48 46 43 45 44 46 55 49 46 43 45 48 45 43 51 65 76 49 46 43 44 41 44 49 44 42 47
45 45 47 46 63 123 159 125 85 57 52 53 54 54 73 78 65 58 47 45 46 44 44 44 44 46 57
51 54 56 68 139 327 309 290 224 118 81 80 85 118 241 205 206 175 64 51 48 49 48 46 46 47 47
48 56 51 61 97 189 187 170 172 105 68 71 85 133 238 240 202 210 75 49 48 48 45 43 45 46 46
47 60 59 61 118 214 182 135 142 85 65 64 78 106 131 112 116 102 54 49 45 46 46 44 45 44 50
53 58 63 78 206 223 211 166 216 164 106 92 138 156 216 145 158 154 70 54 49 49 46 45 45 47 47
55 99 66 71 190 223 231 221 223 194 118 127 170 170 217 208 178 183 80 52 51 54 46 43 45 57 50
49 81 53 86 62 94 103 104 85 65 88 76 95 106 138 141 122 110 63 59 50 97 45 45 45 48 49
61 75 64 102 176 374 378 341 311 190 210 227 245 281 265 257 161 85 59 56 53 59 57 46 44 46 53
74 103 86 376 243 433 495 409 417 375 357 402 381 401 345 431 326 154 74 64 63 61 53 50 46 48 51
87 76 71 334 202 262 303 327 324 289 293 286 258 295 262 299 200 126 88 58 58 63 51 48 47 47 49
56 59 97 81 146 169 169 174 152 174 157 184 170 197 159 161 89 58 52 46 50 66 48 45 44 46 46
101 74 127 88 142 129 140 152 154 199 153 143 129 154 130 158 102 59 55 67 64 70 46 44 45 44 46
54 77 59 63 91 96 130 159 147 102 103 135 147 163 118 152 71 53 49 64 87 98 47 44 44 45 45
48 63 53 49 56 61 85 110 127 66 70 116 102 115 70 63 51 48 46 50 48 46 45 44 43 46 43
52 62 54 57 64 94 167 222 180 168 141 193 202 227 144 79 65 58 47 51 57 51 44 44 43 44 46
56 61 56 61 66 95 173 217 231 213 216 179 204 223 198 97 69 60 49 51 51 53 51 45 44 45 46
45 45 46 46 48 55 65 67 64 60 56 64 74 110 97 61 50 47 44 42 47 47 44 47 44 45 53
49 52 45 48 50 64 84 83 75 70 64 82 79 98 85 65 53 47 46 43 50 45 44 49 45 44 45
57 65 50 51 52 78 101 95 87 85 69 84 82 90 85 67 51 48 46 44 55 52 46 45 44 43 44
53 52 45 50 46 51 57 63 58 53 51 55 58 56 50 47 45 44 44 41 47 50 44 43 43 42 44
48 46 53 54 51 56 76 102 105 98 79 91 99 88 64 55 49 47 45 46 46 46 49 47 44 44 44
49 59 51 50 56 58 86 127 139 106 96 105 106 83 62 58 52 45 46 46 50 47 44 45 44 44 42
53 73 48 48 51 55 72 97 95 86 95 83 85 75 63 54 46 48 46 54 103 168 46 44 44 42 45
203 343 64 55 60 80 139 150 139 126 126 110 110 110 93 72 60 54 51 78 143 125 46 48 44 45 46
198 219 72 60 66 110 181 218 170 166 153 156 149 130 98 84 65 58 50 64 80 64 49 42 46 50 47
69 110 58 55 58 68 99 148 150 132 146 154 147 117 89 78 59 54 49 63 59 49 45 45 44 45 49
85 199 121 75 83 159 252 299 298 262 238 264 280 230 175 183 112 73 66 114 87 56 47 47 47 46 50
87 176 179 104 96 241 284 320 300 283 282 271 271 238 212 195 132 74 69 92 70 60 49 49 46 46 49
51 72 85 61 65 116 141 176 153 138 146 140 141 131 126 108 86 58 53 63 53 49 44 44 44 44 46
53 67 91 77 95 196 186 189 172 165 159 145 175 136 126 153 146 93 103 140 69 55 48 44 46 46 48
73 67 170 158 186 220 205 191 172 156 156 149 184 139 136 163 163 128 133 150 56 56 47 46 45 45 47
52 66 93 130 186 208 210 202 172 144 137 148 160 131 124 135 136 97 74 69 51 50 46 44 44 45 46
49 52 51 54 66 94 103 123 110 90 84 98 95 93 98 104 93 94 71 52 48 45 45 44 44 44 42
55 67 63 66 110 164 220 216 213 196 168 187 179 168 162 155 119 110 66 58 56 54 45 46 45 45 47
50 56 51 58 66 76 98 108 118 137 116 123 104 96 78 74 63 56 45 48 46 47 50 45 42 44 44
49 46 45 47 48 49 50 57 64 57 55 59 53 50 50 46 48 44 44 41 45 42 44 50 44 42 45
45 46 43 48 47 51 52 52 51 56 61 58 51 52 51 48 46 45 44 42 46 45 45 52 44 42 46
46 54 49 54 57 71 76 81 93 104 96 99 79 73 76 66 58 55 50 51 49 56 49 45 45 43 46
46 59 61 61 59 71 81 85 90 96 99 89 73 68 66 60 55 51 48 46 47 55 49 46 44 43 47
45 46 49 51 46 47 52 55 52 54 55 53 51 47 49 47 45 46 45 45 42 49 56 48 42 44 45
53 61 51 47 50 50 58 60 57 58 58 61 56 51 51 49 52 51 54 48 48 59 57 50 50 45 46
63 79 76 64 72 75 82 84 79 84 86 92 80 70 66 70 72 68 59 62 56 60 63 49 44 52 55
81 93 89 82 75 80 87 81 78 76 78 84 74 63 64 71 69 56 52 56 50 52 50 43 44 52 56
56 56 54 53 52 51 52 51 51 49 52 57 50 47 49 48 46 47 45 46 46 49 46 46 46 51 61
44 46 47 45 46 48 48 51 47 46 48 49 48 48 46 48 47 48 44 46 46 52 48 44 52 65 99
