42 46 45 46 44 42 43 43 43 44 41 43 50 44 43 44 43 42 44 45 47 46 44 43 50 44 45
43 44 44 44 42 43 47 44 43 44 43 43 45 43 44 42 45 44 44 44 44 44 44 44 41 43 52
42 42 46 49 45 42 44 42 43 44 43 44 49 44 43 44 42 43 48 45 43 43 43 43 44 43 46
43 43 42 45 50 44 42 43 43 43 44 43 45 47 44 44 42 43 44 49 46 43 44 43 43 44 46
43 43 43 45 50 44 42 43 43 43 44 43 44 48 44 42 44 43 44 49 46 42 44 42 43 44 46
45 43 44 42 48 49 44 42 43 43 43 44 44 43 48 44 43 48 45 43 45 43 43 44 44 44 46
44 46 43 43 47 43 45 45 44 45 45 43 46 44 44 44 44 48 45 44 45 44 43 44 44 43 49
44 43 47 42 44 44 44 43 43 44 46 44 43 43 44 44 41 44 50 47 44 45 43 43 45 43 45
43 44 43 43 45 42 43 47 44 43 44 42 44 44 44 43 42 44 40 44 51 44 43 43 42 43 45
43 44 43 43 42 43 49 44 43 44 43 44 44 43 44 44 43 44 47 44 44 49 44 44 44 42 44
43 44 44 43 44 44 41 43 48 44 43 44 44 43 45 44 47 51 60 56 46 50 45 44 44 42 46
41 42 44 43 44 41 43 47 43 43 44 43 44 44 44 44 45 48 67 51 46 44 45 43 42 44 46
43 49 45 43 44 44 45 44 44 46 46 46 48 52 49 48 80 272 56 54 49 46 47 46 44 46 46
44 48 46 43 44 43 44 46 45 46 44 48 51 48 48 66 149 96 48 46 51 46 46 45 43 45 46
43 43 44 42 44 44 44 44 44 45 46 51 47 45 47 90 122 66 46 51 46 45 51 44 45 45 43
43 42 44 42 44 44 44 44 45 45 46 46 44 44 51 85 85 46 44 48 45 45 45 44 44 46 45
49 44 42 43 44 43 46 46 49 50 50 54 54 53 137 212 224 62 56 49 49 50 47 46 47 44 50
43 45 42 43 50 44 44 46 45 47 49 51 52 51 72 99 276 76 70 53 52 52 49 45 46 45 47
42 43 45 42 44 46 45 45 44 43 44 45 46 44 45 46 70 56 59 44 45 49 48 46 44 42 45
43 40 43 46 46 46 45 44 44 45 46 46 44 48 53 54 63 102 74 62 51 51 48 45 47 44 43
44 44 41 44 45 45 48 50 44 47 47 50 50 47 54 56 60 128 165 99 81 66 57 50 46 46 47
45 46 44 45 46 42 44 47 45 47 45 51 54 48 46 49 50 84 107 120 160 73 61 57 48 43 49
43 45 44 44 47 45 43 46 46 47 48 51 49 54 48 48 52 54 68 226 199 79 60 54 47 45 46
43 45 47 45 47 45 46 48 53 57 57 59 59 61 57 62 74 68 97 348 282 246 223 91 64 47 45
45 50 46 45 46 48 47 50 56 60 61 69 62 61 65 65 70 72 156 278 343 337 383 314 118 47 70
44 44 45 44 45 42 46 52 51 53 55 58 58 56 51 54 56 55 61 101 198 237 292 238 87 51 64
44 44 46 48 45 43 46 48 51 63 60 61 63 59 58 70 63 59 60 69 121 204 238 175 73 50 43
44 45 45 43 45 50 50 55 67 86 86 93 98 108 112 101 96 93 94 86 142 210 307 266 168 56 53
44 44 45 44 42 44 53 55 68 77 76 89 87 90 98 110 94 84 69 60 79 102 127 149 110 59 47
42 44 44 44 42 44 51 51 57 74 73 81 69 63 74 68 84 64 57 54 57 65 76 86 72 50 44
51 52 56 50 50 50 78 215 298 325 322 3963 374 332 313 260 254 223 187 182 182 179 168 135 124 77 60
48 49 47 47 47 51 96 288 353 325 325 308 275 264 293 185 278 185 188 177 180 158 157 158 146 120 62
46 53 47 45 46 46 75 275 344 310 311 274 263 246 253 169 204 140 126 118 114 103 111 88 69 55 54
44 43 45 45 45 46 50 105 187 166 166 140 190 166 140 116 102 83 74 78 76 64 65 56 50 46 51
45 46 45 43 44 45 59 126 101 162 168 173 180 126 138 102 104 90 87 85 74 65 68 54 55 52 53
46 45 46 45 45 48 80 151 195 138 144 148 135 116 144 84 86 73 64 57 59 55 62 60 51 47 53
45 44 43 43 44 57 88 114 142 146 141 81 76 72 71 59 58 52 53 48 49 50 48 47 50 45 45
44 47 45 42 44 47 66 146 239 162 163 121 116 104 100 74 67 57 54 51 53 59 54 49 48 44 45
45 40 45 49 45 50 127 206 248 163 163 118 118 112 120 91 80 63 56 56 53 55 59 54 49 46 44
43 43 42 44 48 45 94 176 239 167 168 129 128 123 110 80 70 60 56 55 52 55 59 51 48 47 44
43 49 44 44 45 43 57 80 149 150 147 118 110 99 75 61 58 54 53 53 50 53 52 48 50 42 45
42 44 47 44 46 44 51 86 132 124 124 95 97 99 78 69 60 56 52 54 56 53 55 48 47 43 44
42 45 50 44 45 45 60 92 143 121 121 103 103 99 85 68 66 59 58 73 68 61 65 54 53 46 43
44 44 46 46 45 46 50 85 166 140 140 136 131 121 92 69 64 60 59 78 75 62 56 49 48 46 45
43 44 45 44 45 45 48 64 90 154 157 173 169 127 76 69 70 64 71 95 112 94 60 52 49 46 48
48 47 49 46 47 47 52 76 146 227 226 253 262 213 123 119 177 217 224 281 289 420 247 78 63 51 52
46 47 47 46 46 48 52 68 97 204 204 228 216 179 125 181 229 225 222 232 116 271 194 70 57 50 51
45 46 45 45 43 44 51 55 61 91 92 138 160 89 105 157 142 148 107 64 58 67 72 52 49 46 47
43 45 45 44 45 44 50 54 60 109 110 112 115 93 111 124 110 108 107 82 67 65 67 54 51 45 46
43 46 46 44 45 43 48 60 66 96 97 124 152 137 137 142 129 133 120 78 75 67 64 53 53 47 53
46 44 46 45 46 44 48 61 67 83 85 139 185 185 168 181 162 166 109 74 63 60 60 54 58 48 53
47 50 47 44 46 45 50 66 77 92 96 173 271 308 263 293 257 243 88 72 70 70 68 60 53 48 56
47 46 47 45 46 46 52 71 83 95 99 203 350 340 292 335 289 283 111 99 92 90 112 85 60 50 53
46 44 46 47 46 46 51 61 70 73 74 130 184 222 216 235 226 189 91 76 72 71 91 72 53 53 63
48 46 45 43 44 45 46 49 49 54 60 67 77 117 101 99 98 71 56 54 57 55 58 65 49 49 61
48 47 43 44 45 46 46 46 51 60 55 59 67 81 85 87 77 71 70 66 66 63 62 63 62 52 56
48 47 51 47 48 52 51 52 61 61 63 78 79 84 106 119 107 104 94 124 97 84 90 78 71 50 59
53 50 57 57 49 51 55 54 56 58 57 66 65 70 79 98 91 93 78 95 63 68 73 60 50 46 49
47 50 46 45 46 45 48 50 49 49 50 55 54 57 59 66 62 68 67 64 61 64 76 54 48 45 45
51 54 51 46 46 45 52 52 51 52 52 58 61 60 60 70 78 85 92 72 66 74 86 72 62 47 51
63 50 77 57 54 54 56 60 58 62 62 69 69 71 76 100 140 156 136 108 90 113 107 95 72 61 56
70 61 78 61 58 57 56 56 55 56 56 59 61 61 71 93 102 124 95 78 68 75 64 62 57 52 52
50 44 48 52 48 47 47 46 46 48 48 49 51 51 56 69 60 64 57 55 52 57 52 55 51 48 53
44 43 45 44 45 49 46 48 46 45 46 49 49 49 48 55 57 53 52 53 52 62 57 58 67 59 77
