47 50 51 50 49 49 50 91 299 130 247 317 44 45 50 44 43 46 44 42 44 44 44 44 43 45 49
44 44 47 43 44 45 58 61 52 44 45 45 44 44 42 43 42 43 47 44 42 43 43 43 44 42 45
46 46 47 48 47 60 152 128 69 50 61 57 47 47 45 41 42 44 43 40 42 44 44 44 44 40 44
44 46 50 47 50 58 130 85 55 53 105 52 50 47 46 44 44 43 43 38 44 49 44 43 43 42 43
41 43 44 44 47 49 54 50 44 43 49 43 44 44 46 43 44 42 41 43 42 43 47 44 43 44 42
46 47 48 49 96 135 82 47 48 45 46 45 43 43 45 44 42 43 44 42 44 47 44 44 44 42 44
58 71 68 74 267 398 223 56 51 50 47 47 52 46 44 44 43 44 42 44 49 45 46 45 42 44 45
53 57 63 65 200 243 122 49 47 47 47 43 46 49 45 44 43 44 44 44 44 44 49 44 44 44 43
45 45 48 64 69 73 47 45 41 44 49 44 43 43 43 43 46 43 43 46 44 42 44 40 44 50 44
60 61 76 152 173 171 88 53 49 46 47 51 46 43 45 44 44 44 46 44 44 44 45 44 44 42 44
76 84 158 238 268 275 102 71 59 55 54 55 50 48 46 45 46 46 53 44 45 46 46 45 42 45 50
53 63 79 120 164 120 61 58 51 49 48 48 53 50 49 45 44 45 54 63 45 44 46 44 44 44 45
61 73 130 148 163 80 62 59 54 51 50 48 44 46 50 45 43 43 46 48 44 44 45 44 46 46 42
77 120 212 179 189 143 129 159 159 113 93 91 82 76 60 55 50 46 48 45 46 45 47 44 45 46 45
52 70 77 69 60 55 73 82 95 87 88 74 81 89 64 55 55 52 59 46 44 45 44 44 44 42 44
46 70 60 48 50 46 45 46 46 46 46 43 45 51 45 43 46 43 44 51 45 43 43 43 43 44 42
66 103 152 68 58 55 78 71 65 81 66 57 50 48 47 51 45 46 44 48 46 43 45 43 44 44 42
62 95 118 72 58 58 73 70 88 108 83 71 62 87 81 63 54 58 46 50 54 46 46 44 44 44 45
45 55 59 56 47 47 47 50 46 45 46 46 45 46 43 46 44 47 45 42 44 44 44 44 43 44 49
74 108 119 76 56 56 51 54 54 50 49 47 45 44 45 44 43 44 48 44 43 44 44 44 44 44 44
142 194 223 159 121 76 92 105 98 107 90 83 68 60 55 48 45 47 54 46 45 47 46 45 46 47 45
140 200 223 153 109 73 77 73 85 82 72 74 64 59 65 54 54 50 50 44 46 47 49 49 47 61 45
125 185 219 115 91 67 63 62 58 56 54 52 47 47 47 46 44 44 45 41 45 51 47 45 44 58 44
254 264 329 258 165 116 109 106 119 106 97 75 61 61 58 49 48 47 47 47 46 50 55 46 47 50 45
483 589 564 353 254 168 172 175 203 181 168 154 111 96 97 67 63 56 56 61 57 62 66 54 55 60 49
186 245 340 234 168 95 84 80 76 71 64 59 55 53 50 47 46 46 43 48 53 50 51 49 52 92 46
213 284 318 260 198 168 122 96 79 71 65 60 57 53 51 46 45 46 44 46 51 48 50 46 45 50 47
326 414 415 394 326 398 339 248 197 190 160 133 90 76 62 54 55 50 49 51 52 54 58 47 49 57 49
338 318 381 374 302 379 309 252 181 163 142 116 89 89 59 59 52 49 50 49 50 54 57 50 49 59 49
143 197 238 224 168 182 136 114 75 65 61 58 52 49 47 46 45 44 47 44 45 48 49 46 44 59 49
174 260 287 251 191 163 183 142 93 87 71 65 58 54 49 46 45 46 46 46 46 48 51 49 46 49 46
186 258 302 238 154 133 196 238 158 140 112 104 88 87 67 62 49 49 49 49 46 52 56 47 47 50 46
167 224 197 153 125 101 126 190 122 104 87 78 69 60 54 53 45 46 45 46 46 51 51 46 44 50 46
170 337 388 237 156 104 109 107 87 74 67 61 56 52 51 50 44 46 46 46 48 48 53 50 48 50 47
119 151 145 129 106 90 91 98 84 82 70 59 64 67 54 50 47 47 45 49 48 46 53 46 46 48 46
146 186 180 173 162 128 115 118 109 113 95 104 95 98 76 66 60 54 51 52 52 55 61 47 54 70 43
133 171 183 180 171 94 78 83 70 67 62 58 51 51 54 47 45 46 47 44 49 49 47 45 46 70 46
157 223 266 250 153 88 78 81 69 63 60 57 52 50 46 46 45 46 46 44 46 48 50 47 43 49 51
152 201 212 229 193 118 93 108 95 89 82 72 65 61 52 48 50 47 47 47 46 48 50 47 46 46 46
163 218 232 242 209 148 107 132 102 95 94 80 65 62 51 48 51 46 46 47 46 48 51 48 46 47 46
163 225 237 230 172 114 92 91 73 66 60 56 53 50 48 47 45 46 47 42 46 53 51 46 46 47 46
183 270 275 252 193 135 105 129 108 90 77 65 56 52 50 44 45 44 47 44 47 52 53 46 47 49 48
265 378 284 271 271 211 206 238 185 153 152 123 97 74 54 50 47 48 46 48 47 52 63 49 47 51 53
245 371 282 263 252 191 191 213 147 119 97 75 62 55 51 48 46 48 48 50 49 50 56 48 47 51 55
189 243 245 215 187 92 86 92 72 66 65 58 52 50 47 46 44 45 45 46 51 49 50 46 45 47 49
324 398 379 345 289 167 163 204 160 136 115 99 68 59 52 49 47 48 49 49 51 53 58 49 48 52 50
394 418 396 379 338 186 192 234 178 155 135 103 72 58 54 50 51 48 49 49 51 55 59 50 49 55 54
361 390 414 355 253 129 123 136 100 85 76 68 59 56 52 49 48 48 49 46 49 51 59 54 49 53 49
303 346 322 280 193 108 103 125 101 95 83 69 58 53 50 48 48 46 51 48 48 51 54 49 54 54 48
507 497 447 418 294 164 154 201 175 154 150 119 74 62 56 51 50 51 54 50 51 57 63 55 55 71 58
571 527 420 380 236 136 127 149 110 100 89 75 63 58 54 50 48 48 49 51 50 57 66 51 52 56 54
434 487 320 221 156 111 105 109 86 79 74 66 58 51 51 54 47 48 48 48 49 54 58 50 54 52 49
491 559 467 326 199 134 128 138 104 92 83 74 64 60 56 52 47 49 51 54 54 67 109 64 60 58 51
365 426 340 255 159 112 114 123 94 86 79 72 63 63 59 52 52 52 52 56 58 89 145 63 53 53 50
105 118 108 93 81 72 72 70 61 55 55 52 48 50 47 44 47 46 49 52 56 64 98 61 51 49 44
72 83 79 81 75 75 65 59 53 52 50 49 45 46 51 47 46 46 53 66 65 92 115 81 57 47 45
133 134 123 121 112 103 81 71 65 60 56 54 50 50 55 53 52 52 53 68 64 88 95 86 68 47 51
248 234 180 156 132 117 98 91 78 68 63 58 52 51 51 46 53 51 49 53 50 58 63 55 49 50 50
162 132 112 100 78 66 66 66 58 55 52 50 49 46 46 43 47 46 44 46 46 52 51 46 45 49 51
129 111 94 85 74 63 69 63 56 51 51 51 48 43 46 51 48 48 51 49 50 71 64 50 45 46 50
178 164 136 122 106 92 84 78 66 58 56 54 52 47 48 46 51 60 58 58 61 71 78 53 47 51 55
306 242 200 168 136 111 99 95 72 66 63 58 53 51 46 51 49 50 46 52 53 57 60 48 46 50 58
100 82 78 69 65 55 55 52 50 51 49 45 45 45 45 45 44 49 45 49 46 44 46 44 45 49 55
61 57 56 50 50 47 48 49 44 45 51 45 43 44 43 43 45 45 46 45 48 45 43 45 51 61 84
