46 44 45 46 50 58 67 77 54 44 46 51 46 46 117 174 144 70 49 44 48 44 46 50 44 44 48
42 41 44 42 45 49 46 45 44 44 44 42 44 43 50 71 57 48 44 46 45 42 44 43 44 44 44
41 42 46 44 53 52 79 56 47 45 44 43 44 47 53 66 52 46 43 44 43 43 46 44 44 43 43
43 44 46 45 62 67 113 56 49 46 45 45 46 45 53 111 89 53 44 44 44 44 48 44 44 44 44
42 42 45 43 53 58 70 47 48 45 45 45 44 44 51 95 99 52 46 43 46 43 44 46 43 44 46
46 44 44 44 61 74 83 47 46 46 44 45 46 44 46 67 67 47 43 44 49 44 42 43 42 43 46
43 44 54 46 136 230 231 76 59 49 49 48 49 49 59 132 138 73 52 44 45 50 45 44 44 43 45
44 42 54 52 146 238 248 103 72 54 53 51 52 52 95 231 223 153 64 66 48 44 46 50 45 44 46
48 51 44 46 73 92 98 56 51 47 48 49 47 45 53 140 142 110 63 58 45 46 45 42 43 44 44
42 44 45 45 127 144 139 80 62 46 47 47 47 47 51 93 99 83 46 44 46 42 44 45 43 45 43
43 55 47 48 206 227 231 149 99 56 55 53 55 59 93 163 173 195 106 53 44 46 46 45 45 44 45
40 45 51 46 134 157 166 84 68 52 52 49 51 54 61 134 184 189 110 46 47 46 45 44 42 44 45
43 46 40 44 74 79 70 46 44 44 45 44 45 42 45 53 59 71 49 43 45 42 44 46 44 44 45
43 42 50 44 92 111 104 58 53 45 46 46 46 46 49 55 60 61 48 44 44 44 44 43 44 44 45
40 44 50 48 65 69 78 60 56 46 46 43 46 49 50 56 63 71 60 46 45 42 43 44 44 44 44
43 42 44 47 48 51 49 44 45 44 45 44 42 44 49 45 44 53 47 46 46 44 42 43 43 44 44
41 43 44 46 54 52 60 56 51 44 45 43 44 44 43 46 49 53 41 44 54 48 42 43 42 43 45
42 44 44 44 57 59 70 65 63 57 49 47 49 47 49 68 101 73 52 43 46 53 45 43 43 42 50
43 43 44 44 51 51 56 58 62 55 45 46 46 46 46 58 83 78 52 49 43 44 48 44 44 41 48
42 45 42 43 51 49 52 53 57 53 46 45 45 44 45 50 52 56 47 46 46 42 49 43 43 44 42
44 45 47 50 93 93 99 138 149 91 64 60 55 51 68 107 110 105 63 47 47 44 48 44 44 44 44
43 47 49 49 102 99 106 145 152 130 90 63 62 61 95 161 172 147 105 56 47 48 57 46 45 44 47
43 43 45 45 86 84 84 77 80 74 63 48 51 50 59 89 89 94 74 55 46 44 49 46 44 43 50
43 46 48 48 102 100 105 114 125 145 101 63 63 61 93 119 119 97 95 51 47 46 46 54 45 44 46
52 78 68 61 227 220 230 234 253 351 284 177 147 159 293 375 341 292 214 105 61 59 57 100 53 51 60
54 81 73 62 229 223 232 237 255 355 289 184 149 160 297 382 348 295 216 105 60 62 58 100 53 50 60
53 74 69 64 227 218 231 232 253 352 285 177 148 160 293 380 345 291 213 107 59 61 58 100 53 50 60
48 59 63 60 127 125 124 260 284 310 301 284 264 249 287 281 330 274 159 74 56 59 55 59 51 47 51
46 58 60 58 144 140 136 202 220 233 225 220 234 216 253 231 226 191 149 76 57 57 51 50 51 46 50
44 55 54 49 78 76 77 122 128 149 173 164 178 170 193 169 162 128 99 59 47 50 50 46 46 47 46
41 48 56 48 67 67 66 111 120 136 146 149 116 112 150 111 111 93 76 48 47 50 45 46 50 45 45
43 51 50 50 78 72 71 144 155 154 186 164 150 157 199 131 140 119 111 57 53 50 51 51 46 44 47
44 47 51 46 58 62 58 104 110 127 127 137 137 138 135 137 113 101 87 56 50 51 49 44 44 49 46
42 43 48 44 52 57 52 85 92 108 113 78 88 75 90 88 106 83 67 48 47 47 44 45 49 46 44
44 46 51 53 58 56 57 110 119 135 145 95 90 91 102 106 127 89 72 52 48 50 55 50 44 46 45
44 60 63 55 66 63 64 110 120 138 139 132 116 108 119 128 102 89 63 55 54 60 73 65 46 45 46
45 74 68 46 59 54 53 71 72 92 95 95 78 77 94 96 74 57 54 51 49 52 65 51 45 45 45
44 62 59 46 57 51 50 63 64 84 83 82 71 66 73 75 72 52 46 46 45 47 50 45 45 43 46
43 97 108 54 51 50 50 76 83 97 102 95 96 76 86 80 66 60 50 47 51 76 76 47 44 46 47
43 235 213 85 51 51 53 90 96 110 108 100 115 89 87 80 68 60 52 51 65 114 140 51 45 45 44
43 312 489 81 56 51 54 107 110 127 135 135 151 106 95 80 67 58 49 49 54 147 114 48 44 45 46
44 85 108 66 54 54 55 100 107 158 166 133 144 123 99 75 65 59 48 49 64 133 80 53 43 44 46
52 100 141 115 73 72 72 155 168 202 219 199 205 185 140 104 93 82 71 63 95 125 141 66 46 44 47
46 78 148 131 107 104 101 190 206 217 216 220 208 180 128 111 102 91 72 63 87 93 74 53 46 46 48
45 56 79 76 72 71 70 125 135 132 127 122 116 92 81 78 72 61 52 51 62 62 49 45 44 44 46
45 58 88 91 120 116 113 185 200 153 148 154 158 173 128 126 124 114 69 65 113 126 52 46 45 45 48
46 61 109 193 190 184 174 234 256 166 175 159 176 168 156 153 151 130 101 104 144 87 63 49 51 46 52
54 57 70 111 183 175 167 195 213 153 151 145 159 121 131 138 130 118 95 78 76 54 53 47 50 46 49
44 50 50 52 97 95 91 130 137 117 88 76 76 69 76 89 92 91 85 99 73 53 51 42 46 49 46
49 50 54 51 109 107 104 139 150 126 113 112 127 119 114 131 136 125 131 152 77 70 60 44 50 49 47
50 47 49 48 64 64 64 93 98 88 96 108 120 88 83 95 83 78 64 67 50 47 49 50 46 44 46
44 42 46 43 51 56 50 67 71 67 69 77 72 60 59 56 57 51 47 48 46 46 46 42 44 50 45
42 42 47 45 53 58 53 73 78 72 75 84 72 62 67 56 57 53 50 52 46 51 46 49 54 46 43
43 44 49 52 59 57 58 77 81 84 85 110 88 77 71 64 63 58 54 58 49 55 53 48 53 49 44
43 45 50 52 64 60 61 72 76 84 88 85 76 62 58 56 50 50 48 47 46 47 46 47 52 47 44
42 45 46 45 67 61 59 63 64 63 66 66 58 54 52 51 49 47 46 47 47 46 47 46 52 44 45
43 46 47 49 69 63 61 69 72 72 77 84 64 65 60 54 59 52 47 57 53 49 52 48 59 45 44
43 53 54 55 80 76 72 78 83 91 96 101 74 83 68 59 59 55 52 53 51 51 53 46 51 44 46
44 55 53 51 67 63 63 70 69 70 72 74 61 63 55 52 50 52 49 47 46 50 48 46 43 44 52
44 46 48 44 57 59 55 61 62 60 60 61 60 58 50 51 51 53 47 50 51 56 53 51 45 44 49
46 46 48 49 60 59 58 67 66 62 61 64 68 63 54 60 55 62 61 53 56 62 57 58 48 46 54
44 49 48 51 69 67 64 70 76 64 60 74 64 58 63 70 63 69 76 46 49 53 50 52 53 46 54
43 44 45 47 54 53 52 54 53 50 59 54 48 48 51 51 51 62 50 46 50 48 45 44 48 48 55
43 47 50 46 46 47 47 46 48 47 50 52 46 44 46 50 47 48 45 45 45 54 49 47 50 57 73
