42 46 44 45 44 42 43 44 43 44 44 44 43 43 44 44 40 44 50 44 44 44 43 44 44 45 46
42 44 45 44 43 43 44 43 43 41 44 47 45 42 43 43 42 40 44 49 44 43 44 42 43 45 46
42 43 43 43 44 44 44 41 43 49 44 44 44 44 44 44 43 43 45 40 44 48 44 44 44 43 44
40 43 44 43 45 43 44 45 43 44 44 43 44 45 44 43 43 44 45 44 44 43 45 44 45 44 43
43 42 44 43 44 44 44 43 44 44 46 44 43 43 44 44 43 43 46 44 44 44 42 43 47 45 43
42 42 44 42 44 44 44 44 41 44 48 44 43 43 44 43 42 43 44 43 41 43 49 44 42 44 44
42 43 39 43 51 45 44 44 43 44 45 44 44 46 44 44 42 44 44 44 44 44 41 44 49 44 43
42 44 40 43 50 44 43 44 43 44 45 43 44 48 44 43 42 43 45 43 44 41 44 50 44 42 44
40 44 49 44 44 44 43 44 45 44 44 44 44 45 44 42 43 43 44 43 45 44 42 43 44 41 44
46 44 45 44 43 44 47 47 50 42 44 50 45 42 44 43 43 43 45 41 43 44 44 44 41 43 50
43 46 45 46 46 43 53 63 69 49 43 45 50 45 43 44 39 43 45 43 44 43 44 44 44 43 41
44 49 46 46 47 44 48 64 159 52 45 47 52 45 44 44 43 42 43 44 43 43 42 44 49 44 43
46 47 46 46 46 47 53 53 184 114 49 48 48 46 47 44 45 44 42 43 44 43 44 44 44 44 44
45 46 43 45 45 48 53 51 93 164 54 47 47 44 46 50 41 43 43 43 44 43 44 42 43 47 45
44 45 43 45 51 46 46 48 82 127 61 46 46 49 46 44 42 42 45 50 46 43 45 42 43 44 44
43 44 44 44 43 51 51 46 56 75 46 44 45 44 44 47 44 43 43 49 45 42 43 43 43 44 42
50 50 50 46 61 58 65 79 200 180 84 54 49 50 54 46 42 43 38 43 50 44 43 44 42 44 44
47 49 49 48 61 56 77 104 183 71 60 51 49 49 48 45 42 43 43 43 51 44 42 44 43 43 44
46 51 50 47 46 90 164 55 51 49 48 47 47 46 46 49 40 42 49 44 43 43 42 43 44 43 44
57 83 77 89 121 225 204 71 60 57 56 54 52 51 49 46 42 43 48 44 43 44 44 43 44 43 45
72 129 159 163 161 191 84 86 61 59 56 58 52 50 51 47 43 41 44 49 45 43 44 42 43 44 44
71 194 154 119 86 73 63 58 52 52 53 51 48 49 50 45 42 44 44 39 44 49 44 43 44 42 44
233 380 302 141 74 69 68 68 62 59 59 57 55 56 56 49 44 45 42 44 43 44 48 44 44 45 44
384 394 500 247 109 114 105 88 83 76 72 69 63 62 63 50 45 44 43 45 43 45 50 45 44 45 45
615 730 493 138 113 118 127 103 113 97 84 80 74 76 75 53 45 46 43 46 50 46 46 46 45 46 47
108 174 77 55 53 55 52 54 59 52 48 49 54 55 53 45 42 44 41 43 50 44 43 45 42 45 46
80 96 93 77 84 88 87 86 78 61 63 56 58 62 58 44 42 43 45 41 44 48 44 44 44 43 45
131 191 183 158 144 212 161 156 142 109 125 142 102 101 104 52 41 44 45 48 45 44 45 44 45 42 48
210 254 221 191 212 188 195 150 145 131 122 127 147 146 147 54 45 44 47 44 45 46 45 45 42 46 51
152 233 141 120 133 130 122 112 117 88 83 78 99 97 95 49 44 44 44 46 45 43 48 44 44 45 42
316 335 456 334 324 330 280 264 242 244 248 191 163 167 167 81 46 45 46 46 47 47 44 46 50 47 48
213 281 344 235 177 263 421 378 319 296 280 257 269 282 285 207 48 46 47 46 47 47 48 48 47 48 51
90 118 103 95 103 142 271 285 297 259 277 255 229 238 240 172 45 45 45 45 46 46 46 46 46 47 47
78 70 65 60 64 80 142 142 127 138 186 122 153 160 156 88 44 43 44 43 44 45 45 44 44 41 45
54 56 61 53 59 67 89 79 90 101 108 106 138 149 143 126 49 43 44 47 46 42 44 43 43 44 42
61 56 56 53 60 67 89 99 108 105 115 106 104 109 115 98 48 43 41 44 48 44 44 44 44 44 44
54 54 53 53 59 74 89 88 94 91 93 94 81 86 91 78 46 44 44 42 48 45 42 43 43 43 45
58 60 58 57 68 75 95 112 119 119 130 131 106 107 108 69 44 44 47 44 43 43 43 44 44 44 44
62 68 63 57 73 80 122 146 159 152 164 154 117 122 120 74 47 44 46 44 43 44 44 44 44 43 45
64 69 63 60 74 84 140 174 174 162 166 170 105 107 108 69 45 44 44 47 45 43 44 44 43 45 45
64 66 64 59 64 76 127 175 182 167 162 142 93 96 96 51 43 43 45 40 44 49 45 44 44 43 45
58 61 62 57 65 72 113 161 142 145 125 112 84 87 84 55 44 44 41 44 42 44 50 45 44 44 44
59 61 61 61 65 82 119 144 145 151 117 106 89 90 90 54 44 44 43 44 43 44 48 44 44 44 43
64 72 66 64 79 94 140 147 159 157 137 130 100 104 104 51 43 44 43 44 47 45 46 44 42 44 46
69 73 71 64 74 87 125 160 156 162 155 153 116 123 126 52 43 44 42 44 49 44 45 45 42 44 46
119 117 118 89 85 97 121 185 194 204 228 238 167 177 172 59 44 44 45 44 46 47 46 46 45 44 46
374 508 448 374 321 282 190 204 256 273 271 279 180 189 186 65 48 50 46 47 47 45 48 51 47 49 50
476 567 469 454 428 430 309 244 203 246 242 230 136 141 140 64 48 48 50 46 48 48 48 48 51 50 52
135 151 92 94 118 140 163 175 127 107 142 130 96 99 99 51 46 44 48 44 44 46 43 44 49 48 46
136 132 90 98 151 188 169 184 189 164 134 160 112 117 116 53 46 44 44 50 46 46 46 44 45 50 47
229 143 105 103 152 212 192 217 222 200 182 209 120 123 123 62 47 45 45 45 46 46 45 45 48 49 49
105 97 82 82 103 183 259 269 253 234 214 250 116 118 119 61 44 44 45 45 46 44 46 48 45 46 47
97 103 93 84 92 115 261 398 384 340 311 293 112 116 113 63 46 46 46 45 45 46 50 46 46 51 50
91 105 96 85 102 126 203 351 393 313 273 248 113 120 116 61 47 46 45 47 47 45 50 49 46 48 49
85 103 86 84 95 108 148 211 244 229 195 135 76 80 84 54 45 45 45 45 46 46 46 45 45 46 51
64 58 56 60 60 74 81 83 82 80 68 66 51 53 57 50 45 44 44 46 48 46 44 45 45 44 51
64 69 62 63 75 88 102 98 101 96 83 74 59 56 60 63 49 47 48 49 46 50 54 50 45 44 48
135 137 107 101 117 170 186 160 125 111 95 86 65 66 66 56 51 47 45 46 45 46 48 46 44 45 49
186 161 121 108 109 117 139 124 91 83 73 68 59 60 60 53 45 51 47 44 45 46 47 45 45 45 49
113 90 72 67 76 80 98 83 67 63 59 58 54 51 53 62 48 48 50 43 49 63 58 44 45 45 51
78 79 73 70 84 85 95 92 74 64 62 61 55 56 53 58 49 57 50 50 52 57 73 47 48 51 55
135 138 125 118 109 128 129 109 86 80 71 69 61 62 62 55 53 52 47 49 47 49 52 45 46 46 57
141 136 112 99 85 77 75 74 68 62 57 59 54 53 54 45 55 46 44 45 50 46 44 45 46 47 62
58 56 56 53 57 55 56 61 50 51 51 47 47 47 47 48 54 42 44 45 46 49 44 49 63 61 89
