43 46 45 46 45 44 45 45 45 46 44 45 51 49 44 47 44 77 487 298 65 53 47 51 70 65 52
43 44 43 44 43 44 44 44 44 44 44 44 45 46 45 44 45 47 84 68 52 46 46 59 162 172 98
41 43 45 45 45 43 44 43 44 46 44 42 45 46 46 46 50 51 48 45 44 44 44 52 100 67 48
43 42 44 43 44 44 44 44 43 44 44 44 48 47 55 59 81 68 42 44 43 45 51 76 87 65 46
43 42 44 43 44 44 43 44 48 44 43 44 45 45 54 60 72 50 44 42 45 43 47 64 83 78 62
45 44 43 43 43 43 44 43 44 46 44 44 48 46 56 62 54 44 43 43 48 44 43 46 53 51 50
43 43 50 46 43 44 45 45 46 45 46 56 61 68 150 142 99 44 44 41 44 49 46 52 54 47 46
44 40 45 50 46 45 47 46 46 46 47 49 66 132 186 185 116 44 44 44 45 47 65 162 134 67 50
47 44 42 44 44 44 45 45 44 46 45 46 59 73 83 66 57 44 47 42 44 49 75 171 150 57 52
43 49 45 43 46 45 46 46 46 46 46 59 129 105 100 73 64 44 44 44 44 47 63 71 70 45 46
43 49 46 44 46 47 47 49 46 47 51 81 136 128 113 80 72 45 44 47 44 92 151 132 98 46 45
41 44 50 45 44 46 45 45 46 46 47 56 90 98 78 53 52 44 43 44 52 142 169 167 119 52 49
42 43 40 44 50 44 44 44 43 44 47 49 56 50 46 46 41 43 44 44 47 106 129 143 79 44 65
43 42 45 44 46 48 47 46 47 44 55 65 73 56 49 48 46 42 44 44 78 164 197 159 56 44 46
41 44 50 45 45 45 45 46 46 49 56 57 57 51 50 46 46 44 45 49 110 368 387 326 75 48 44
43 42 44 48 44 46 45 44 44 46 51 47 44 44 49 44 42 44 50 44 53 149 186 105 50 46 50
42 44 45 45 46 49 48 55 51 53 66 70 51 45 44 45 43 47 53 44 46 59 59 47 44 45 49
43 46 43 46 51 48 53 49 64 64 70 61 56 45 50 52 49 59 55 54 74 74 57 54 45 44 46
43 44 44 45 45 46 48 46 66 51 47 46 47 44 45 43 49 46 47 46 65 65 51 49 44 42 45
45 46 44 45 53 48 50 50 102 125 64 50 47 47 46 46 45 50 54 47 47 46 45 45 43 44 42
50 50 53 53 65 67 72 122 136 316 124 94 59 59 57 58 61 62 92 74 50 44 48 45 44 45 43
50 53 53 58 65 69 104 169 131 190 167 68 58 59 62 64 66 102 135 120 51 44 54 46 44 45 46
46 47 49 57 54 96 84 93 113 87 117 54 51 51 56 53 54 62 89 57 47 44 47 44 42 43 49
54 61 63 66 60 175 127 127 130 128 129 105 61 63 95 80 92 83 88 51 46 45 46 48 45 43 46
52 103 106 67 72 195 171 148 137 138 111 135 68 76 119 102 115 95 114 59 50 45 47 45 45 47 46
52 60 67 60 84 159 170 173 131 142 82 88 70 75 98 89 100 96 94 48 46 48 46 44 44 45 47
52 77 78 66 88 171 219 231 172 140 106 97 84 76 75 73 78 66 67 49 50 46 46 43 44 44 45
66 85 78 95 177 316 342 309 298 307 270 282 310 270 231 211 252 181 148 51 49 51 51 51 52 48 48
65 90 78 112 225 309 291 281 289 263 287 243 273 274 181 168 200 121 86 50 49 49 49 51 54 48 49
65 72 61 74 103 156 169 157 165 174 202 144 133 116 73 71 79 53 58 51 44 45 46 44 47 49 46
90 150 127 146 201 246 290 287 254 253 4095 252 224 202 123 117 135 94 93 63 55 58 56 56 54 53 52
52 57 55 65 80 89 121 148 121 142 157 151 134 140 95 94 104 54 53 46 46 55 47 53 48 59 47
52 65 62 63 70 76 106 165 114 115 118 156 110 127 93 93 103 50 50 46 45 46 46 44 45 52 46
53 71 62 60 72 81 112 117 107 126 141 199 218 169 74 69 74 49 49 46 45 46 43 46 50 45 44
51 59 60 71 77 82 124 139 127 148 145 199 174 222 103 99 113 52 56 47 46 46 47 47 46 44 45
54 67 70 79 100 118 177 154 137 149 140 201 166 168 81 78 84 52 51 46 46 46 47 46 46 45 46
50 61 54 61 89 109 137 120 87 89 100 104 92 97 57 57 58 47 47 51 46 43 45 45 44 44 45
46 63 49 53 84 82 91 82 66 68 72 76 93 83 49 49 54 46 45 44 44 43 45 44 44 44 44
47 56 57 70 95 101 105 104 79 92 89 86 77 76 50 50 50 52 49 56 57 43 44 45 44 44 46
48 58 55 83 114 102 111 111 94 102 89 87 82 67 49 48 49 52 53 63 57 43 44 45 44 44 45
51 57 57 85 136 114 119 130 108 106 97 86 75 58 48 49 49 50 47 51 44 44 49 44 43 44 44
55 64 63 75 119 139 179 206 193 177 156 119 84 65 55 54 54 61 72 54 50 45 46 45 43 44 46
73 104 138 213 294 281 353 370 352 292 260 192 119 96 68 65 69 140 169 64 48 50 48 49 46 46 47
96 281 265 269 280 281 360 393 333 276 231 180 118 96 69 67 68 96 89 52 49 47 47 47 46 47 48
85 190 176 182 150 165 135 161 123 110 105 91 80 64 54 53 55 55 52 49 46 46 46 43 44 45 46
143 214 195 219 165 174 123 161 149 127 117 113 113 103 70 69 75 72 54 53 46 46 46 44 45 45 47
242 278 263 288 212 170 165 159 151 139 129 138 130 118 77 76 84 68 58 47 46 46 45 46 50 46 46
184 228 256 273 200 160 142 138 125 117 133 132 133 108 62 61 65 54 52 47 47 46 47 46 48 46 45
96 142 148 182 164 129 119 140 114 135 187 178 151 114 63 62 69 53 51 47 46 46 46 44 46 49 46
139 205 213 236 211 190 178 217 198 200 268 236 268 205 82 80 91 59 57 50 48 48 49 47 47 49 48
80 124 110 146 152 136 122 154 125 108 132 123 133 95 57 56 57 50 51 46 46 44 46 49 45 44 45
48 48 53 69 79 72 66 63 64 62 60 57 54 52 47 46 47 45 44 44 45 43 44 41 43 48 44
50 52 58 70 72 76 75 75 67 64 68 72 64 62 58 52 52 46 46 46 45 44 48 44 48 44 43
79 106 100 135 107 106 111 104 84 87 84 92 76 68 55 55 56 50 50 46 46 44 56 45 44 46 44
125 178 130 138 98 94 92 76 67 63 62 63 63 53 48 48 45 48 46 45 42 44 50 44 44 45 44
77 104 88 97 65 89 71 59 60 54 53 51 49 49 47 46 48 46 47 44 46 44 44 44 49 45 45
117 147 113 109 78 90 73 67 64 56 58 56 52 52 50 48 49 49 49 46 54 46 49 44 42 44 46
306 313 180 114 123 102 91 84 70 65 68 61 59 60 53 50 52 51 50 48 46 45 47 45 44 44 47
277 182 114 85 89 66 66 67 56 53 54 53 52 50 46 47 47 48 46 44 45 46 46 44 41 45 52
132 104 74 66 69 66 61 56 51 50 50 50 49 47 47 47 45 48 40 45 52 49 50 44 45 46 47
101 96 83 68 64 67 61 55 52 50 49 50 50 47 53 50 50 60 41 49 56 51 54 45 46 53 50
189 163 110 104 79 69 77 64 57 56 55 54 53 50 49 50 49 64 46 44 46 51 47 45 49 47 53
112 85 76 65 59 54 52 50 52 47 47 47 46 46 46 44 41 45 50 45 44 46 43 44 46 46 54
51 48 50 49 47 44 46 44 45 42 44 48 45 43 44 44 43 41 44 49 45 45 47 48 55 57 71
