42 43 45 44 46 43 47 54 49 51 47 45 46 51 122 200 161 57 45 49 45 43 44 42 45 46 44
44 44 44 44 45 43 44 48 58 50 44 44 46 44 44 49 46 44 41 43 44 44 44 43 43 43 46
43 43 44 50 48 44 45 64 90 56 46 44 45 46 54 84 61 46 42 43 46 43 43 44 43 44 47
44 41 44 50 46 44 46 52 71 51 45 45 46 45 51 92 69 52 46 44 45 46 42 43 44 43 45
43 42 43 44 45 44 43 52 61 46 44 44 43 44 46 71 64 46 44 42 45 42 44 47 44 43 44
45 44 42 44 54 52 58 106 107 54 46 45 47 46 50 78 64 46 45 43 45 48 44 44 44 42 45
44 46 46 46 68 71 95 219 212 70 55 52 54 53 111 206 170 66 49 44 46 50 45 44 44 42 46
44 40 45 49 52 53 78 125 107 55 50 50 47 51 103 212 196 92 58 59 46 44 47 44 45 44 46
43 44 44 44 48 52 106 102 74 48 47 47 48 49 57 93 82 56 52 43 44 44 43 44 44 43 46
43 49 46 44 52 79 131 127 116 64 52 50 52 52 106 112 103 103 47 60 43 44 45 44 44 43 44
40 45 46 46 52 88 168 159 134 70 54 52 55 54 128 134 130 135 59 59 44 44 45 44 44 46 45
40 44 51 45 46 53 106 110 61 49 48 49 49 49 74 97 116 110 47 49 45 44 45 42 43 47 44
41 46 46 45 49 82 184 145 65 53 49 49 51 50 54 69 108 74 47 46 46 44 44 44 43 46 45
43 44 49 46 50 59 116 94 61 48 49 49 48 50 52 84 117 100 57 44 44 44 43 44 42 44 48
43 43 44 42 50 58 64 61 47 46 46 45 45 42 48 62 67 64 50 44 45 42 43 44 44 44 42
43 42 46 48 49 51 56 54 46 45 44 45 43 44 50 51 54 49 52 44 44 43 42 43 44 44 44
44 52 45 47 73 95 92 71 56 54 48 48 48 48 56 65 76 46 55 45 44 44 42 43 44 43 44
43 47 44 45 63 77 97 64 50 49 49 48 49 50 76 110 80 54 51 48 45 44 46 42 43 44 44
42 43 45 45 46 54 63 58 50 44 44 45 46 47 53 57 46 46 50 44 45 44 42 42 43 43 44
44 52 43 46 67 106 134 94 83 63 51 49 51 61 77 70 51 52 46 45 46 42 44 44 43 44 42
45 59 52 54 98 209 227 188 130 76 68 71 76 114 161 134 94 58 47 47 47 47 46 42 44 45 45
42 54 54 56 71 122 138 130 85 63 56 60 70 90 132 131 79 54 43 47 44 45 50 44 43 45 44
44 46 55 50 101 143 120 111 118 64 63 62 80 95 103 101 73 49 46 47 46 46 43 44 49 45 50
44 49 66 82 149 180 157 130 142 89 71 72 94 131 117 111 101 72 50 44 47 44 45 49 44 44 46
45 49 57 70 165 177 186 136 140 111 82 84 114 140 139 121 103 76 49 45 50 47 45 45 44 47 44
49 56 52 56 130 159 140 103 94 88 90 105 131 133 138 136 88 53 48 47 47 49 45 43 44 45 45
46 51 55 57 121 217 213 214 168 162 123 160 200 191 214 169 98 56 50 49 49 49 50 45 45 45 46
51 83 66 114 227 334 387 376 348 319 356 316 338 320 302 317 229 95 59 55 58 57 49 47 50 48 51
53 60 58 112 157 281 279 270 293 321 303 260 293 303 264 242 167 74 53 56 53 54 48 46 46 49 49
56 56 60 59 85 149 153 154 191 172 192 175 170 161 129 113 70 54 48 51 53 49 45 45 43 44 46
44 52 50 52 86 112 157 142 137 146 113 127 137 119 107 119 91 52 52 47 47 47 44 44 44 44 45
47 49 49 52 69 104 131 173 138 166 109 114 172 133 109 129 92 53 46 46 49 47 46 43 44 48 46
44 57 48 48 60 69 103 133 108 164 105 104 161 110 110 106 84 52 46 45 47 47 45 44 41 44 49
44 59 55 48 55 66 108 141 116 120 93 93 133 124 101 80 62 46 46 51 47 45 45 42 43 44 45
44 54 49 51 61 77 129 157 152 151 134 135 155 178 166 139 87 55 50 47 50 48 42 44 49 45 44
45 49 50 51 66 83 129 141 165 171 151 184 141 178 170 119 83 57 53 48 48 48 45 44 45 45 46
44 47 45 50 61 72 113 116 123 127 115 108 113 136 107 82 62 50 45 51 48 45 46 43 43 44 45
44 45 52 49 50 60 74 93 87 90 74 68 65 75 65 63 55 46 43 44 44 44 45 43 43 44 44
42 47 48 46 53 60 86 95 86 95 90 77 73 78 70 66 56 52 45 45 46 44 46 46 43 44 43
44 46 57 49 51 66 91 106 94 104 101 83 79 88 78 68 56 52 46 44 46 46 46 47 44 44 45
43 47 59 48 53 57 80 122 153 101 94 84 85 89 76 67 54 47 42 45 46 47 50 44 42 44 44
45 49 55 49 57 63 74 161 146 157 156 115 117 116 87 72 58 50 47 47 52 77 51 44 48 44 44
70 96 67 57 71 98 134 216 303 292 272 228 234 213 155 120 90 64 53 53 85 163 68 57 46 45 47
110 164 69 63 83 160 162 298 296 330 254 271 287 187 141 129 101 68 53 55 73 97 52 47 44 45 50
57 76 68 55 67 123 131 170 153 168 166 157 135 124 104 104 96 68 54 57 61 56 46 43 44 45 46
52 71 109 73 109 132 147 184 163 154 138 143 136 127 115 115 107 98 58 75 132 98 46 50 46 44 46
52 111 196 115 187 163 157 198 169 149 139 140 137 133 127 123 110 100 78 104 116 70 46 46 50 45 46
50 89 118 151 184 175 169 184 191 134 142 137 144 123 134 137 117 88 79 85 73 51 46 45 45 45 49
47 58 60 65 110 162 174 223 172 160 137 136 139 132 146 174 167 130 109 125 106 50 47 43 44 50 47
52 59 78 146 214 248 244 272 223 178 166 186 199 176 161 187 188 142 133 113 89 53 47 49 46 46 50
51 59 56 83 114 159 184 193 131 118 127 118 120 102 94 103 92 76 69 56 51 46 46 50 45 46 49
43 43 46 45 52 64 61 75 68 66 74 72 76 68 67 59 54 46 49 46 45 45 43 44 47 45 45
43 45 46 45 49 45 55 65 57 59 76 84 70 71 64 63 51 46 47 46 45 45 46 44 49 45 45
44 43 46 52 52 56 60 62 65 78 100 101 79 85 67 61 54 50 51 47 46 47 51 44 44 45 49
43 44 46 46 48 59 54 56 61 67 73 88 60 62 59 51 48 47 51 50 44 44 45 44 45 44 46
42 45 43 45 54 51 54 55 60 63 66 70 65 62 55 54 48 46 45 55 48 43 46 42 43 44 47
44 46 50 49 54 62 63 66 70 77 87 88 77 74 61 75 56 52 49 54 50 52 50 44 45 49 50
44 54 50 58 57 66 78 86 76 96 108 102 78 84 64 77 54 58 49 49 50 51 49 46 43 46 53
46 54 53 52 52 57 63 66 61 64 70 76 63 59 57 57 50 54 51 46 48 50 50 46 42 44 54
50 49 48 51 52 58 63 68 61 62 65 70 65 58 55 57 56 54 51 50 53 64 59 45 43 46 50
51 47 51 51 57 60 63 68 68 70 68 75 74 60 68 63 69 69 56 54 63 68 72 46 43 51 60
46 51 61 64 68 72 81 77 69 67 65 74 72 58 68 71 76 69 57 50 53 65 53 45 45 46 61
44 47 51 58 58 54 55 61 54 52 54 53 53 50 54 57 60 52 53 50 46 48 44 44 46 47 63
44 44 45 47 48 49 51 52 50 47 50 54 50 48 49 54 56 45 46 52 46 46 46 46 52 57 86
