47 47 48 52 55 60 66 71 119 449 126 57 62 82 822 356 110 62 53 49 50 49 46 48 45 47 55
44 47 45 45 46 45 49 48 55 79 45 46 53 47 120 131 95 57 44 44 50 45 46 44 43 48 62
44 45 46 42 44 44 46 47 48 47 50 45 44 44 50 50 51 44 43 47 44 43 44 42 44 49 55
43 46 45 43 46 52 58 61 86 52 43 45 50 46 48 63 54 45 43 46 45 44 44 41 43 47 47
49 45 44 45 46 52 111 106 98 48 47 52 49 46 53 105 81 48 47 42 44 45 44 43 41 44 50
43 44 44 44 48 47 63 93 64 46 46 45 47 53 50 93 93 47 45 44 45 41 44 48 44 43 46
43 42 44 42 44 49 58 69 52 44 44 45 48 45 45 59 57 43 44 43 44 44 42 43 47 44 47
45 44 46 46 50 63 162 246 106 52 52 57 55 52 62 129 115 60 46 46 46 43 44 44 43 44 42
45 46 48 49 54 81 223 304 134 61 60 56 58 60 106 255 241 116 49 47 46 46 49 45 45 45 45
44 43 44 45 47 57 83 84 56 48 48 49 46 48 70 128 152 87 52 46 43 43 44 44 44 41 49
44 50 48 46 60 95 170 143 74 52 50 48 51 56 63 100 106 77 49 54 46 42 43 43 43 45 42
46 47 48 52 56 173 222 202 120 63 57 59 58 57 119 161 180 169 92 46 47 46 46 42 44 50 46
43 46 45 47 49 70 114 100 60 50 49 49 50 50 75 126 159 164 71 45 44 44 45 44 42 46 51
42 43 47 42 44 45 46 46 47 44 43 44 45 44 46 47 56 53 46 43 44 43 44 43 40 44 50
43 43 44 42 48 55 72 59 47 44 44 45 45 46 46 48 52 46 40 43 50 43 44 44 42 43 46
42 44 44 45 47 55 116 59 50 47 45 46 47 46 49 56 89 54 46 44 41 43 49 44 44 44 44
42 43 44 44 43 44 56 46 44 44 43 43 45 44 44 46 57 48 44 39 44 49 44 44 45 42 43
41 44 44 44 47 49 76 60 47 45 46 43 45 46 47 50 49 46 44 43 44 42 44 46 45 43 46
44 47 47 47 55 94 151 138 90 58 54 53 54 58 78 145 112 81 47 50 46 45 45 42 43 46 45
45 51 47 47 51 68 110 114 83 56 49 52 58 58 100 135 113 85 49 45 45 46 44 44 44 43 49
44 49 48 45 51 68 94 86 61 50 51 48 49 49 58 65 56 52 43 44 49 45 43 43 43 43 45
55 58 57 71 178 337 349 306 272 161 89 87 97 156 260 238 175 145 58 52 50 51 47 46 46 47 52
56 65 69 83 234 395 354 294 310 235 114 116 157 234 327 286 251 243 103 55 52 52 48 47 46 51 53
55 52 52 65 102 204 208 176 183 117 80 91 115 170 216 188 167 148 81 50 47 49 46 45 45 47 50
57 79 64 81 249 265 229 241 247 210 136 181 177 189 239 192 174 147 69 54 51 52 47 47 46 46 52
66 96 111 124 209 240 214 200 211 174 155 206 182 176 224 224 193 161 72 63 61 56 46 46 48 46 49
58 56 63 66 142 168 172 159 160 139 146 167 159 170 177 209 161 132 54 57 49 84 58 45 46 45 45
58 63 64 100 141 295 361 328 309 234 255 266 260 231 225 202 141 88 64 55 52 53 58 51 46 46 47
81 70 81 513 326 399 410 440 372 346 333 313 311 375 339 336 201 99 64 60 56 58 51 47 48 46 50
110 70 263 195 243 288 323 324 282 319 298 280 235 272 259 258 183 99 64 68 55 62 48 46 46 47 46
66 73 80 85 149 190 252 288 286 355 311 274 265 261 194 211 126 71 54 86 84 124 49 44 46 50 47
59 57 55 74 108 121 179 224 180 148 146 170 185 201 184 246 110 62 50 49 57 70 46 45 42 45 50
92 89 63 63 82 98 120 160 178 115 120 168 154 178 135 197 87 55 49 48 56 58 46 45 42 45 49
180 65 60 55 57 61 82 98 113 102 88 100 110 133 91 70 59 50 46 47 63 60 45 44 45 42 45
48 46 46 47 46 53 69 79 74 60 64 84 101 114 69 56 47 46 46 45 49 48 42 43 44 44 44
50 60 51 54 60 84 159 167 93 86 85 120 165 183 167 100 62 53 48 46 49 56 46 43 44 44 48
51 51 51 51 56 84 127 130 105 87 91 100 126 128 108 80 59 52 46 47 52 49 46 42 43 44 44
52 46 50 44 46 51 60 64 59 54 54 58 60 63 56 49 45 46 45 46 48 43 44 43 43 44 42
57 54 58 50 53 62 89 99 88 89 86 86 83 88 72 57 51 48 46 46 51 50 46 42 43 43 44
47 49 51 44 46 49 63 69 67 64 65 60 60 59 51 48 45 45 46 44 49 45 43 44 43 43 45
45 43 47 45 46 46 49 59 70 56 54 52 58 51 48 46 44 44 44 44 45 45 42 45 46 44 44
45 43 46 45 46 47 49 60 76 60 56 54 59 52 50 47 47 44 45 42 46 47 48 47 44 44 44
63 71 48 49 53 63 86 118 115 107 107 95 100 88 73 63 54 48 50 51 86 91 46 44 44 48 45
180 222 59 56 62 84 147 176 159 153 140 141 135 108 90 82 63 55 49 54 90 85 47 45 45 43 45
100 138 54 54 51 58 71 95 88 85 86 87 85 72 67 58 50 47 45 48 48 46 44 44 44 44 45
63 89 77 67 72 99 161 222 250 213 209 250 247 189 157 154 94 64 56 87 80 55 51 46 44 45 46
88 135 149 85 88 174 270 315 293 261 255 240 259 213 200 189 133 72 62 91 72 54 48 46 46 46 47
50 79 97 69 59 95 132 147 133 121 124 119 138 117 109 94 76 55 48 56 49 46 46 44 44 45 45
49 55 72 64 66 140 163 171 155 149 153 140 175 135 121 133 141 88 88 121 70 49 48 47 45 45 46
63 63 140 137 125 212 189 187 170 157 156 149 179 144 137 151 158 116 120 142 60 52 47 47 45 45 47
53 59 86 125 148 196 191 187 170 140 133 146 148 122 118 126 120 86 78 63 49 50 48 45 43 45 48
46 47 49 49 56 63 70 85 83 73 70 73 76 81 80 80 72 67 63 53 46 46 46 42 43 44 44
51 57 57 64 85 117 174 191 185 157 130 165 158 143 137 133 109 99 62 59 56 51 49 46 43 44 45
49 58 51 54 63 78 103 110 114 117 110 127 104 93 81 74 66 56 53 48 48 46 44 45 44 44 45
48 47 44 47 51 49 53 55 55 58 61 62 55 50 50 52 46 45 44 45 45 46 44 43 43 44 44
43 44 45 46 46 50 49 50 52 54 57 59 53 51 51 47 47 45 45 50 46 47 46 45 43 44 46
46 51 50 49 56 68 68 73 86 94 95 102 79 74 71 65 56 58 50 55 51 49 48 45 44 44 43
47 63 61 52 58 67 75 80 84 95 94 89 73 66 64 57 53 57 48 48 49 49 49 45 44 44 43
44 47 52 43 46 47 50 54 48 52 58 53 47 47 47 46 43 45 49 45 46 49 52 45 44 44 46
55 55 50 46 48 50 53 55 58 53 54 61 52 50 50 50 51 51 44 49 45 59 62 54 47 44 46
57 67 65 54 61 64 68 73 74 70 69 84 74 64 63 63 65 67 56 53 56 60 60 59 49 46 53
66 78 74 66 67 67 76 74 71 75 72 74 70 57 60 66 61 53 55 52 50 50 48 45 46 52 52
51 53 47 48 51 48 50 47 50 55 51 49 49 46 47 48 46 45 45 42 46 57 46 44 45 47 53
43 41 44 50 46 45 46 45 45 47 47 47 45 46 49 46 44 46 44 46 46 46 51 53 48 59 86
