44 44 44 44 43 44 47 51 61 59 43 44 45 43 44 42 45 45 46 43 48 43 42 42 43 43 44
47 45 47 44 43 44 45 59 204 173 50 52 46 44 45 45 45 45 45 46 47 44 44 42 43 44 44
54 50 45 43 46 42 46 56 318 177 50 46 47 46 44 46 44 45 42 45 44 44 49 44 43 44 43
62 56 44 43 44 44 41 48 102 81 53 44 44 44 45 43 46 44 43 41 44 44 42 43 49 44 42
351 143 48 45 44 44 42 46 59 63 57 46 46 47 46 43 45 44 44 40 45 42 44 48 44 42 44
257 153 54 44 44 44 44 41 46 52 85 56 46 45 45 45 43 44 46 41 45 44 44 44 44 43 43
91 85 56 44 43 43 44 44 45 43 81 92 51 44 45 43 43 43 44 46 44 45 44 42 43 43 44
75 62 49 46 44 42 44 43 44 45 71 112 90 52 45 44 43 44 44 45 44 44 47 44 44 44 44
113 108 47 44 44 44 45 42 45 50 71 105 123 72 50 47 44 44 47 44 45 44 42 44 50 44 44
87 91 47 43 44 44 46 45 44 45 72 103 124 102 56 47 46 46 44 48 44 44 45 44 44 49 46
124 137 57 49 44 43 44 44 45 46 62 108 124 134 76 52 49 46 44 48 44 45 46 42 44 50 45
117 205 90 46 43 44 45 45 46 45 65 116 105 147 101 59 46 48 46 46 46 44 46 47 45 46 45
130 239 142 50 44 45 48 45 46 47 57 100 98 123 119 68 46 46 46 46 46 43 46 49 45 45 45
123 242 190 60 46 48 46 46 46 45 50 78 96 124 112 85 48 45 46 45 46 46 44 45 48 45 46
120 195 178 84 51 44 45 45 45 45 48 54 70 95 99 72 45 44 46 44 45 46 45 45 44 46 47
135 200 229 119 49 43 45 44 44 47 46 52 62 74 74 63 45 46 51 45 44 44 44 44 44 44 45
122 214 302 120 58 44 46 45 44 48 46 48 50 65 85 60 44 44 50 45 44 44 44 44 45 44 44
101 144 194 87 63 44 43 45 43 45 46 46 47 61 68 52 43 44 44 50 45 43 44 42 44 44 44
70 116 156 72 52 49 44 44 43 44 45 45 46 47 64 56 47 44 43 44 43 43 44 43 43 46 44
46 68 86 72 60 44 44 43 44 47 45 43 45 49 70 62 46 50 46 43 44 43 44 44 43 44 44
46 51 61 76 65 46 44 45 43 45 48 48 46 55 77 72 55 53 46 43 44 43 44 44 44 44 47
49 45 52 78 78 75 50 51 46 45 46 50 47 63 91 91 87 67 43 46 46 46 49 46 44 44 44
44 44 50 64 86 96 67 56 60 48 48 50 49 69 107 98 134 68 49 48 44 47 46 46 50 48 45
44 44 47 56 72 118 114 93 95 59 62 49 56 81 99 122 138 85 56 45 50 49 49 54 50 46 46
44 46 60 48 87 138 130 121 117 83 74 52 62 74 90 218 110 98 72 53 56 54 54 85 61 52 47
44 46 49 47 83 139 127 136 122 91 70 67 59 67 150 188 125 95 100 69 59 59 54 53 54 57 48
45 48 46 45 69 110 122 120 102 101 72 64 60 66 93 120 129 97 103 75 73 53 52 54 49 47 48
45 47 46 46 68 115 144 142 136 129 170 93 80 83 136 136 158 160 153 142 78 81 58 56 58 54 50
47 49 47 45 60 106 141 119 126 139 126 130 101 140 126 161 142 186 107 112 76 65 66 55 53 53 55
46 48 47 44 47 76 109 107 93 118 103 130 113 137 127 134 124 130 94 101 67 62 57 50 52 57 50
51 50 53 46 49 56 87 120 103 122 132 148 149 152 166 162 128 130 112 106 76 64 60 60 53 54 51
49 54 46 47 52 52 68 132 133 140 151 160 164 204 189 170 144 126 123 109 91 71 61 63 56 55 52
49 60 49 44 47 56 56 111 136 147 171 176 163 207 196 137 124 117 115 100 84 69 59 57 60 55 52
50 57 48 46 47 45 53 76 127 131 150 167 176 209 175 110 96 100 98 92 79 67 58 58 60 60 51
48 48 48 51 48 49 55 64 101 153 143 164 176 225 162 94 99 100 106 119 76 66 63 59 60 82 53
46 48 47 45 47 53 49 55 99 121 114 173 176 160 122 81 75 75 78 77 65 67 61 54 62 80 56
45 46 47 44 48 46 46 49 66 103 109 108 114 110 81 68 62 65 65 71 65 59 56 51 55 83 62
44 45 46 44 45 45 46 49 56 77 113 87 100 74 66 64 67 64 65 63 65 64 60 51 58 91 97
44 47 44 44 45 45 47 51 51 74 96 86 96 83 68 61 63 65 74 66 69 71 62 53 62 141 211
45 45 47 43 45 46 48 49 51 71 78 100 94 85 71 70 66 68 72 81 74 71 66 61 56 162 233
44 45 46 44 46 51 48 50 50 61 71 87 85 90 71 70 64 70 71 92 77 78 75 58 53 103 153
44 45 45 44 48 68 50 50 52 61 69 83 90 89 77 74 74 71 78 99 97 115 87 66 58 85 120
44 47 46 45 49 95 73 56 50 56 67 75 99 93 86 91 81 78 99 100 103 107 136 107 67 71 107
43 46 46 45 48 101 94 69 54 55 63 74 106 100 83 93 87 92 115 107 122 143 172 190 91 66 113
46 47 46 46 46 77 92 85 57 57 61 77 104 106 97 116 115 106 132 133 139 180 198 189 151 80 84
47 55 48 46 49 73 125 128 69 64 63 80 114 121 138 144 153 141 161 179 171 251 254 229 260 159 91
47 51 48 48 50 65 177 294 87 73 66 79 114 124 161 156 166 145 180 190 205 304 395 344 341 222 164
47 51 48 46 51 63 111 194 85 69 71 86 114 128 144 149 172 154 157 212 206 321 344 234 253 225 170
46 49 48 46 51 61 65 102 89 82 70 73 116 121 114 142 144 147 151 170 229 312 293 238 255 225 123
51 49 47 46 47 55 59 72 82 80 66 74 120 123 120 152 149 146 146 164 223 212 209 168 200 170 68
51 48 46 46 47 52 57 64 72 84 76 73 104 117 135 200 169 126 127 151 152 176 180 117 120 103 63
46 44 47 43 46 55 52 56 58 72 83 76 88 114 138 154 126 105 98 108 107 150 130 87 66 74 54
46 42 46 49 46 48 49 51 54 58 72 95 85 104 120 108 99 91 84 99 103 103 97 62 58 61 49
44 48 45 45 45 44 46 48 50 52 58 82 77 82 80 82 80 75 70 88 81 70 71 56 52 51 49
44 45 45 46 45 48 48 47 49 53 63 76 67 74 76 74 76 72 74 99 83 81 81 60 54 47 50
43 45 47 44 47 48 46 49 49 51 57 62 63 69 66 72 78 73 73 96 87 88 94 69 59 52 46
44 44 45 44 48 49 51 50 48 50 53 58 59 56 62 78 70 71 75 98 91 101 100 75 63 66 49
44 49 44 45 46 45 50 54 48 48 51 53 54 56 57 64 67 72 82 100 87 103 101 81 62 67 54
46 45 49 48 47 50 50 49 49 54 51 53 53 53 57 64 65 78 98 104 98 127 110 95 74 64 54
52 48 47 48 48 55 52 53 49 48 50 51 53 55 56 61 65 78 93 105 103 138 116 104 89 56 50
47 51 48 51 49 52 50 52 48 48 50 51 53 54 54 62 70 90 88 95 99 140 117 113 92 54 50
45 56 50 49 46 51 53 51 46 48 49 49 51 50 56 68 69 98 93 76 78 102 96 108 94 52 49
47 55 49 50 48 46 49 50 48 47 48 48 49 52 54 58 67 81 80 70 70 92 88 95 95 49 48
53 47 46 47 48 47 49 48 46 48 46 48 49 49 50 55 64 63 59 64 62 71 72 76 76 49 45
