41 43 44 44 44 41 45 50 50 50 49 46 52 45 52 55 54 55 49 44 45 44 42 43 43 44 44
44 45 47 46 44 46 58 57 126 279 100 67 60 66 278 138 70 58 56 54 46 46 46 44 44 44 44
45 47 46 46 46 49 57 66 131 521 94 67 59 64 545 234 63 58 57 52 47 44 47 46 46 50 45
42 44 43 43 44 44 46 47 66 112 49 48 47 50 135 71 53 45 50 44 45 44 42 44 49 44 43
43 45 44 42 43 44 45 53 57 57 51 46 44 45 62 75 52 47 46 48 44 43 44 44 38 43 50
43 44 44 42 44 48 49 51 68 60 52 46 44 45 59 80 59 46 47 46 42 43 49 44 43 44 43
42 44 40 44 50 45 49 57 93 76 52 47 46 45 50 80 67 46 46 49 44 44 44 44 49 44 42
42 43 43 44 51 45 45 66 82 52 47 44 46 51 47 78 85 50 47 45 44 42 44 48 44 42 43
42 44 52 44 43 45 50 99 88 55 48 51 47 46 48 78 101 73 48 44 44 43 44 44 44 44 44
45 46 49 44 43 50 78 108 95 60 50 55 48 47 50 84 110 100 62 46 45 46 44 45 44 44 48
44 44 46 53 46 56 126 156 112 68 53 54 54 51 53 94 109 145 103 57 46 46 45 46 45 45 44
43 45 47 47 46 68 148 168 125 74 56 57 51 54 63 100 122 155 169 52 54 46 47 46 48 44 45
44 46 49 46 46 78 148 147 117 84 55 57 52 53 63 97 125 165 189 100 46 46 46 47 46 46 45
44 46 48 46 45 90 148 142 121 88 59 57 51 52 59 99 108 152 163 92 46 51 47 46 46 48 48
44 49 55 46 56 81 142 131 104 75 56 57 52 49 56 95 114 174 172 93 47 55 48 44 44 44 46
42 45 47 46 47 67 131 114 103 62 51 53 50 50 52 62 102 140 149 67 51 56 46 45 44 45 45
43 50 47 55 52 54 99 87 79 51 49 49 47 47 46 52 69 93 84 71 50 46 48 45 42 44 44
43 44 46 47 50 49 95 83 71 60 48 47 46 47 48 50 63 81 60 63 54 44 44 44 44 44 45
42 45 45 48 45 47 76 82 76 57 48 48 48 47 52 58 73 111 63 54 47 44 44 44 47 44 45
44 47 47 48 49 47 70 112 116 74 58 53 55 50 51 61 92 119 83 55 49 45 45 45 47 44 46
44 47 46 46 54 62 96 108 118 84 66 59 51 51 58 78 106 125 95 66 47 46 46 46 44 44 45
45 48 61 52 47 64 127 149 174 146 106 70 59 60 92 119 136 135 124 74 49 53 49 50 47 44 45
44 50 58 49 48 92 162 163 206 173 163 86 64 72 134 148 157 174 147 114 63 50 52 51 53 46 45
46 55 54 67 49 117 202 183 256 232 188 117 74 84 166 197 177 193 150 135 63 52 52 57 52 46 45
47 64 56 56 62 115 240 211 273 255 201 156 82 107 172 199 193 198 156 166 83 53 59 62 51 46 46
48 68 80 70 63 182 178 214 221 196 186 153 88 111 183 229 220 166 172 166 93 53 70 66 80 47 46
48 128 74 58 51 116 203 197 191 204 191 135 86 129 175 260 213 154 168 169 112 61 56 71 61 66 46
78 74 80 66 71 136 232 293 260 293 289 213 122 211 245 350 312 276 249 246 129 181 75 63 54 60 51
66 64 62 74 56 138 214 266 250 259 204 181 112 187 231 216 216 218 182 160 94 66 58 58 48 50 54
48 116 61 89 66 106 165 174 191 236 172 197 122 171 187 217 183 174 138 133 87 69 82 61 61 49 44
63 156 151 130 73 120 243 334 355 390 350 3956 290 337 361 383 307 292 229 191 88 95 123 141 109 59 58
51 161 223 59 52 74 141 238 260 272 243 285 247 287 280 318 242 192 169 129 64 59 68 136 115 51 52
91 94 94 58 50 71 130 217 249 268 278 257 294 332 271 291 235 182 153 122 61 58 63 73 61 58 57
60 64 61 56 53 64 111 224 202 224 251 270 264 316 293 256 188 163 136 99 59 56 60 63 55 60 51
50 60 65 56 51 66 159 213 230 236 231 267 275 356 280 212 178 144 124 99 56 57 61 68 64 48 48
49 56 64 53 67 78 144 162 212 213 183 198 138 190 189 145 139 122 105 79 57 60 59 58 53 48 51
46 64 59 56 53 123 135 149 145 165 133 115 92 109 115 109 108 92 76 73 55 50 54 51 46 46 48
48 95 56 61 50 78 137 139 142 137 120 104 89 110 94 103 106 90 89 75 55 52 54 53 49 45 49
60 70 50 50 52 61 81 140 140 119 107 92 76 78 82 84 87 82 75 57 52 49 51 49 56 47 57
48 58 50 47 46 59 126 147 178 141 134 85 83 66 75 81 82 73 71 67 55 49 51 49 49 47 85
48 57 51 50 47 57 76 129 155 133 109 74 76 71 74 97 100 82 79 57 54 59 52 54 47 46 55
44 51 50 52 52 55 89 148 160 134 107 86 84 82 82 80 85 78 71 56 46 50 58 54 51 52 50
45 49 51 51 50 62 85 170 175 124 118 99 97 95 91 94 83 87 78 56 46 48 55 63 48 46 48
46 49 56 50 47 55 81 150 163 154 150 118 121 104 99 104 101 102 78 59 53 49 57 65 46 45 47
46 49 69 52 47 50 61 122 119 113 124 113 114 101 94 89 87 77 66 54 52 48 52 63 48 45 46
47 70 78 54 48 52 61 105 124 132 120 132 123 115 121 106 120 99 68 54 49 56 76 140 85 46 49
51 232 236 85 50 54 70 102 133 137 134 148 152 128 150 125 125 101 72 63 51 59 160 482 137 45 48
51 104 170 103 54 57 69 115 135 129 154 154 180 156 145 139 122 108 86 64 58 67 152 162 59 46 50
46 62 110 90 57 56 70 132 153 150 172 151 191 157 119 131 125 121 106 71 56 81 147 111 50 46 44
49 58 78 89 63 55 75 136 153 144 170 153 206 159 124 139 130 124 120 83 52 91 142 72 49 44 46
47 54 63 89 79 56 74 143 151 151 158 169 193 153 138 145 142 128 129 86 59 127 158 58 50 48 50
48 53 52 78 97 59 92 142 148 158 146 176 182 141 138 135 125 127 121 89 60 166 128 57 49 49 47
48 55 54 57 78 59 110 157 168 167 145 173 177 134 130 135 130 134 122 105 59 99 62 55 50 45 47
47 53 54 53 68 66 111 148 152 143 133 133 128 121 105 121 122 118 97 104 63 70 56 52 50 46 44
46 52 50 48 54 81 103 114 128 120 108 98 87 85 86 95 100 93 77 92 69 50 50 49 46 45 46
45 46 47 50 48 59 80 84 92 93 81 74 66 68 72 82 84 72 71 78 59 48 50 46 44 44 46
44 45 46 46 46 47 57 59 61 66 64 63 62 57 57 67 61 58 58 54 46 45 46 44 45 43 46
46 45 45 43 49 44 47 52 52 57 59 56 53 56 53 57 56 53 51 50 44 44 45 44 44 42 44
54 45 44 45 46 45 50 52 54 63 56 59 57 58 57 63 57 55 50 53 49 44 46 44 44 44 42
65 45 47 47 48 47 47 53 59 59 55 58 56 59 59 63 60 58 52 47 50 52 47 44 44 44 44
63 46 51 50 50 45 50 60 53 55 55 54 55 58 58 64 63 67 54 53 48 51 52 46 44 46 43
53 51 59 55 53 51 53 53 55 61 59 55 55 55 62 71 72 81 63 57 49 54 53 47 46 46 43
51 56 65 56 51 48 48 52 58 51 55 54 53 53 60 64 64 70 55 55 58 58 50 46 47 46 44
52 51 66 52 48 46 48 49 48 48 52 54 52 51 54 56 54 56 49 50 56 59 50 45 44 46 44
