43 43 48 44 43 43 43 44 46 44 44 46 44 44 44 42 42 43 44 43 46 43 43 43 46 43 42
46 44 43 43 46 44 42 46 49 48 44 41 44 49 44 42 41 42 44 43 46 43 44 46 44 42 43
57 45 50 45 43 44 48 63 85 70 46 48 45 44 44 42 42 43 44 43 45 43 42 42 44 41 43
184 49 51 48 46 47 51 114 217 62 49 53 47 44 44 43 44 44 45 42 44 43 44 44 41 44 48
260 52 48 51 47 45 48 92 106 58 50 49 52 46 44 44 40 43 44 44 44 43 44 43 43 45 44
93 53 46 46 46 42 50 71 94 63 48 45 45 45 43 44 43 40 44 48 44 42 43 42 43 44 43
53 54 46 49 45 43 46 47 71 84 47 46 48 44 42 43 42 44 40 43 49 44 43 43 43 43 44
49 45 42 45 42 44 50 45 64 76 55 45 48 42 44 48 42 43 42 42 44 43 43 40 43 48 44
47 46 42 45 50 44 44 45 67 98 63 47 46 45 45 44 43 43 44 49 44 42 43 42 43 44 44
58 47 46 46 43 45 51 46 65 103 99 47 46 44 44 47 46 44 44 49 44 42 43 42 43 45 44
56 51 47 44 46 51 46 48 70 109 115 56 46 44 46 44 43 44 43 44 50 44 42 43 42 43 44
63 47 48 47 47 43 47 54 74 106 106 64 49 45 44 45 43 48 44 42 44 42 43 44 44 45 45
110 51 49 48 47 47 46 49 81 98 102 96 52 47 44 45 40 44 49 44 43 43 42 43 43 43 45
124 69 51 50 50 48 48 57 105 107 103 103 74 46 42 44 43 43 44 44 44 43 46 44 44 44 42
123 69 52 51 51 46 49 53 102 119 116 101 76 51 43 44 44 44 46 44 43 43 44 44 44 41 44
132 96 57 53 54 51 52 57 120 149 154 138 71 46 45 44 43 44 44 39 44 48 44 44 43 43 44
123 89 60 52 51 48 51 57 78 121 136 129 62 47 44 44 44 44 43 44 43 43 46 44 44 45 43
99 63 51 47 47 46 46 48 52 79 89 86 52 44 44 45 44 44 42 43 42 43 48 43 44 43 42
72 52 46 45 45 46 44 46 51 63 65 68 50 43 44 43 42 43 42 43 47 43 44 43 42 43 44
74 49 46 46 47 45 44 46 46 58 77 67 53 44 44 44 43 44 41 43 49 43 44 43 42 43 44
50 51 50 45 46 45 44 46 46 76 67 58 47 49 44 42 42 43 44 43 44 46 44 44 43 42 43
64 58 53 46 45 45 45 46 49 67 88 66 52 43 44 44 38 43 43 44 39 43 49 43 42 43 43
59 75 57 50 46 47 51 49 50 76 104 77 53 44 44 49 42 43 44 40 44 47 44 42 43 44 44
66 80 98 56 53 48 51 57 71 101 117 88 61 46 44 44 43 44 44 46 45 42 48 49 44 42 44
107 172 155 88 62 57 59 66 93 129 134 107 78 50 44 45 45 44 45 47 45 43 45 43 43 44 44
86 112 131 85 66 55 56 64 92 111 120 104 87 53 44 44 44 46 45 44 45 44 44 44 42 44 46
89 109 103 79 64 57 55 64 74 91 104 87 93 69 48 44 42 45 48 44 46 44 42 43 43 44 44
101 126 128 110 69 71 59 84 97 107 127 109 103 91 47 45 49 46 46 42 45 45 44 44 44 44 44
128 153 173 129 81 78 69 83 101 102 109 115 91 110 52 45 48 48 44 49 46 43 44 42 43 44 43
104 118 160 132 76 82 70 76 78 94 86 86 77 77 65 46 46 51 46 44 50 44 42 44 43 44 44
99 134 193 158 101 94 87 115 94 107 98 100 91 86 58 46 47 50 50 44 45 43 44 44 42 44 48
105 171 217 157 101 100 121 146 133 136 118 119 108 83 49 46 46 49 50 46 44 44 43 44 44 44 44
108 172 165 110 88 83 127 153 148 139 118 125 93 65 51 46 46 47 46 45 42 44 49 44 44 44 43
122 181 199 116 94 82 138 153 153 148 125 121 100 63 49 50 48 48 46 44 45 42 44 47 44 44 44
87 98 120 105 91 85 149 169 151 134 127 116 87 63 46 55 48 47 46 40 45 47 45 45 44 42 44
94 117 136 150 129 127 120 164 160 143 125 122 84 71 47 48 49 47 46 44 45 45 45 44 46 44 43
82 117 168 151 149 140 106 132 127 115 99 96 80 55 46 46 47 50 43 45 43 44 50 44 43 44 43
111 140 223 211 180 162 138 142 120 109 100 102 89 56 48 47 48 51 44 45 50 45 47 44 42 44 45
78 106 154 143 134 124 117 116 98 95 93 84 75 53 48 46 47 52 43 45 50 44 44 43 42 44 45
79 109 163 167 153 125 97 107 109 101 98 99 77 57 46 45 52 55 46 42 45 49 45 44 44 43 44
85 124 175 188 160 167 117 124 142 114 107 102 78 56 46 46 55 61 46 45 46 42 44 47 44 45 44
79 124 145 169 159 179 125 130 146 124 112 95 78 53 46 47 56 59 53 43 45 45 44 44 46 44 45
85 116 126 147 164 190 141 142 143 129 120 93 76 54 47 47 59 63 56 44 46 45 43 44 47 44 44
83 110 139 130 165 207 166 176 148 152 127 100 79 54 46 47 64 74 59 47 45 45 46 44 46 44 44
75 108 132 154 170 180 159 184 151 138 128 102 76 54 48 50 69 128 70 47 46 45 44 44 45 44 46
80 116 152 184 187 179 192 204 179 146 126 120 88 56 52 56 78 122 60 47 46 44 45 45 44 46 44
84 125 166 194 223 205 211 205 201 162 137 129 121 71 51 55 80 79 52 46 48 46 44 48 43 44 45
96 164 184 193 200 198 203 209 170 147 159 133 122 72 52 51 74 68 48 48 46 44 45 44 44 45 42
165 188 175 174 200 211 182 203 171 159 159 134 129 81 56 55 68 59 48 46 46 46 45 44 44 44 45
156 234 206 185 181 179 162 172 154 140 152 131 149 99 55 60 73 57 48 46 49 45 44 44 44 44 45
239 244 212 193 185 177 162 167 147 139 145 149 143 100 58 72 68 54 50 46 46 45 46 44 44 45 42
431 347 306 308 244 197 203 170 159 150 146 168 135 97 60 63 62 56 50 47 46 46 46 45 45 44 46
326 291 215 234 195 160 191 157 148 131 124 143 126 99 68 64 62 60 51 48 47 45 46 47 44 45 45
194 223 158 184 168 140 181 143 132 126 112 129 115 93 72 76 67 62 51 48 48 49 45 44 44 43 45
162 210 160 168 173 169 172 137 124 116 115 114 99 82 64 67 68 59 48 53 48 46 51 45 45 44 44
180 184 161 152 173 202 170 134 119 113 107 103 85 73 66 65 62 57 51 54 53 56 48 44 44 41 45
121 174 167 138 165 180 149 143 128 107 99 95 76 67 61 66 58 60 55 53 56 50 50 46 44 44 46
86 144 122 120 129 129 129 138 107 98 85 86 72 65 56 62 54 57 51 54 59 53 47 44 43 44 44
85 149 127 130 128 122 133 128 103 90 80 79 70 62 56 54 52 54 56 47 54 57 50 43 44 43 44
141 104 118 130 131 122 139 122 112 87 81 74 67 59 52 55 52 60 52 54 49 47 47 50 44 43 44
77 108 123 131 118 112 120 114 99 87 70 64 66 54 53 56 62 65 60 51 50 52 43 44 48 44 44
81 119 92 99 104 110 126 104 89 77 68 64 62 52 51 57 63 74 70 49 47 46 42 43 48 44 45
62 91 84 85 87 91 98 84 71 62 68 56 54 50 49 53 54 60 50 46 43 44 48 44 44 43 45
53 58 68 74 75 79 88 78 60 55 59 53 52 49 45 47 46 46 45 45 42 44 49 43 43 43 44
