42 41 44 49 45 44 44 43 44 43 44 43 42 43 50 45 43 43 44 42 43 43 43 43 40 43 49
43 42 46 44 46 45 46 50 54 44 43 44 43 43 49 48 43 43 44 43 41 43 49 44 42 43 43
43 42 45 46 46 47 59 119 223 61 49 48 46 51 177 113 56 50 48 46 46 46 46 44 44 46 44
48 44 45 47 46 46 57 103 336 78 51 51 51 61 293 144 54 51 53 48 47 47 48 45 44 45 44
46 43 42 43 44 43 46 63 71 52 45 45 46 46 93 64 46 45 48 42 44 44 44 43 44 43 45
42 48 44 43 45 44 48 58 60 46 45 45 46 46 67 69 53 44 45 46 44 44 44 43 43 44 44
42 39 44 50 45 44 48 85 66 47 47 45 45 45 58 74 56 46 45 49 42 44 50 44 43 43 42
42 43 40 44 49 45 48 83 61 45 46 44 45 43 46 81 60 46 45 47 45 43 45 47 44 43 44
43 49 45 43 44 48 55 88 55 46 44 45 48 45 44 82 78 51 46 47 44 44 45 43 44 41 43
42 43 50 45 45 50 93 104 69 47 47 44 46 49 48 81 91 78 52 50 46 44 44 44 43 44 41
44 44 46 46 50 64 152 152 87 51 50 48 49 46 51 101 116 129 74 54 47 45 46 45 43 44 42
43 42 46 51 47 69 161 173 97 54 51 50 47 50 55 97 125 139 100 59 54 47 50 45 41 44 49
44 44 49 46 50 108 164 157 108 57 52 48 51 55 55 95 127 165 156 77 51 50 49 44 44 44 45
43 42 48 50 50 128 198 159 134 70 53 53 57 52 60 104 122 175 189 107 52 49 54 46 43 44 46
44 48 50 48 54 141 201 173 142 76 56 54 54 55 63 124 154 228 212 122 52 52 50 46 44 44 47
44 46 48 50 50 151 221 172 140 72 58 56 55 51 58 126 192 246 220 117 52 55 52 45 44 47 45
43 45 48 52 52 141 200 142 107 63 55 53 52 53 55 68 170 249 172 104 51 52 50 44 44 48 45
43 44 46 48 54 71 108 100 76 56 48 48 48 48 45 52 87 131 134 64 46 47 50 44 43 44 44
42 43 44 45 48 79 103 94 74 53 48 46 47 46 47 50 65 90 74 65 48 44 45 43 43 44 44
45 48 46 44 66 81 93 89 76 52 53 47 47 47 46 55 74 101 83 60 50 46 45 45 43 44 48
44 46 50 48 46 76 90 111 96 58 50 53 49 48 49 52 97 121 97 64 48 46 46 45 43 46 44
45 43 47 47 47 58 96 153 145 83 58 51 50 51 53 64 97 121 104 66 48 46 49 48 44 46 44
46 44 46 48 47 63 108 114 163 133 81 55 54 52 64 88 105 129 132 95 49 49 51 45 45 48 44
46 45 47 52 49 71 118 126 172 160 99 63 58 55 79 113 124 134 124 96 53 51 50 48 48 44 45
44 52 50 54 58 86 137 147 192 173 130 76 63 59 93 125 137 144 124 122 62 52 55 54 45 44 45
44 40 50 55 51 103 130 148 149 143 118 75 63 60 103 131 154 122 132 124 67 56 60 47 44 44 44
45 44 47 50 56 110 165 115 110 109 97 72 60 63 92 135 120 97 115 118 84 55 52 49 48 44 44
45 49 73 68 56 77 167 201 131 134 134 102 76 89 120 181 168 150 156 135 99 69 66 63 46 46 45
42 46 116 63 65 78 116 154 153 127 110 100 76 96 134 143 133 120 115 121 76 66 70 63 47 45 45
42 51 55 52 52 65 99 102 122 122 85 94 71 93 100 118 108 110 88 94 68 50 52 49 47 45 46
44 43 51 56 63 61 87 104 106 147 122 119 98 116 122 137 110 118 97 87 68 63 55 46 44 46 45
50 61 65 55 52 58 85 123 135 142 135 135 126 139 126 157 127 108 102 95 60 62 58 48 45 44 48
44 47 59 55 53 54 78 148 136 142 132 138 154 173 140 143 126 110 110 83 55 64 62 53 49 43 46
44 45 52 55 53 53 75 131 145 127 132 125 164 160 158 126 114 106 102 76 53 60 66 48 47 46 45
45 46 52 54 50 54 89 127 133 142 114 134 139 165 152 119 108 100 104 83 54 60 59 51 46 44 44
47 46 68 55 51 55 94 110 133 142 114 134 122 131 132 95 99 94 80 72 52 59 63 50 44 44 45
46 48 77 49 49 55 85 104 106 111 100 91 81 98 89 85 80 80 79 58 51 52 60 55 44 44 45
45 51 64 54 50 51 93 110 117 108 97 84 80 87 83 83 84 84 72 58 50 52 107 76 44 44 42
44 49 70 54 47 48 61 96 94 85 92 75 80 73 71 71 68 67 76 52 49 51 79 59 44 44 45
44 45 68 71 47 49 67 114 119 98 80 82 90 72 77 71 68 66 73 57 49 54 108 85 44 44 47
46 45 85 81 51 52 61 97 114 99 80 85 87 78 78 78 89 77 74 56 49 58 110 69 44 43 46
45 45 84 72 50 54 68 106 115 119 97 93 91 91 83 76 76 71 71 52 50 69 141 79 45 43 45
43 50 91 94 55 52 66 104 110 107 114 100 100 106 96 78 76 74 71 54 52 91 147 64 47 44 45
45 47 121 115 54 58 68 140 124 118 120 117 128 108 91 95 93 89 74 58 55 111 174 86 46 43 44
50 63 218 211 56 55 66 133 134 107 127 121 142 100 89 94 94 88 72 60 60 139 243 113 48 44 45
47 49 182 218 78 56 71 132 131 127 126 140 136 120 119 112 123 108 80 65 71 175 231 110 49 46 45
45 49 128 205 102 58 84 141 152 142 146 161 157 146 153 124 138 118 97 72 82 197 264 77 48 50 47
44 48 120 130 95 58 103 184 166 145 156 178 183 169 162 140 141 136 108 78 99 207 246 71 47 46 45
45 47 94 128 123 61 125 186 194 166 187 171 178 164 134 147 135 128 122 77 130 207 159 56 46 45 46
44 48 103 140 131 62 139 186 196 166 179 159 191 182 135 154 152 142 133 100 152 197 160 57 46 48 46
46 50 88 149 145 83 190 228 231 197 181 173 196 175 148 178 182 170 161 127 140 178 190 64 48 46 48
46 51 78 194 167 127 270 279 269 225 198 204 196 163 163 178 194 190 172 164 153 205 142 57 46 47 47
46 48 65 140 189 167 305 291 316 247 194 223 201 161 166 192 211 197 167 197 174 156 108 56 47 52 47
46 49 57 86 148 160 226 210 223 207 166 182 151 142 134 146 159 159 133 166 154 114 76 51 45 46 47
45 46 54 65 78 124 168 159 161 156 149 151 126 117 103 116 118 120 117 140 113 76 66 47 46 45 46
44 47 51 58 59 75 105 102 111 109 114 115 106 95 93 100 96 91 85 82 74 62 58 46 43 44 46
45 47 48 50 54 53 67 74 76 84 84 90 80 78 80 83 76 75 65 72 59 51 52 46 44 44 44
45 45 48 48 49 55 61 68 71 85 86 93 77 80 81 85 67 70 70 64 55 51 50 45 44 43 45
45 46 49 49 50 49 56 60 65 74 73 88 83 81 82 82 68 65 67 61 51 51 50 44 44 44 45
46 52 50 52 51 51 57 64 71 74 76 87 82 81 80 76 76 68 62 55 52 53 52 50 44 43 44
51 56 50 53 52 56 60 68 71 76 85 88 88 83 86 85 86 87 67 55 53 57 54 46 44 42 44
46 53 57 59 57 58 70 72 78 74 90 91 95 82 100 109 101 111 88 67 57 59 57 46 47 45 44
58 52 65 60 59 57 66 67 70 67 91 99 82 77 92 103 87 98 72 69 60 66 56 45 45 45 45
61 54 64 61 59 55 62 62 63 62 74 91 77 72 78 76 72 71 56 58 60 67 58 46 44 44 45
