42 42 44 44 44 41 44 50 47 43 44 43 44 44 46 46 43 42 44 48 44 42 43 42 43 44 44
44 44 43 44 45 45 53 77 107 50 44 46 48 49 94 74 46 46 46 44 44 46 44 45 43 42 43
43 46 47 47 47 50 61 202 473 80 56 53 56 71 437 199 58 57 58 50 49 49 47 46 49 45 44
43 45 45 44 44 45 51 71 184 51 54 47 46 67 230 78 48 47 48 46 46 44 46 45 40 44 46
43 42 44 43 44 44 47 59 59 45 47 44 44 44 63 65 48 45 45 45 44 43 44 42 43 46 44
48 44 43 44 44 44 55 70 63 44 46 48 45 44 62 81 59 45 46 47 45 44 44 44 47 44 42
42 43 42 46 49 46 53 88 68 50 49 43 45 50 53 76 59 46 46 48 45 42 45 48 44 42 43
43 40 44 42 44 50 51 87 60 45 46 46 44 45 52 82 73 46 45 46 44 44 45 44 43 44 44
43 44 47 45 43 51 73 101 58 46 46 50 46 45 48 84 93 60 47 44 45 44 45 44 42 43 47
44 43 45 50 45 51 105 112 78 50 48 47 52 47 53 93 107 95 52 48 45 45 45 44 44 44 44
43 44 47 47 46 71 174 175 99 57 52 52 50 51 62 112 128 140 97 61 46 46 47 44 44 43 44
43 45 45 47 50 88 182 180 106 61 56 51 52 58 63 102 148 171 122 54 50 47 49 45 44 46 45
44 46 50 48 49 124 167 154 106 65 56 54 56 55 69 102 134 196 182 88 51 48 47 46 44 43 45
44 46 54 48 53 123 173 155 139 76 58 59 54 56 69 108 123 189 203 106 55 53 49 45 44 43 44
48 47 53 48 47 117 194 157 125 76 58 54 54 53 64 122 154 211 199 113 51 51 49 46 44 45 43
44 46 48 47 47 125 172 158 114 67 55 54 51 54 62 91 156 194 175 88 53 53 48 46 43 48 45
43 48 46 53 52 67 135 97 81 58 51 49 49 49 50 57 102 161 120 76 56 48 46 44 42 47 45
43 44 46 49 53 58 108 77 68 54 46 46 47 46 47 51 64 70 99 46 48 51 46 44 44 43 43
42 44 45 45 48 62 85 97 75 51 48 46 46 46 49 49 68 96 83 61 50 45 45 44 45 42 46
44 46 44 48 58 59 88 108 92 57 50 49 48 46 50 59 88 100 76 61 47 45 46 45 43 44 45
43 49 46 46 47 54 88 107 96 71 54 50 50 49 51 58 98 121 98 66 48 46 47 44 43 46 44
44 46 47 47 48 60 125 153 139 105 74 55 53 53 63 86 104 124 117 73 49 49 47 46 49 45 43
45 46 50 48 47 73 133 132 175 127 110 66 56 57 82 110 130 154 137 101 52 49 51 46 45 45 46
45 44 51 58 49 89 142 151 194 166 124 75 65 61 106 139 127 152 125 113 58 53 52 46 46 44 45
45 48 53 57 54 97 167 166 217 186 142 99 70 65 120 147 139 160 128 138 75 54 58 49 47 46 44
44 49 57 55 50 140 140 153 165 149 136 87 73 74 116 147 151 128 136 132 82 56 54 50 45 43 45
43 44 58 56 49 104 185 129 131 131 116 86 67 75 110 154 138 107 121 124 94 52 53 53 46 45 44
50 63 115 80 53 93 157 242 153 168 175 130 95 128 152 226 190 170 175 149 106 65 75 79 80 55 48
47 75 60 58 56 88 136 195 163 152 129 114 90 117 145 164 146 144 131 132 73 57 60 50 48 59 45
44 53 52 50 54 75 117 113 135 152 97 117 85 107 118 134 119 116 96 99 71 64 55 47 45 45 48
42 51 58 53 50 70 101 125 122 160 137 136 113 127 142 152 124 124 104 95 67 56 57 48 45 45 46
45 79 58 62 58 59 99 136 147 167 149 155 138 159 147 179 136 121 111 107 66 56 74 54 48 46 45
46 61 57 55 51 58 100 140 147 152 159 138 175 188 145 159 132 116 118 92 59 59 67 53 61 47 47
48 50 56 56 53 56 80 144 147 144 151 143 183 193 182 143 119 104 108 83 56 58 60 52 46 49 46
46 50 54 54 50 56 106 135 152 162 137 154 154 195 169 129 115 103 108 83 56 57 57 51 53 45 46
47 63 63 55 52 60 113 123 143 153 135 140 108 135 138 107 108 101 92 72 53 60 68 62 53 46 46
44 72 64 54 51 60 93 111 110 127 98 87 74 77 93 94 87 83 72 57 51 53 54 53 47 47 46
47 82 71 52 50 54 84 107 119 111 87 78 76 77 76 81 86 77 74 54 48 51 59 78 55 42 45
53 73 60 50 50 50 61 87 95 88 78 71 73 65 66 70 69 69 70 51 48 47 59 70 48 46 44
51 63 60 49 47 53 68 127 138 132 79 110 98 72 75 71 72 72 72 62 50 50 64 89 47 46 49
57 61 103 52 48 48 63 105 113 103 81 83 75 81 78 90 89 76 74 63 48 52 67 63 46 45 54
46 50 63 54 48 57 70 108 120 123 104 98 86 98 86 79 76 73 70 56 51 56 114 104 47 44 47
45 68 94 64 50 52 69 109 131 123 135 122 112 121 106 85 78 74 72 52 54 66 139 85 46 44 45
45 71 104 62 51 56 76 167 157 169 162 130 140 108 105 109 97 89 70 59 59 92 163 75 46 49 50
52 111 166 85 51 54 64 130 140 111 133 131 143 104 100 93 88 79 66 55 57 99 205 106 54 45 46
48 134 222 117 57 57 71 143 148 140 140 161 154 149 126 127 124 105 77 64 67 146 236 127 47 51 48
49 69 160 180 64 57 84 145 163 152 147 171 164 152 153 130 143 109 96 67 74 176 242 91 49 48 51
48 81 189 121 61 60 104 187 164 156 165 190 205 176 172 158 151 131 108 79 80 189 269 86 47 46 48
46 59 115 127 78 61 120 179 179 164 202 185 202 182 139 161 146 126 122 78 106 205 161 57 50 48 46
44 54 117 140 95 64 136 185 182 162 194 182 214 195 140 164 155 137 120 83 139 215 168 62 49 47 49
46 57 100 152 102 83 179 209 214 189 187 184 206 182 156 184 168 154 143 92 141 190 190 65 47 49 49
51 58 92 285 162 140 253 252 252 217 199 198 203 172 169 177 174 175 163 125 164 193 127 58 48 49 49
47 54 83 143 143 188 284 286 319 235 193 215 207 165 175 195 200 191 166 164 176 152 85 60 53 48 48
46 50 63 99 152 155 231 209 233 202 161 177 154 148 144 163 163 157 132 146 147 103 70 53 47 46 47
47 50 57 76 92 152 180 162 172 158 151 158 130 125 114 129 127 127 119 128 116 71 64 50 46 46 46
45 52 50 57 62 78 104 112 119 119 122 116 104 100 98 117 109 99 91 85 72 59 58 46 44 45 46
44 46 48 50 52 60 71 75 85 88 88 90 79 81 81 92 84 72 67 70 57 51 53 46 44 42 45
45 49 47 49 50 56 64 72 81 92 88 89 78 81 83 97 77 77 68 64 56 50 52 46 44 45 44
46 48 50 50 50 49 59 59 67 69 78 88 75 79 82 88 74 72 63 61 53 51 51 46 43 44 43
51 54 52 52 51 47 60 68 65 68 76 78 76 76 76 81 76 68 60 57 51 58 57 47 44 44 44
52 57 54 55 50 55 59 62 69 73 75 75 78 77 81 89 89 93 65 61 57 54 56 48 43 44 45
52 58 61 57 53 56 67 67 75 68 76 78 78 74 95 101 103 116 92 63 60 59 56 50 46 43 44
67 60 68 57 57 55 63 63 66 63 83 79 70 72 86 101 85 101 74 65 61 68 57 46 45 46 46
72 58 66 56 54 55 58 58 59 56 67 81 64 64 72 76 71 69 56 58 58 71 58 44 44 45 46
