41 43 43 43 44 43 44 46 44 44 44 42 44 44 46 44 42 43 44 44 44 42 43 44 43 44 49
42 43 41 44 42 43 49 47 43 44 44 43 46 44 45 45 43 43 42 43 44 43 45 41 44 48 44
42 44 43 44 48 44 45 51 44 45 46 44 51 45 46 46 43 42 44 43 45 43 44 43 42 43 44
43 45 44 44 50 45 44 58 54 54 48 49 65 62 49 45 43 42 43 49 44 43 44 42 43 44 43
44 45 50 44 47 51 47 55 77 107 63 64 191 97 50 45 43 43 43 43 46 44 43 44 43 44 43
48 51 56 51 56 68 57 77 97 135 116 110 596 452 64 53 45 50 46 44 46 44 44 44 44 44 42
46 50 52 50 51 55 53 66 104 155 92 90 447 205 58 47 42 45 50 44 45 44 43 43 43 44 44
45 43 47 45 46 48 51 63 83 104 96 63 78 70 51 45 40 45 49 44 44 44 42 43 44 43 44
44 44 47 47 52 48 63 70 92 77 89 59 72 54 51 44 45 44 44 41 44 41 44 50 45 42 46
44 45 47 46 48 48 70 82 89 53 55 53 67 49 46 45 44 42 44 40 44 46 44 46 43 42 43
43 46 51 48 58 59 81 135 104 52 52 46 64 49 45 45 45 44 46 44 45 44 43 43 46 44 42
47 49 56 51 70 91 134 147 69 52 50 50 71 55 46 47 45 44 44 46 46 46 45 42 43 43 44
47 51 60 54 77 107 138 125 60 51 49 53 71 60 46 46 43 44 44 45 45 44 48 44 43 43 45
49 54 66 60 103 135 153 127 61 49 49 57 69 75 53 46 44 45 43 44 47 45 46 44 42 43 44
51 57 70 68 134 160 171 108 54 52 56 70 70 88 50 47 44 46 44 44 46 45 46 43 44 48 46
52 57 86 81 179 179 164 113 56 53 55 79 79 87 50 47 47 46 44 46 46 46 45 42 44 47 45
57 60 72 91 173 182 156 99 58 51 54 72 72 78 50 47 46 44 50 43 45 46 45 44 41 44 50
49 65 62 84 149 135 115 70 52 52 51 60 64 63 48 46 45 44 47 42 44 46 44 44 42 44 47
48 58 67 105 120 103 80 57 50 50 47 50 54 49 50 45 44 42 44 46 45 45 42 44 48 44 43
46 54 73 81 94 83 62 53 46 46 46 46 48 47 46 45 43 44 44 44 44 44 42 43 48 44 44
45 49 95 70 74 69 58 49 46 46 46 46 47 46 47 52 42 43 43 44 45 44 44 41 43 49 44
46 47 73 74 82 72 49 49 46 47 52 49 49 49 46 46 44 43 41 44 45 43 43 44 43 44 45
47 52 76 96 83 84 52 52 49 57 72 69 62 65 60 46 44 44 44 52 46 43 44 42 43 44 44
50 61 106 99 90 97 58 56 52 74 91 83 75 78 86 64 48 45 45 44 45 43 45 42 45 42 44
57 127 169 118 132 156 68 66 59 92 115 99 93 89 95 76 62 52 46 44 46 45 45 46 45 46 45
63 106 163 151 132 168 71 68 59 95 120 114 98 98 97 85 62 54 53 46 50 47 46 44 44 44 42
104 108 167 160 127 179 77 70 66 102 103 92 103 90 84 77 61 70 60 46 45 46 45 44 44 42 44
123 161 239 198 138 203 98 78 70 103 122 120 122 105 83 107 95 61 52 43 47 55 46 44 44 44 45
168 168 244 204 146 206 98 81 70 92 102 99 93 119 103 69 65 55 55 43 47 52 46 45 44 43 44
134 172 217 161 123 188 91 81 66 71 80 78 92 87 68 63 57 56 49 46 47 46 48 44 45 44 45
218 151 221 186 133 159 131 95 71 76 89 96 83 80 71 68 58 54 53 53 48 47 46 43 43 44 44
88 175 206 158 111 118 150 135 78 87 82 93 101 90 74 79 57 56 53 49 51 47 47 45 42 44 44
73 138 130 99 95 89 140 174 99 100 89 98 103 91 74 73 56 54 50 49 52 47 46 45 42 43 45
92 205 168 104 95 97 155 177 133 119 108 110 107 106 74 71 56 54 52 46 49 51 46 46 44 43 44
65 87 109 106 99 104 142 184 160 118 129 109 101 116 79 72 60 50 50 60 63 61 47 47 44 46 45
78 99 112 140 132 158 182 199 189 131 102 117 111 121 97 74 62 56 57 46 50 50 47 46 43 44 48
68 103 164 128 157 173 171 168 145 132 80 81 75 76 66 58 54 52 54 47 50 52 46 45 45 44 46
78 132 238 181 241 212 243 243 149 124 85 88 90 84 69 67 56 52 53 51 53 56 47 47 47 44 44
73 92 182 156 183 162 184 196 118 97 82 77 82 76 62 61 53 53 52 51 52 52 47 45 46 44 43
81 84 153 178 186 182 164 136 89 74 71 78 76 73 63 64 51 51 52 52 55 54 48 44 44 47 45
79 91 174 199 191 200 156 143 88 72 70 79 77 76 63 59 53 51 54 56 54 61 50 46 45 42 45
80 92 152 192 185 202 150 154 92 78 68 76 86 82 65 58 54 51 57 59 60 63 56 46 45 44 42
100 95 142 164 211 214 194 191 120 93 74 74 89 82 68 62 57 53 59 63 62 69 62 47 45 45 42
82 89 140 149 196 210 232 213 133 116 90 79 92 80 72 65 58 58 67 58 65 78 63 48 44 44 49
90 83 127 141 194 194 215 212 151 114 123 84 94 82 73 71 65 61 65 68 67 88 74 47 46 45 42
99 85 129 157 197 216 208 236 174 139 120 116 102 94 80 76 76 64 71 72 76 98 79 49 52 42 46
118 93 119 170 200 242 233 273 175 145 152 116 105 104 91 85 73 67 73 78 91 109 87 60 45 45 44
116 95 122 164 198 258 224 261 187 140 146 131 106 104 98 91 77 71 76 76 93 110 76 66 45 44 47
97 106 116 152 234 248 219 241 215 169 136 122 120 92 90 87 70 71 73 70 100 66 56 53 45 46 46
124 132 131 160 219 220 211 214 183 163 124 134 106 95 89 85 74 74 59 54 61 55 51 46 46 45 44
151 163 154 186 234 238 229 237 203 161 112 118 110 92 93 86 69 57 51 56 54 54 56 46 45 45 46
217 254 251 298 296 292 270 266 227 154 125 117 148 101 88 71 56 54 53 53 59 56 51 47 44 45 46
248 303 236 312 287 338 321 291 254 150 122 128 136 90 72 62 57 55 54 50 61 61 52 47 45 44 45
296 263 220 328 306 323 291 246 186 132 111 118 114 87 65 61 58 56 53 51 55 57 51 50 45 46 46
256 310 241 300 342 323 262 220 146 122 108 102 90 87 66 61 57 53 57 50 54 55 50 47 47 45 47
187 314 269 254 289 314 244 196 127 113 100 103 83 75 63 58 55 52 57 52 54 54 49 47 48 45 46
119 210 211 232 247 268 216 188 145 134 122 103 85 75 60 58 51 50 52 50 52 53 51 47 46 45 44
95 185 139 187 191 193 182 171 145 130 108 97 79 69 57 60 50 49 49 51 47 52 51 46 45 44 43
84 140 129 142 134 140 148 133 118 110 91 87 72 69 61 58 50 51 49 50 51 48 50 46 44 45 44
84 106 111 126 121 126 130 131 135 117 97 88 73 70 60 54 53 56 51 51 53 49 48 46 44 44 45
64 78 94 96 101 103 106 132 141 109 98 95 75 69 56 57 57 66 56 53 51 48 46 48 44 48 46
59 71 80 91 95 97 112 120 131 109 109 96 78 54 65 67 57 76 60 53 52 53 46 45 44 44 51
58 67 74 80 78 76 89 97 101 94 97 93 68 55 66 59 55 62 54 48 52 55 48 44 42 44 49
56 58 68 67 70 73 82 85 83 86 78 86 61 56 58 54 54 51 50 48 50 52 46 44 43 44 46
