42 42 43 44 44 43 42 43 47 44 42 43 44 43 44 42 44 46 44 43 47 44 42 42 42 43 44
43 43 48 44 42 43 43 43 43 43 44 46 44 44 44 47 47 44 44 41 44 47 44 43 43 42 43
46 43 44 43 43 43 44 43 43 41 44 49 45 43 46 48 49 51 45 42 43 43 43 44 41 43 49
42 46 44 45 44 42 43 43 43 44 43 47 57 50 56 69 70 50 44 44 45 42 43 43 43 44 42
43 48 44 44 44 43 44 44 44 44 45 68 161 64 99 144 74 49 47 48 44 44 46 44 45 42 44
42 44 46 44 46 44 43 44 44 45 46 90 181 77 232 185 79 55 49 47 48 47 46 46 44 46 48
43 43 41 43 44 44 48 44 42 44 45 48 73 71 145 103 76 49 46 45 47 46 45 42 44 48 45
42 45 44 44 44 41 44 48 44 42 46 48 50 50 57 75 79 55 48 45 45 44 44 44 45 43 44
42 44 43 43 47 44 42 43 43 44 45 42 46 51 47 59 84 82 48 51 46 43 44 43 43 45 42
43 43 44 41 44 48 44 42 44 43 44 44 44 45 50 48 100 85 61 46 51 46 45 44 44 44 44
43 44 44 43 45 47 45 42 44 44 45 45 45 46 53 48 91 119 129 53 59 47 45 45 44 45 46
43 45 44 44 43 45 50 45 43 45 45 45 48 46 48 54 91 133 188 102 57 51 48 46 47 48 46
46 44 48 43 46 46 45 46 49 46 46 48 47 49 56 54 91 159 211 151 67 58 51 49 50 48 47
45 46 44 44 45 45 47 46 47 47 47 47 50 51 50 70 76 136 170 156 80 58 53 47 49 50 46
44 46 45 44 46 46 46 50 64 57 62 59 67 83 58 75 90 175 203 196 101 79 58 51 52 52 49
44 46 50 45 52 46 49 72 71 74 65 70 66 84 76 69 97 182 200 251 132 100 67 56 55 56 49
48 54 46 47 48 48 50 61 74 82 68 70 68 79 83 63 86 206 222 272 163 113 68 57 57 59 51
50 55 47 46 53 51 49 59 76 92 71 72 67 76 92 56 67 167 225 234 154 115 62 60 57 57 51
48 50 47 45 48 51 49 54 64 72 86 66 64 64 84 53 50 73 129 137 128 104 57 51 50 51 48
52 51 50 46 48 49 50 52 63 71 68 66 62 62 74 48 47 56 62 80 95 88 57 47 48 46 46
46 43 49 49 48 53 52 51 56 62 79 65 55 59 60 52 48 50 54 64 75 100 57 46 47 46 45
58 56 52 51 46 51 54 53 58 57 68 72 54 51 61 55 47 48 59 69 84 93 63 47 47 47 46
54 58 65 46 53 54 58 59 61 62 67 83 60 58 56 52 48 50 71 91 102 110 66 52 53 50 47
50 62 53 55 51 58 52 55 67 66 72 65 68 62 56 56 49 52 69 105 108 108 79 58 51 53 48
43 65 62 48 50 53 56 54 72 69 67 71 69 65 64 62 54 59 92 121 130 153 131 75 56 55 48
47 51 51 53 59 56 59 56 59 62 65 64 70 66 66 70 54 69 108 142 139 165 126 75 59 58 51
48 53 49 47 51 60 59 63 55 58 58 59 63 65 62 64 58 76 111 145 193 202 127 108 64 63 53
56 63 51 49 54 66 65 63 65 60 66 67 70 80 74 70 69 108 144 174 207 234 198 182 79 67 53
58 51 47 47 53 57 64 68 57 59 59 60 60 71 69 65 65 91 96 116 124 128 147 105 60 56 50
54 64 49 48 47 51 51 51 61 56 54 61 54 62 64 61 64 91 97 102 95 97 97 84 53 55 49
46 71 50 49 49 50 56 52 53 60 62 60 65 70 67 83 93 104 107 109 111 114 99 92 61 58 49
47 56 51 51 50 52 54 61 62 63 66 68 68 90 84 119 122 116 121 123 126 140 101 105 63 59 54
46 68 45 46 49 50 55 52 59 66 61 75 74 96 92 111 124 123 125 110 113 135 93 104 60 63 53
54 67 44 46 49 49 52 65 64 70 67 64 84 114 107 111 113 133 118 102 117 130 112 99 61 63 61
47 50 47 47 49 49 54 67 60 60 62 92 118 105 145 117 117 131 113 125 114 135 140 90 61 63 60
49 49 46 51 52 57 61 59 63 67 62 67 76 76 107 116 102 119 104 115 107 136 165 70 59 60 53
47 46 46 50 56 59 56 60 64 61 59 62 66 83 80 90 102 98 110 95 107 114 169 64 58 57 51
50 51 46 55 73 65 62 62 60 63 64 61 67 82 71 77 113 95 105 96 131 112 121 59 58 58 52
50 51 53 56 66 66 61 66 60 59 63 62 65 72 66 66 92 85 108 95 110 118 86 61 56 57 52
47 50 47 56 68 71 65 70 63 59 62 66 66 71 70 66 78 96 103 129 123 140 101 74 62 61 54
50 54 48 56 69 69 65 72 74 65 60 69 67 64 70 66 72 89 107 135 119 131 123 82 62 63 61
46 56 47 51 65 69 66 70 73 66 62 68 68 69 81 65 67 86 114 134 140 131 140 85 69 76 83
49 58 47 49 63 69 71 72 74 67 68 67 71 108 68 68 69 79 123 129 132 129 123 76 68 92 97
44 60 52 56 62 73 85 83 65 67 73 70 113 82 66 71 78 77 109 115 124 136 104 72 73 108 132
46 58 44 52 72 73 74 79 67 68 76 108 78 87 75 88 81 93 117 125 125 139 98 70 106 158 221
51 64 53 63 73 76 78 76 77 76 108 83 90 100 103 104 103 129 129 177 168 174 104 90 347 353 353
49 55 55 59 71 78 78 81 83 108 80 94 103 105 118 116 106 137 150 199 202 186 109 116 539 498 338
55 58 63 56 65 79 77 81 105 74 77 93 112 104 120 124 112 152 174 208 198 191 99 128 334 356 192
50 52 54 57 63 83 80 103 87 85 92 92 111 114 100 116 122 142 194 210 262 229 111 187 375 389 165
50 59 52 56 69 84 93 91 80 80 95 91 120 119 101 127 138 153 207 262 348 231 146 236 329 466 165
54 59 51 57 75 92 103 91 85 84 92 92 113 112 104 129 150 157 222 294 307 214 219 307 341 451 193
50 67 51 57 84 114 104 89 88 91 88 98 110 104 107 118 122 152 203 276 303 223 322 319 333 338 148
50 73 55 59 105 100 111 104 93 88 84 102 116 103 112 112 115 152 186 271 324 251 449 293 284 229 102
49 68 55 89 100 83 107 101 87 83 81 98 97 97 92 97 103 124 148 261 334 272 381 251 218 131 78
51 86 80 81 93 102 117 95 88 79 79 95 87 83 74 84 90 95 121 204 255 241 235 193 147 100 68
47 84 79 78 101 142 128 100 89 79 77 82 81 78 75 83 91 81 112 188 176 205 200 149 99 82 63
48 150 120 84 118 170 132 104 102 84 81 79 79 76 74 85 84 85 105 146 142 133 149 94 76 69 58
59 95 70 59 66 69 66 58 60 59 60 66 61 62 68 81 78 83 102 118 117 114 115 84 64 60 53
60 84 51 48 57 55 53 53 53 54 55 55 57 68 76 87 82 89 106 121 103 123 114 87 63 61 53
77 64 47 48 50 51 52 55 54 59 53 55 61 64 71 90 96 104 110 106 97 117 102 76 63 60 53
61 55 51 52 50 54 52 54 55 52 56 62 62 65 76 103 132 147 112 100 97 105 88 71 64 60 51
52 50 53 52 54 53 55 51 52 54 63 64 60 67 92 129 169 192 147 103 93 97 85 68 61 66 53
54 47 53 53 54 52 57 51 55 51 59 62 63 68 81 133 131 154 100 84 77 86 82 62 56 57 50
53 46 44 52 62 56 55 52 47 48 54 60 56 68 71 99 100 96 68 69 70 74 69 59 53 51 48
