42 43 43 44 43 43 43 43 46 44 43 44 45 45 48 42 42 43 44 43 47 44 42 43 42 43 44
43 43 48 44 42 43 43 43 44 42 44 48 45 46 58 57 43 43 44 44 44 44 46 42 43 44 44
47 43 44 44 43 43 44 44 44 41 44 50 47 52 122 110 49 45 47 43 46 52 55 52 43 44 49
43 46 44 45 44 42 44 45 44 44 42 46 54 58 122 248 57 49 47 49 50 82 124 63 47 46 43
43 48 44 43 44 42 44 44 44 44 42 45 51 63 77 106 46 47 50 47 48 108 170 71 47 43 45
42 43 46 43 45 44 43 44 44 43 44 42 46 69 80 67 46 45 44 46 49 71 109 61 47 46 45
43 43 41 43 41 43 49 44 43 44 43 44 48 62 100 76 46 46 44 56 48 68 92 94 49 56 46
42 46 43 44 44 41 44 49 44 43 44 43 48 53 81 53 45 47 46 47 49 63 94 93 59 46 51
43 43 44 44 42 43 48 45 43 43 44 44 50 60 93 59 46 46 47 59 49 51 106 121 68 47 44
43 43 44 42 44 47 44 43 44 43 44 46 51 85 106 59 46 48 46 56 52 50 94 128 79 47 47
42 44 44 44 44 41 45 50 44 43 44 45 64 131 106 68 52 47 48 48 57 69 87 119 90 46 47
42 44 44 44 43 44 49 46 43 44 44 46 76 140 115 76 50 49 52 48 50 56 110 149 128 55 48
42 43 43 44 45 44 46 46 45 44 47 47 83 140 112 78 59 49 51 50 49 59 126 159 159 82 47
43 45 43 43 44 44 46 46 45 47 46 52 112 143 113 93 53 50 50 54 53 71 129 154 144 119 52
42 44 43 43 45 44 46 46 45 45 45 52 100 135 124 106 54 50 49 46 52 93 121 132 119 124 51
42 43 44 44 44 41 46 51 45 44 45 67 92 143 138 106 56 51 48 53 50 85 140 153 119 115 48
43 42 43 44 44 44 44 46 49 45 45 58 82 118 117 79 61 50 46 51 51 70 127 142 130 128 59
42 42 44 44 45 44 42 45 50 44 44 51 66 81 91 63 55 47 47 46 49 54 82 123 117 96 49
43 43 42 43 44 44 44 43 44 49 44 52 59 64 91 59 46 46 43 46 51 52 59 86 78 64 47
43 42 49 44 43 43 43 44 44 44 44 46 62 70 81 48 45 46 45 42 46 54 50 76 52 48 46
43 38 44 49 44 43 44 42 43 44 44 48 54 64 83 48 45 45 44 44 46 44 50 62 50 44 47
48 43 42 43 43 43 44 44 44 42 44 50 55 67 78 56 45 44 48 42 45 46 47 53 48 44 48
43 48 44 43 44 43 44 45 44 46 42 52 78 101 106 65 48 46 47 47 49 54 56 77 46 46 43
43 48 44 43 44 43 44 46 44 44 44 64 80 89 117 110 53 49 50 53 51 68 80 92 59 45 46
41 44 49 44 44 44 44 47 45 45 46 71 96 104 135 123 79 54 51 55 64 98 101 131 82 48 47
43 44 40 44 48 44 46 48 44 46 46 81 114 117 132 131 100 60 53 57 82 97 94 120 113 50 47
43 44 44 44 44 45 46 51 46 44 46 76 104 119 102 123 95 62 56 61 106 122 116 133 98 53 48
42 44 48 44 45 45 46 50 47 47 48 101 132 159 143 143 132 90 66 71 104 151 159 155 119 68 47
44 44 45 46 45 46 47 47 46 44 46 87 94 139 144 127 108 79 63 61 66 86 103 127 72 61 48
42 43 46 44 45 46 50 53 46 43 45 70 91 101 92 102 99 90 70 60 60 74 88 86 69 78 49
43 44 44 44 46 55 50 50 45 45 46 63 98 97 103 135 105 126 108 85 84 87 86 96 89 82 54
44 44 44 46 46 45 46 52 47 47 52 62 94 118 113 164 132 143 131 141 99 119 115 121 104 87 80
43 45 43 44 45 45 48 50 48 52 47 58 90 120 120 153 123 147 145 126 116 132 112 115 120 101 95
44 44 45 45 45 45 47 54 50 46 49 61 96 130 157 141 134 151 154 134 114 131 154 136 125 134 103
42 44 44 44 45 43 49 59 49 47 49 55 94 141 151 152 146 159 148 148 105 126 198 146 112 92 73
44 43 44 44 45 45 49 53 49 51 48 60 89 129 144 129 134 141 118 111 105 127 198 128 110 87 73
43 42 44 44 44 44 46 51 51 46 46 52 76 115 108 116 115 103 100 74 87 104 158 115 94 75 70
46 44 43 44 45 44 49 52 47 46 47 54 67 120 108 125 125 105 96 76 90 103 174 170 97 76 91
43 43 49 44 43 44 57 57 47 45 47 55 74 108 95 101 86 78 85 76 80 118 173 187 95 74 87
42 40 44 49 45 44 73 73 46 46 47 54 81 104 101 97 81 66 65 76 75 116 152 143 87 62 79
46 44 43 44 44 45 84 95 50 47 47 60 86 97 94 89 83 70 72 84 81 102 148 142 79 62 66
43 48 44 43 44 45 85 104 56 47 49 59 87 96 92 89 86 76 80 89 95 120 187 140 77 58 57
43 47 45 43 44 45 97 118 65 48 51 58 83 88 83 92 87 83 79 95 99 135 134 106 60 57 69
40 45 49 44 45 50 140 194 77 50 50 57 86 96 84 94 95 92 98 94 117 149 126 84 59 51 100
44 47 42 46 46 49 143 364 72 51 52 59 93 106 105 130 120 112 116 123 140 170 138 81 68 54 108
43 46 44 45 46 49 77 142 74 52 52 64 110 120 136 156 157 135 142 174 174 204 167 90 72 59 83
41 45 49 45 45 48 59 90 72 54 54 68 124 141 166 160 174 148 168 190 201 219 191 126 75 63 66
44 43 45 50 46 46 59 89 74 54 55 89 141 148 174 173 187 167 174 218 194 202 172 141 72 70 59
44 42 45 50 46 46 54 94 76 60 63 104 136 143 134 167 151 159 177 178 223 230 179 163 74 60 59
44 45 43 45 49 46 53 84 89 57 75 110 160 149 128 159 162 160 166 200 264 238 201 174 103 57 85
44 45 43 46 51 46 55 78 87 62 87 121 154 144 136 158 161 139 165 221 264 309 271 191 157 57 66
44 45 43 44 46 46 54 65 82 70 98 139 137 135 137 136 123 128 138 183 220 339 250 184 158 58 57
41 44 43 45 44 44 50 63 67 64 88 127 114 112 114 103 98 104 102 141 148 181 172 119 101 53 50
42 43 44 44 45 42 50 64 66 74 84 110 99 101 94 96 94 90 91 123 130 141 142 103 81 50 56
43 44 44 45 45 45 49 59 67 78 88 94 97 96 84 94 98 92 88 115 118 125 132 99 78 50 53
43 43 44 45 46 47 50 56 61 65 70 78 81 82 85 99 101 94 95 118 97 119 114 97 70 48 48
42 44 46 44 48 47 52 56 58 63 67 70 68 76 81 100 90 97 101 113 95 102 104 86 63 51 49
44 44 49 46 45 48 50 56 56 56 62 75 64 70 80 96 94 95 101 111 92 101 93 73 58 53 47
43 41 46 51 49 50 53 56 53 58 60 66 67 81 86 98 95 108 122 125 96 112 95 81 63 49 48
45 46 44 49 49 48 54 56 51 58 53 63 65 71 82 103 107 114 126 108 93 108 89 87 64 49 48
43 51 46 47 48 48 51 55 52 52 51 59 65 70 83 107 134 159 118 92 85 100 89 86 62 49 47
44 48 45 44 47 48 54 53 48 49 55 57 66 71 89 131 157 211 160 95 85 96 96 89 59 54 50
49 48 45 46 45 45 49 52 48 44 52 53 61 65 76 108 128 163 117 82 71 92 86 76 52 48 47
46 45 40 45 51 45 46 51 46 45 49 50 55 70 65 80 90 87 74 66 63 77 71 63 49 44 46
