44 46 46 47 56 118 125 54 46 46 46 45 45 42 46 48 45 43 45 43 44 43 44 43 44 41 44
45 46 45 46 50 62 149 106 58 54 47 45 45 44 44 44 42 44 44 43 44 43 44 44 43 42 43
50 45 45 46 50 50 76 118 137 81 48 48 46 44 44 43 43 42 46 41 43 44 43 43 42 43 46
46 51 47 46 50 50 59 87 137 203 57 46 48 45 43 43 40 43 43 45 42 43 44 43 43 44 41
46 50 47 47 49 55 61 104 87 136 51 46 50 44 42 43 38 43 44 45 42 42 44 43 44 41 44
45 48 50 49 53 60 101 120 98 67 56 44 46 50 44 42 44 43 42 43 43 43 44 41 43 44 45
48 48 46 50 58 88 174 119 71 54 54 47 46 43 44 49 41 43 43 43 44 43 44 42 43 46 44
51 52 54 54 62 105 187 238 74 53 53 50 47 46 42 44 43 43 44 42 44 44 43 44 41 43 49
59 49 54 54 63 117 138 132 63 50 50 47 46 44 45 48 43 44 45 48 45 42 44 42 43 44 42
50 56 54 71 97 140 118 76 63 49 50 47 44 45 48 44 42 44 39 44 49 44 43 43 42 44 44
53 74 66 132 158 171 162 77 63 54 53 50 47 46 42 44 42 43 46 44 45 45 43 43 44 44 44
59 80 72 127 202 187 146 78 57 56 54 50 47 44 44 47 46 43 45 44 43 44 44 43 44 41 44
65 79 90 170 203 178 126 71 58 56 60 51 46 46 44 43 47 44 44 43 43 43 44 43 44 42 44
58 106 121 150 194 158 114 68 59 61 55 49 47 45 44 44 43 46 44 45 45 42 44 43 43 44 44
58 78 136 168 203 172 116 68 61 56 55 51 46 46 45 42 44 43 44 43 45 46 44 42 43 45 44
80 72 190 176 223 183 119 81 65 58 57 52 48 47 43 44 43 43 42 46 43 44 49 44 43 43 44
63 98 174 150 191 135 87 69 64 56 54 50 47 47 45 44 43 44 41 45 45 44 47 44 43 44 44
69 79 110 108 114 74 71 58 56 51 47 46 46 45 44 41 44 43 44 40 44 42 44 48 44 44 46
55 76 109 94 94 62 58 50 50 53 48 44 46 45 44 43 42 43 44 43 47 44 42 43 43 46 44
47 63 101 80 89 72 53 54 50 47 48 50 46 44 43 42 43 43 44 42 44 47 44 42 45 42 44
51 72 90 98 103 100 67 70 54 52 56 47 50 46 44 44 42 44 43 42 44 42 44 49 44 42 44
59 94 111 133 147 130 93 76 58 62 59 50 50 46 45 44 44 43 48 42 44 44 44 45 45 44 45
69 147 154 166 227 174 134 86 73 70 66 56 53 50 47 44 44 44 46 44 44 44 45 44 40 42 45
80 171 166 164 267 213 168 161 84 76 74 62 52 51 46 44 43 42 46 44 49 45 45 44 43 44 45
147 288 206 221 332 269 227 253 118 99 92 78 60 56 57 44 42 45 49 45 45 46 46 45 46 44 45
163 189 210 234 292 277 247 263 175 124 100 79 59 58 52 46 43 45 45 45 47 43 46 50 45 45 45
120 160 204 211 246 283 241 278 206 156 127 98 61 63 46 45 44 44 45 44 46 45 48 45 45 45 45
134 143 246 224 296 297 403 337 268 237 216 126 84 79 54 44 44 45 45 46 45 44 46 46 45 46 44
163 144 203 195 256 261 298 275 208 195 185 122 93 93 49 45 44 45 50 46 46 45 44 45 45 45 45
118 88 138 122 186 184 190 191 161 146 146 115 112 90 51 44 44 42 49 45 44 44 43 44 44 44 45
102 76 107 121 153 187 213 191 198 155 162 134 105 93 46 46 48 44 45 44 44 44 45 44 45 43 44
99 89 93 112 135 221 244 217 247 182 192 153 115 110 49 44 48 45 45 44 44 44 45 44 44 43 45
89 86 76 87 104 145 238 197 218 196 186 177 127 116 46 45 44 49 45 44 45 43 44 44 44 44 42
131 88 82 84 99 147 198 246 223 156 182 152 120 112 45 44 44 49 45 44 45 43 44 45 44 44 43
104 79 85 90 106 175 230 245 278 180 232 175 160 140 48 45 44 44 43 44 43 45 51 45 44 44 44
78 64 76 83 92 115 135 195 237 153 191 138 101 88 45 44 43 44 40 44 47 44 46 44 43 44 44
70 68 84 95 106 128 137 146 151 148 136 127 79 73 46 42 44 43 45 40 44 44 44 46 44 43 44
86 88 111 131 131 148 149 141 143 138 132 134 69 65 46 44 42 44 48 44 46 44 43 44 44 44 44
84 79 111 116 124 129 143 136 136 136 128 131 65 61 46 43 43 43 44 45 45 46 45 43 44 44 44
106 77 114 123 144 141 159 161 141 140 139 120 70 66 46 44 44 42 45 47 45 45 45 43 43 44 44
107 84 111 118 154 159 173 190 160 143 138 118 71 67 45 44 44 43 48 43 45 45 44 45 49 45 44
97 77 100 110 140 154 176 192 172 158 148 120 69 66 46 44 44 43 47 44 45 44 42 45 49 44 44
104 87 89 106 147 188 208 225 200 197 168 135 71 69 45 44 46 44 44 48 44 44 45 42 45 49 45
99 93 100 115 171 216 288 275 236 228 184 180 74 71 46 44 44 44 45 44 46 45 43 45 49 45 44
105 89 96 113 174 213 266 258 212 239 197 158 73 75 50 44 43 44 45 44 46 42 47 51 45 44 44
126 86 105 116 177 231 257 258 232 226 216 158 77 77 50 45 44 44 45 45 45 45 46 43 45 49 45
139 90 106 122 182 222 244 255 244 243 211 143 76 76 46 44 45 45 46 44 45 44 45 46 45 46 47
153 93 104 111 152 206 214 228 195 196 187 128 75 73 46 44 44 44 50 45 46 45 45 45 44 44 44
245 166 135 131 141 201 208 232 208 216 170 132 76 73 46 45 41 45 46 44 45 45 45 45 46 44 45
338 261 221 201 204 174 207 208 185 191 159 127 68 69 46 46 45 46 43 50 46 46 46 46 46 45 45
412 243 241 245 266 241 231 238 209 204 161 118 67 69 47 46 48 46 45 45 46 46 47 46 48 47 46
322 330 329 340 310 314 304 271 249 216 199 128 66 64 47 46 46 50 46 46 47 46 48 46 46 46 45
206 216 260 303 293 372 422 358 318 242 211 122 71 67 47 46 46 49 46 45 46 46 49 46 46 46 47
156 152 169 255 287 356 421 358 283 206 156 100 68 66 45 46 45 46 43 46 46 46 50 46 45 45 45
128 126 138 180 264 385 369 321 203 157 132 90 65 63 46 46 44 45 41 45 51 46 47 46 44 44 45
147 103 131 144 174 262 223 180 125 110 90 74 58 56 46 44 45 44 44 40 46 49 46 45 44 43 44
135 153 114 114 139 136 107 97 89 74 72 63 50 50 45 44 41 44 50 44 45 45 43 44 44 44 44
91 133 110 102 90 88 80 78 64 63 61 61 49 47 44 44 43 42 45 48 45 46 46 42 44 44 44
105 119 103 124 101 92 81 72 66 64 60 57 50 53 45 44 45 42 46 50 47 45 51 43 43 46 43
152 105 107 132 107 95 95 80 72 73 63 56 51 49 45 47 47 47 52 46 49 49 46 51 49 52 44
118 116 101 116 89 84 74 72 65 61 58 54 50 47 46 48 49 49 48 46 48 50 51 55 47 46 42
119 123 87 94 80 78 69 66 59 58 58 52 47 48 50 53 57 51 48 47 47 50 52 48 50 47 44
130 122 78 73 71 67 67 62 57 53 54 50 49 49 51 50 51 53 48 48 51 58 60 58 44 43 44
93 86 66 65 65 60 59 57 52 51 51 46 50 55 46 46 50 51 49 48 51 61 54 58 46 42 43
