42 43 44 47 49 55 54 65 80 103 334 157 54 51 55 52 49 46 48 50 49 47 47 45 45 44 44
46 42 46 49 47 49 59 73 104 193 1023 437 71 62 63 59 58 57 57 56 52 49 54 54 51 46 44
44 48 46 47 45 45 49 58 68 107 650 216 65 54 51 52 51 52 54 50 47 45 47 49 47 43 44
43 43 44 48 44 43 46 46 49 80 105 66 48 49 49 44 42 44 43 48 43 43 44 44 44 42 44
40 44 49 44 44 45 44 47 57 120 133 66 50 51 46 44 45 45 47 46 45 42 44 44 44 44 41
42 45 44 44 44 45 45 47 62 130 120 59 49 46 46 48 43 45 44 44 45 44 45 42 44 47 44
44 47 44 44 45 44 45 53 71 124 111 51 50 46 45 46 45 44 45 43 44 45 46 44 42 43 48
44 43 48 44 44 44 49 53 104 127 89 47 47 45 45 46 45 44 46 44 45 44 44 45 42 44 51
43 43 45 42 44 50 50 67 134 135 102 50 46 47 51 47 45 46 41 46 51 44 44 45 43 43 44
42 44 44 47 42 49 47 95 133 125 119 52 50 49 45 47 46 46 50 46 47 45 44 45 44 44 44
43 44 43 45 46 46 56 150 175 152 108 56 55 46 49 53 48 47 48 48 47 47 47 44 45 44 43
43 44 45 44 47 45 73 182 183 146 108 61 53 49 50 46 53 49 49 48 46 45 46 46 48 41 44
44 46 43 43 45 46 65 138 144 123 104 62 50 53 51 48 47 50 48 50 47 44 46 46 46 44 42
44 44 44 42 44 46 59 132 148 121 97 60 51 51 57 48 47 52 47 48 47 44 46 48 45 44 42
42 43 44 43 44 45 50 100 108 84 72 48 47 46 48 46 46 45 47 46 44 44 49 45 44 43 42
43 44 43 43 44 44 55 74 98 72 57 51 46 46 59 47 45 47 44 44 43 46 44 44 48 44 44
43 42 43 43 45 44 50 70 86 70 54 49 45 45 47 46 48 45 45 42 45 43 45 48 45 44 46
45 44 42 44 44 43 49 59 71 72 48 46 45 43 44 51 46 44 45 45 43 44 45 40 44 48 44
43 43 42 43 44 44 65 51 78 76 55 46 46 44 45 48 51 46 46 42 46 48 46 45 44 42 43
43 39 44 47 46 44 48 56 98 72 61 49 44 46 50 47 46 51 46 45 48 44 46 50 44 42 44
43 41 44 48 45 42 47 56 125 74 66 58 51 47 47 55 52 56 47 46 45 46 51 46 43 43 43
45 49 45 43 45 44 49 70 122 124 87 77 54 50 59 82 86 75 54 54 46 47 49 47 47 44 41
44 49 45 44 46 45 58 90 130 174 126 101 67 55 74 106 112 95 68 64 49 51 54 50 50 47 44
43 46 51 46 46 47 60 116 163 196 157 127 81 63 83 158 101 104 86 64 55 53 54 54 53 47 45
45 46 50 46 46 49 76 134 186 182 191 138 89 62 106 158 125 122 110 79 63 55 60 58 54 54 45
46 47 46 48 47 48 112 153 153 125 198 124 75 62 115 152 162 136 139 117 67 56 59 57 51 50 47
46 46 46 46 47 53 80 142 196 170 182 111 76 65 79 147 154 141 138 127 99 66 62 60 52 46 46
48 48 49 48 49 54 142 175 183 170 205 178 151 103 150 160 230 261 177 161 140 70 68 74 56 47 46
47 48 48 47 48 53 113 122 162 158 174 174 153 127 217 160 170 185 155 128 93 60 65 63 56 46 46
46 46 44 46 51 49 80 89 109 136 124 168 124 110 180 135 119 151 116 107 85 55 65 58 52 46 45
66 66 63 66 68 81 115 197 257 286 370 4095 264 242 255 249 252 247 209 177 145 99 125 152 117 58 51
48 49 46 47 49 50 58 95 147 150 168 184 174 182 185 186 183 145 144 107 93 63 61 63 60 47 44
46 47 47 46 47 50 56 83 138 146 166 164 162 188 208 168 175 130 126 103 80 54 61 62 56 46 43
46 47 47 45 46 48 53 75 113 125 168 148 156 131 128 133 132 112 107 90 74 54 56 58 53 46 45
46 45 46 46 47 49 51 90 111 134 146 145 185 139 118 119 114 98 95 101 71 59 63 58 54 48 44
45 45 46 46 46 47 52 77 121 143 127 160 146 108 99 89 87 80 80 78 61 53 60 59 52 46 44
42 44 44 44 46 44 46 52 62 72 77 72 71 68 62 62 66 59 62 53 52 51 50 52 46 44 46
42 44 44 44 45 44 47 56 74 73 74 67 68 59 62 66 72 65 72 61 54 53 54 56 47 44 46
43 42 45 47 46 44 47 62 78 78 91 78 83 67 64 70 71 64 76 63 55 51 56 83 52 43 46
43 44 45 46 46 45 48 66 82 90 93 95 95 81 66 74 74 68 66 69 56 52 61 143 63 44 46
44 48 45 44 46 46 49 65 89 103 102 110 105 86 70 76 80 72 66 63 54 50 58 186 84 46 49
45 48 45 44 46 47 50 61 87 116 118 116 116 105 83 83 88 72 70 65 53 51 73 225 126 53 45
46 47 49 46 46 48 51 65 99 114 138 138 130 128 96 97 93 87 87 68 57 52 71 240 152 58 45
48 46 48 46 46 49 53 74 103 126 149 159 163 144 101 103 103 94 97 75 59 54 84 248 288 76 46
46 46 47 47 48 52 55 85 124 124 157 150 163 147 114 126 119 110 105 82 61 54 107 266 292 67 48
48 45 48 46 49 55 58 94 149 149 149 178 187 174 159 148 153 130 116 110 69 58 148 232 189 73 46
48 46 49 53 49 51 61 100 157 171 165 182 199 180 176 148 159 131 129 126 90 61 222 194 112 58 48
49 49 49 47 50 57 62 109 166 176 178 190 215 186 171 164 165 146 143 153 135 74 194 151 93 56 51
49 50 46 50 55 54 64 130 187 183 202 172 199 169 126 150 156 156 147 158 202 109 179 122 70 50 48
49 50 50 50 49 57 95 171 209 184 195 170 214 165 117 149 175 178 171 198 279 131 204 100 66 48 47
50 51 50 48 54 72 105 197 257 224 212 193 197 140 119 143 161 161 188 221 252 185 238 86 70 48 50
52 51 51 52 54 95 143 217 267 231 198 189 154 122 106 115 117 132 141 198 209 250 174 71 65 47 48
51 49 52 50 58 114 191 182 220 202 145 142 125 104 96 97 95 103 117 124 131 140 96 63 56 46 46
47 46 48 52 63 122 130 112 81 85 79 81 73 72 67 66 66 66 57 66 71 60 57 50 46 44 45
57 50 63 73 110 163 144 92 72 67 70 72 66 64 59 57 58 53 55 54 55 52 50 50 46 43 44
66 54 81 102 136 204 160 85 69 64 63 65 60 60 56 59 59 55 54 48 51 52 48 47 46 43 44
61 89 90 98 149 173 110 86 68 63 61 62 60 61 57 61 55 56 53 54 51 49 48 46 45 44 44
54 116 73 98 104 111 89 79 71 69 70 70 61 64 58 62 56 52 54 56 51 48 49 46 45 45 44
65 112 88 109 100 89 89 85 77 79 79 81 76 74 65 68 59 60 59 55 58 49 55 49 46 45 44
147 92 98 122 98 93 104 106 91 95 97 95 82 79 73 75 70 63 68 63 59 50 53 53 48 45 43
102 109 111 114 91 92 82 90 88 91 89 95 93 83 81 81 74 76 64 58 60 54 51 52 47 45 45
126 123 79 86 81 76 87 85 78 79 83 89 90 70 78 98 80 86 69 57 52 55 57 51 47 44 44
138 106 78 73 72 69 78 72 70 64 72 70 76 65 73 88 74 78 65 56 53 56 52 49 47 44 44
100 76 75 66 64 71 70 64 59 58 61 61 63 57 58 61 63 65 56 54 54 58 51 45 46 48 45
