48 44 43 44 43 43 44 43 44 42 44 47 45 42 44 44 44 43 43 43 44 43 44 40 43 48 44
42 40 44 42 44 48 44 43 44 45 44 44 44 44 47 46 45 42 43 44 46 43 42 43 48 44 43
43 41 44 49 44 43 44 44 51 57 45 44 44 44 47 52 56 45 44 45 45 44 44 42 42 44 43
43 41 46 52 46 44 48 51 85 251 82 52 52 56 58 164 101 54 50 47 46 46 46 43 44 44 44
43 44 44 47 52 46 50 54 76 384 135 55 54 54 67 180 100 54 52 56 47 47 49 44 44 44 44
42 43 42 44 50 45 45 47 56 97 62 45 46 48 56 81 74 50 45 46 44 44 45 43 43 42 44
42 46 42 44 45 44 46 46 76 98 56 44 45 44 47 61 80 54 46 44 46 44 44 44 43 44 44
43 46 45 43 46 44 44 48 78 72 48 42 45 49 46 52 74 50 46 45 45 47 44 45 43 42 43
45 44 46 44 43 44 46 51 79 63 45 50 46 43 45 48 81 54 46 45 44 43 44 44 42 43 48
43 43 43 44 46 46 53 67 84 66 46 44 45 45 46 54 91 73 48 50 50 45 46 44 42 43 44
42 43 44 45 46 46 66 119 110 78 47 46 47 46 48 61 98 106 75 50 46 47 46 46 44 42 43
43 44 45 46 50 47 72 156 113 84 54 48 47 47 50 67 116 131 97 63 52 47 46 44 43 44 44
43 42 51 47 45 51 93 152 123 84 51 52 49 49 50 67 115 146 124 66 49 52 48 44 44 43 44
43 40 46 46 47 54 128 166 141 94 52 48 51 55 50 78 120 156 148 91 50 48 48 43 44 44 44
44 44 45 48 48 54 162 158 135 108 54 52 52 51 55 94 140 203 187 99 54 50 47 45 48 44 45
44 46 47 48 48 61 179 179 164 117 60 60 55 52 58 102 183 222 187 112 51 50 50 45 47 46 43
44 43 47 48 48 62 159 164 142 103 61 55 53 54 54 89 182 258 196 122 52 51 51 43 44 50 44
48 44 45 47 46 46 122 123 110 81 53 51 51 51 50 66 132 212 177 85 49 49 49 43 44 47 45
48 44 44 45 47 46 98 93 93 70 48 51 48 46 47 55 76 98 96 56 46 43 46 48 44 42 44
44 40 45 43 45 58 63 74 86 62 46 47 47 46 46 49 63 86 72 51 46 44 45 47 44 42 44
43 40 44 44 45 62 57 81 80 52 47 46 44 46 51 48 65 87 70 52 46 45 43 44 48 44 43
43 41 44 50 45 44 56 100 100 57 48 47 49 47 47 49 68 85 60 57 46 44 46 43 43 44 44
43 43 45 49 46 44 58 72 112 85 65 51 52 48 47 51 74 90 83 51 44 45 46 44 44 43 44
43 44 43 46 51 49 53 76 110 101 91 58 50 53 52 66 84 94 85 53 46 46 47 48 42 43 44
43 44 45 48 53 48 62 94 122 113 90 61 52 57 60 80 106 114 87 69 47 47 50 44 44 46 44
42 45 45 47 48 46 68 102 122 110 89 63 54 54 67 98 134 103 91 78 49 49 50 45 45 42 44
43 46 46 48 47 51 107 97 105 102 77 59 52 53 66 109 110 87 95 89 54 50 50 46 41 44 50
44 44 48 48 50 54 116 143 111 101 92 74 59 60 89 149 123 125 119 121 83 52 52 46 44 45 45
44 45 47 46 52 54 95 142 110 92 83 71 57 64 90 122 97 110 93 103 66 51 51 45 43 43 44
43 44 47 49 46 57 82 84 102 95 67 62 55 61 74 92 86 88 76 82 55 55 51 46 44 44 44
43 47 77 55 46 50 84 93 90 123 113 82 78 90 94 116 94 103 94 77 61 52 56 50 44 43 44
44 56 63 52 49 51 72 110 122 120 125 125 101 121 120 132 124 100 96 90 68 56 56 45 51 45 44
45 46 47 53 51 51 71 115 121 126 124 124 143 159 138 127 119 108 103 78 57 55 57 46 44 48 44
44 48 50 55 52 48 83 119 145 131 130 115 169 165 165 118 109 108 94 80 60 61 59 46 44 44 45
44 45 50 55 52 49 72 126 116 143 110 140 143 186 162 115 114 112 108 103 57 59 62 46 46 44 43
44 43 49 53 50 49 85 103 121 134 125 148 156 141 141 98 108 96 86 71 52 56 57 46 44 46 44
48 44 46 50 49 49 78 109 103 93 95 94 95 109 91 84 91 82 80 61 49 50 52 46 44 45 44
48 45 47 50 48 48 74 113 114 101 102 107 102 106 95 86 109 93 84 56 51 53 56 48 44 42 44
43 41 48 50 49 52 61 133 127 101 100 86 101 84 82 79 83 76 79 58 50 54 54 47 44 43 44
44 42 49 52 47 51 52 62 69 74 70 74 61 57 66 72 76 68 69 60 47 49 60 45 46 44 42
43 45 66 74 49 48 56 87 101 96 80 75 72 67 74 74 78 70 73 62 48 56 82 52 42 44 47
43 50 81 92 52 50 54 82 97 97 94 82 80 79 76 69 73 68 68 60 47 65 119 63 44 41 44
42 46 87 95 54 52 56 90 103 97 116 91 88 97 83 76 73 76 73 56 49 81 132 64 44 43 45
41 47 117 127 61 52 55 93 104 106 124 110 113 107 81 78 82 72 68 53 52 118 178 79 45 49 44
44 51 195 228 68 51 60 97 114 114 145 120 135 116 94 99 106 86 73 58 55 167 325 90 45 42 45
46 62 257 461 87 53 66 113 142 143 136 158 150 140 134 121 139 111 79 65 66 268 500 145 45 46 49
45 51 132 173 99 57 66 120 147 143 140 158 162 152 172 122 144 115 88 70 77 209 303 84 48 45 46
45 50 101 140 109 57 73 145 144 138 157 180 198 179 182 135 151 127 98 76 89 185 185 63 51 46 45
45 46 83 122 116 58 93 159 162 159 192 179 200 183 136 133 136 126 113 83 102 187 162 54 47 46 44
45 46 84 128 125 59 111 157 160 152 177 172 222 181 131 138 152 142 134 97 129 180 150 52 45 46 45
44 46 78 131 135 82 148 189 191 174 167 173 194 167 137 148 166 156 157 124 119 180 175 56 46 46 46
44 48 60 166 145 107 220 225 213 199 171 175 170 138 139 147 172 175 164 150 126 189 138 51 46 46 43
47 47 61 110 204 145 253 237 256 209 168 173 165 126 138 148 191 192 164 193 160 157 110 52 46 47 47
50 48 53 73 131 149 196 184 184 182 138 142 119 108 107 119 146 145 120 161 146 112 77 49 45 45 44
44 45 50 62 75 110 145 132 136 132 123 120 98 92 83 89 107 105 109 123 121 69 63 49 44 45 44
44 49 48 51 56 60 92 90 93 101 106 100 86 77 76 78 86 83 85 84 71 57 55 49 44 44 44
47 46 46 49 52 50 66 67 73 91 87 87 74 71 73 73 69 71 70 68 60 56 53 46 44 42 43
46 44 48 51 51 54 65 68 75 93 92 99 78 79 79 77 76 72 66 69 56 52 54 45 44 44 44
50 55 48 51 53 50 58 63 71 89 86 97 85 92 82 79 74 77 65 67 55 52 55 46 43 44 43
69 47 53 56 54 53 62 70 74 92 90 98 95 90 82 73 78 72 68 61 57 57 56 47 45 45 46
57 52 59 58 57 58 63 74 78 96 95 104 104 90 83 79 90 96 70 66 57 55 57 46 44 44 44
46 56 63 61 58 58 69 73 83 92 103 116 106 84 93 91 100 109 88 69 60 60 58 46 46 47 46
51 53 68 61 58 53 64 65 76 75 107 113 86 76 84 85 80 89 68 61 59 64 57 45 46 49 45
61 49 56 56 58 54 62 65 63 65 83 96 72 67 69 65 65 64 55 54 56 61 53 46 45 47 44
