43 46 44 43 44 42 43 44 43 43 47 44 44 43 46 46 48 59 49 44 43 43 45 43 45 44 43
43 44 41 43 44 44 46 44 42 43 44 44 44 41 45 61 63 78 48 42 44 44 41 43 48 44 44
43 49 44 42 44 43 44 44 43 44 44 44 47 45 44 50 85 258 97 47 43 44 44 43 44 43 46
40 44 49 44 44 44 43 43 44 44 44 42 45 47 46 46 59 232 99 46 45 45 39 43 46 46 49
42 43 43 44 44 44 45 44 45 44 43 43 45 46 47 46 59 77 56 40 43 46 44 45 44 51 58
41 43 43 43 46 44 44 43 44 46 44 42 44 45 46 52 76 59 53 44 44 43 44 44 45 79 120
43 42 44 42 45 47 45 45 44 43 44 45 46 49 47 68 114 49 47 43 44 44 43 47 56 225 323
43 44 43 43 44 44 45 43 46 44 43 44 48 47 56 101 73 45 43 44 43 44 45 46 60 134 151
43 42 44 47 45 44 44 42 44 44 44 46 45 60 96 97 51 44 48 44 45 45 43 49 54 84 100
43 44 43 44 46 44 46 44 43 44 45 46 51 70 118 106 49 44 47 44 44 47 45 45 50 86 93
43 43 44 45 44 44 45 45 47 46 45 50 62 121 123 101 48 44 45 47 46 47 45 45 49 110 95
43 45 45 44 45 46 45 47 46 44 47 50 90 137 121 90 45 46 46 46 46 45 45 46 54 135 131
44 45 45 45 44 44 45 45 46 44 47 62 97 137 111 77 46 49 46 45 46 45 46 47 72 135 163
45 44 46 40 45 50 47 45 46 46 48 66 110 138 124 87 48 44 47 45 47 48 43 51 95 159 182
44 42 45 44 46 45 46 43 46 50 47 59 95 117 107 77 46 43 42 45 46 47 49 62 90 151 168
44 44 45 45 46 45 43 45 50 46 55 67 85 108 98 54 47 45 44 41 46 44 46 96 110 176 177
43 45 44 45 45 45 45 45 45 46 54 68 70 85 70 48 46 45 45 42 46 46 53 141 140 195 233
42 44 43 44 45 44 45 42 45 51 48 57 59 72 63 47 46 43 46 45 46 46 66 160 155 198 208
43 43 44 43 44 44 45 44 44 46 46 52 60 60 57 46 44 44 44 44 45 52 54 136 126 174 146
43 41 45 48 45 42 44 44 44 46 45 57 74 68 49 45 43 44 44 44 43 51 58 100 102 112 95
44 44 40 44 50 44 44 44 44 46 50 61 69 68 60 46 44 44 44 45 44 47 60 80 88 79 74
44 48 45 43 45 44 45 46 45 46 59 72 77 71 66 46 44 44 45 50 45 46 54 70 63 55 58
42 46 51 46 45 46 45 46 55 48 74 101 92 86 78 52 41 45 48 47 46 49 62 63 51 50 49
44 47 48 47 46 47 52 47 54 55 100 114 108 102 85 56 45 44 46 42 60 63 83 70 54 51 47
44 48 48 51 51 48 50 52 59 87 127 133 124 107 92 63 46 48 48 51 98 93 98 57 49 55 48
44 47 49 63 68 55 50 50 60 87 118 115 121 96 96 65 48 48 51 69 148 87 88 61 53 47 46
47 50 62 50 49 53 53 50 63 87 120 92 101 96 80 59 54 51 56 85 238 128 134 76 46 48 51
48 49 58 56 52 52 53 53 87 116 131 123 142 128 105 66 67 58 71 110 255 154 175 91 54 52 49
46 50 47 49 53 50 50 52 76 97 101 102 116 95 87 60 56 54 67 84 122 100 103 70 52 48 46
46 49 46 48 54 48 48 49 72 82 83 106 102 98 92 61 54 56 68 75 104 77 79 54 50 46 46
46 50 49 46 50 54 53 53 81 98 105 119 103 103 114 93 80 94 77 78 105 88 82 57 52 46 47
49 59 52 51 54 53 55 68 129 114 129 137 148 123 128 149 126 99 98 88 97 133 73 56 54 51 47
58 68 63 61 65 65 68 86 116 145 162 151 177 178 160 168 128 104 110 99 113 3583 82 64 60 57 56
50 52 53 54 57 53 55 88 108 118 127 130 145 174 155 161 123 125 102 87 85 118 54 50 53 55 51
51 58 56 55 57 57 57 90 121 150 127 141 166 186 219 149 131 122 109 101 86 80 66 56 48 51 51
52 63 60 55 57 56 57 95 136 153 139 140 168 110 126 128 123 97 92 83 79 70 71 50 48 47 49
57 73 68 51 53 53 60 70 89 94 114 95 140 113 89 107 100 82 91 76 63 60 55 49 48 47 46
55 107 84 53 54 56 69 89 98 82 84 85 101 91 90 121 106 88 89 71 55 58 50 55 46 49 47
71 126 76 55 55 60 79 105 99 92 93 69 74 81 71 106 80 73 84 63 54 58 64 46 50 46 46
113 222 82 59 63 73 95 124 118 104 101 80 74 80 72 80 78 74 66 57 55 58 63 48 48 45 46
135 372 76 65 67 89 119 144 157 134 104 89 88 87 85 81 82 70 63 57 54 62 61 51 49 46 47
96 149 69 61 64 106 131 154 161 136 112 86 98 92 83 73 73 61 56 57 54 65 63 44 46 51 46
101 141 66 67 93 152 191 183 164 139 130 97 102 107 83 77 66 57 60 57 60 84 67 47 44 47 51
112 127 76 104 138 197 204 250 172 145 131 121 128 104 76 71 62 54 59 63 73 90 57 51 46 46 46
126 159 118 163 174 202 210 241 179 148 143 137 129 103 79 71 62 55 60 77 85 81 53 54 51 47 47
96 135 195 217 200 185 225 232 193 168 140 161 132 111 90 70 62 60 72 122 121 70 53 48 44 48 52
118 236 227 253 248 206 226 223 207 175 148 159 142 114 96 68 63 63 116 197 111 67 53 48 47 48 49
142 268 246 284 258 212 219 226 187 153 149 159 149 120 98 69 62 74 169 221 76 66 53 52 52 49 49
238 253 201 252 291 246 201 226 191 162 180 149 159 121 82 66 64 76 95 89 71 71 52 47 48 48 48
203 211 202 220 262 210 156 185 162 141 174 138 171 121 76 63 78 82 79 69 64 66 52 49 47 47 48
92 158 167 155 198 166 146 148 141 133 161 157 156 105 71 79 85 78 63 59 59 62 50 47 47 48 49
70 78 140 120 142 134 144 125 116 121 139 174 132 96 64 79 71 68 58 54 54 58 50 46 46 47 46
54 67 83 89 97 109 114 104 112 99 96 147 121 83 74 79 66 53 52 50 50 54 49 45 46 44 46
51 71 60 82 85 95 106 88 91 91 81 106 93 78 71 60 56 46 48 44 50 54 49 46 46 46 45
56 77 68 84 114 115 120 92 93 93 96 102 90 79 66 62 56 49 49 45 52 56 47 46 46 44 45
85 66 88 98 112 148 131 98 84 79 81 82 75 71 61 61 58 51 47 50 49 50 49 45 46 46 44
82 77 104 114 127 151 110 88 78 78 72 75 69 63 59 61 53 49 50 55 51 50 47 44 44 46 44
70 127 100 133 139 124 108 97 78 75 66 69 67 61 54 55 52 51 51 53 54 50 48 46 43 46 45
75 151 126 159 141 129 122 104 76 76 68 69 60 62 58 54 50 51 51 54 58 51 49 46 43 46 45
197 136 150 179 152 143 137 120 80 75 71 67 63 59 54 55 55 54 54 59 54 56 51 44 45 52 45
135 139 164 182 141 130 116 100 78 65 62 61 62 55 51 54 56 56 52 56 52 52 51 46 45 47 45
161 121 119 138 117 110 109 80 71 61 59 59 58 52 56 57 61 63 56 51 51 53 53 50 44 46 47
133 101 97 98 86 79 82 67 62 54 56 51 55 53 53 53 54 63 58 51 50 54 54 50 44 44 44
75 68 80 79 69 76 67 58 52 50 51 51 48 51 54 52 54 51 49 51 50 53 47 46 48 45 43
