44 43 45 44 43 43 43 44 44 42 44 49 45 42 44 44 42 43 43 43 47 41 44 49 44 42 44
42 40 44 47 44 42 43 44 43 43 43 44 47 44 44 44 42 44 43 44 45 44 49 45 44 44 43
42 48 44 43 44 42 43 44 43 43 44 44 46 44 43 44 42 43 44 44 47 45 45 46 42 46 46
43 47 44 43 44 43 43 44 43 43 46 44 45 44 44 44 42 44 44 46 46 46 51 63 72 65 48
40 43 48 44 43 44 43 43 44 43 44 44 44 45 45 43 45 44 46 46 51 68 82 94 75 49 46
42 43 43 44 43 44 48 44 43 44 43 43 45 44 45 45 41 45 51 47 74 87 85 67 50 46 47
43 43 45 44 43 43 43 43 44 41 45 49 45 42 44 43 43 43 44 49 52 63 60 52 46 44 45
42 41 44 42 44 49 44 42 43 43 43 44 44 44 45 45 44 43 45 47 51 63 106 53 52 46 44
43 41 44 48 44 43 44 42 43 44 44 44 42 44 48 45 43 45 51 47 50 76 98 60 47 48 45
42 42 44 43 44 47 44 44 44 42 43 44 44 44 43 44 42 43 51 48 46 70 77 58 48 47 45
43 43 42 44 48 43 44 43 42 43 44 43 45 43 45 48 44 46 47 63 50 85 104 79 53 50 47
42 43 44 44 43 44 47 44 44 44 43 43 45 44 46 45 51 47 50 50 52 101 114 127 62 49 52
42 46 43 43 45 44 44 42 44 49 45 43 45 45 47 48 47 55 53 54 61 118 145 182 81 58 57
45 44 44 44 44 44 49 44 42 43 44 44 46 44 47 53 47 51 53 58 73 121 148 201 99 75 64
43 45 47 45 43 44 44 44 44 42 45 49 46 46 51 48 50 54 55 58 77 155 177 192 135 70 63
43 43 45 48 45 45 44 45 44 49 44 44 46 47 51 51 53 58 54 65 99 163 202 271 185 83 64
43 44 45 45 45 45 45 45 47 44 43 45 47 49 53 51 57 59 61 68 120 181 226 320 209 95 67
44 45 44 44 45 45 45 45 45 44 45 45 46 50 53 54 57 60 63 78 114 188 234 326 250 106 59
42 44 44 44 45 45 45 43 44 46 45 43 46 48 51 52 54 56 59 74 81 156 200 219 233 84 65
44 41 44 48 44 43 44 43 44 44 44 44 47 47 49 51 51 54 57 64 74 110 155 168 200 85 72
45 44 45 46 45 42 44 44 43 44 42 44 50 46 47 50 49 53 57 58 65 99 127 170 167 95 53
44 47 44 42 46 43 45 45 43 44 47 44 46 46 49 50 51 54 62 67 75 124 127 162 142 90 60
43 46 44 43 44 44 44 47 42 44 49 45 46 48 52 53 57 60 66 89 118 130 176 174 140 103 72
43 44 47 44 44 44 44 46 44 44 46 48 48 48 54 54 56 66 72 97 129 138 155 146 143 75 56
46 45 46 44 44 45 44 44 44 42 46 50 52 50 60 63 63 88 100 146 183 192 200 180 142 66 57
44 44 45 44 45 46 47 46 44 43 44 51 57 53 60 68 85 114 125 174 179 196 198 143 115 69 57
45 43 45 43 46 49 46 44 45 44 46 47 52 68 74 104 124 122 148 211 222 276 283 195 135 74 60
45 44 46 51 46 45 45 44 46 45 46 50 60 76 138 170 209 220 228 249 271 292 321 236 136 82 66
44 44 45 50 45 44 44 43 44 45 44 47 72 77 172 166 162 175 174 155 179 158 174 152 88 65 58
43 45 42 44 49 44 44 44 43 44 45 48 69 108 122 140 154 165 139 139 143 121 121 105 69 59 57
44 45 42 44 49 44 44 44 43 44 45 59 75 107 163 150 224 187 162 133 135 125 121 88 68 64 56
44 49 43 45 45 44 45 42 45 48 45 63 100 132 201 173 347 189 174 142 138 121 111 82 69 68 55
43 46 45 46 44 44 45 44 44 43 46 88 144 142 213 219 316 180 151 159 122 97 90 75 67 66 55
46 43 47 43 45 45 44 44 42 45 51 72 134 160 241 252 229 161 150 122 107 84 78 71 63 63 53
44 45 45 45 45 44 45 46 44 45 45 78 135 163 276 271 201 170 149 108 108 83 79 72 61 58 54
43 44 46 44 44 44 47 44 44 44 44 68 148 174 244 178 177 186 122 79 79 73 72 67 59 54 54
42 44 46 44 44 44 44 44 46 44 44 70 97 125 149 135 151 81 66 59 62 68 64 58 52 49 50
42 44 44 44 45 43 44 46 44 44 44 63 92 127 162 132 104 73 72 81 74 76 80 82 57 53 52
42 44 45 45 45 44 44 44 44 44 44 65 100 118 119 98 96 77 77 86 86 84 92 130 63 55 52
43 47 45 44 44 43 44 44 44 44 42 56 108 116 103 95 91 87 81 85 105 95 103 130 82 59 54
43 45 45 43 44 44 45 44 44 44 44 48 91 111 103 94 88 85 77 90 99 103 104 107 81 58 51
44 43 44 43 45 45 44 44 42 45 46 48 72 97 100 92 83 90 84 95 101 119 103 104 75 63 57
48 46 43 44 43 44 45 44 44 42 44 45 62 90 102 96 97 94 96 103 92 114 105 94 72 63 67
48 51 43 44 44 44 44 44 44 43 44 47 56 86 93 85 96 98 108 109 82 100 88 88 77 65 69
44 42 44 43 45 48 45 43 43 43 44 46 52 82 83 95 116 129 119 131 98 97 99 85 100 100 98
44 43 46 46 46 48 45 43 44 45 45 47 54 77 98 115 138 166 149 172 145 142 142 144 248 287 224
46 48 47 50 46 44 46 44 46 46 46 48 60 77 103 126 138 169 156 195 171 221 275 268 411 481 306
46 48 46 50 46 45 46 45 46 46 44 49 61 72 101 120 133 166 171 167 192 306 306 271 363 379 245
46 48 45 48 50 46 46 46 45 46 46 48 58 70 90 108 134 152 157 172 257 400 366 286 348 372 150
45 47 46 46 46 46 44 46 50 46 46 49 57 65 83 106 142 149 156 238 341 362 351 310 283 165 92
46 49 46 47 46 46 46 44 46 50 46 49 60 68 84 117 157 183 200 317 354 384 446 329 248 149 102
46 52 47 49 48 44 48 51 46 46 46 50 62 72 86 107 147 204 248 353 405 430 514 337 202 139 102
47 49 50 47 48 46 46 46 51 46 46 50 61 72 88 98 148 217 263 392 508 419 479 287 180 137 93
46 50 47 46 47 51 47 45 46 45 46 49 60 70 86 90 122 199 216 390 563 387 355 212 150 122 82
45 46 46 47 43 46 51 45 46 45 44 46 53 59 67 73 85 117 151 255 369 259 191 140 113 89 69
44 44 46 46 46 46 46 45 51 46 45 46 51 56 61 67 81 98 111 187 189 186 158 125 108 85 69
42 44 46 46 49 43 47 50 46 45 46 46 50 52 57 67 76 77 94 132 127 124 126 106 97 88 77
44 46 46 47 49 46 46 46 47 48 46 47 49 51 55 57 66 75 80 103 99 101 108 108 94 86 75
45 50 48 50 48 47 50 49 46 46 46 49 49 53 53 61 65 76 89 103 97 121 119 114 102 92 76
55 56 50 57 50 48 54 48 46 49 46 49 49 52 57 61 68 79 90 111 104 133 129 118 115 113 70
49 61 56 62 50 53 47 47 48 46 45 47 49 53 58 60 72 84 85 100 102 137 125 129 127 104 65
51 73 58 56 50 52 48 46 46 45 43 46 50 52 57 59 71 86 85 85 84 103 104 115 113 87 61
56 72 56 50 50 50 49 46 45 46 45 45 49 48 54 57 59 74 68 71 69 88 88 95 105 69 52
50 49 54 51 48 52 47 45 44 45 44 45 49 46 52 59 54 60 59 65 63 81 75 83 88 56 50
