43 47 45 47 54 83 94 75 47 47 47 46 55 88 255 120 54 58 46 45 46 42 44 43 43 44 41
45 44 46 44 51 71 234 262 53 51 56 53 55 165 364 99 51 52 52 48 52 45 43 44 44 44 44
45 43 45 46 46 54 107 140 61 46 50 49 59 89 148 78 49 46 43 45 46 44 46 44 42 43 43
44 43 50 46 46 58 79 70 52 47 44 44 46 51 86 71 53 44 45 40 44 42 43 47 44 42 43
42 43 46 44 46 55 79 58 45 50 46 43 45 49 71 78 50 43 44 40 44 44 43 46 44 42 43
41 44 44 44 47 80 83 58 45 49 46 43 45 45 60 85 56 46 46 43 44 48 44 42 43 42 43
44 43 45 49 48 153 112 71 46 46 46 46 49 46 63 98 66 48 46 45 46 43 46 48 44 42 43
43 42 46 49 50 94 128 76 46 46 45 46 51 46 64 103 88 52 46 45 44 45 49 44 43 43 46
44 48 45 44 60 130 117 89 47 47 49 47 49 48 74 120 104 61 53 46 47 44 44 44 44 42 44
43 46 46 44 79 132 118 91 49 46 47 48 48 48 83 126 111 79 50 47 51 44 44 44 42 43 45
43 48 46 52 138 175 168 133 51 51 49 51 50 51 93 140 131 127 65 48 48 46 45 44 44 43 46
45 47 52 60 170 225 173 150 53 51 52 57 51 50 99 128 143 155 86 55 49 45 46 46 45 45 44
44 49 51 66 176 212 150 136 54 50 51 53 51 51 102 120 136 166 100 63 48 47 46 44 44 44 44
45 49 53 58 154 195 159 142 65 50 51 53 51 52 87 117 129 138 109 51 48 46 43 45 49 44 44
44 43 52 56 157 190 156 126 53 51 51 52 49 53 62 103 132 168 91 51 48 46 44 45 45 44 44
43 46 51 53 100 213 138 108 51 51 49 50 48 50 60 70 113 115 80 50 47 47 46 45 44 44 44
43 51 42 54 80 124 89 82 53 48 47 48 47 46 50 62 92 101 67 53 48 44 46 42 44 44 44
43 48 44 45 56 90 101 81 47 49 45 46 47 46 48 55 79 93 61 55 48 44 44 42 43 44 43
43 47 44 42 51 71 72 65 49 46 46 46 46 46 46 49 75 79 61 54 45 44 44 44 43 44 42
42 49 45 44 47 53 80 79 71 44 48 51 46 45 46 51 69 79 70 52 45 52 44 44 43 43 43
44 44 49 43 50 69 99 96 58 57 53 50 46 46 48 56 71 96 87 53 46 49 43 44 44 43 44
44 44 49 45 51 64 108 109 88 95 56 54 51 50 55 81 96 104 99 63 51 50 46 45 43 43 44
44 46 46 46 53 91 125 121 118 117 64 59 55 54 70 86 123 135 112 89 54 56 46 47 46 42 44
44 46 45 47 52 98 145 142 155 131 94 70 57 57 76 125 124 118 108 92 66 63 47 49 46 43 44
45 47 46 49 55 174 152 152 168 110 156 96 64 60 79 133 145 129 125 125 84 57 58 46 52 50 44
47 47 47 52 71 109 151 149 152 114 153 104 69 61 87 130 158 116 147 164 99 57 58 46 46 46 45
46 49 47 49 56 105 143 145 112 110 119 107 71 70 72 116 147 125 127 142 129 71 57 48 44 45 44
49 51 50 51 55 108 171 176 134 153 178 145 107 95 106 147 191 187 174 180 153 84 60 52 51 46 44
48 49 48 48 53 93 126 127 129 161 159 160 134 120 164 159 141 153 121 129 95 59 54 52 46 50 45
46 47 49 48 49 64 95 97 94 138 101 152 118 105 160 122 111 132 101 97 76 56 52 46 46 43 45
68 70 64 66 74 100 173 177 236 247 242 4095 256 227 242 220 225 222 185 164 111 79 68 63 55 54 49
47 46 47 46 51 61 86 87 147 133 145 161 159 165 175 159 154 122 115 95 89 59 48 43 47 51 46
46 45 47 46 50 61 85 84 144 143 157 149 154 172 173 135 145 103 108 95 74 53 46 46 49 45 44
47 46 43 47 47 55 78 74 135 125 138 128 163 131 123 122 128 107 97 86 70 52 47 46 43 45 48
45 46 46 50 50 53 84 84 119 142 127 121 161 104 109 115 110 94 100 91 62 51 47 45 47 47 44
44 46 43 46 53 52 70 70 124 144 120 137 127 96 88 91 88 85 80 86 55 48 48 46 46 48 44
43 45 43 44 50 48 53 54 71 95 91 72 70 70 63 67 69 62 63 59 49 46 45 44 44 45 43
43 45 45 43 47 53 62 61 94 78 77 69 62 62 67 66 71 70 74 58 49 44 45 44 44 44 45
42 45 43 47 45 48 63 62 90 76 92 78 85 65 68 68 69 67 78 59 50 44 46 45 44 44 46
44 44 47 44 46 49 63 64 88 98 101 95 85 77 76 75 71 67 69 67 49 45 45 46 44 45 44
44 45 46 45 46 48 61 64 98 104 102 102 103 90 75 79 76 68 57 57 56 46 45 49 42 45 44
44 45 45 46 45 49 59 55 97 116 106 108 112 108 84 80 79 68 65 49 50 50 45 47 45 43 43
44 45 46 46 48 50 59 59 99 111 129 119 116 121 91 91 86 79 78 53 50 56 46 47 44 43 44
44 46 46 46 48 50 64 68 98 123 140 135 147 131 91 95 91 81 85 67 51 50 46 44 44 44 44
46 50 46 46 50 54 71 71 119 120 152 133 152 143 108 112 107 98 95 75 53 48 46 44 44 45 45
47 53 48 47 51 56 82 82 148 142 132 158 180 161 144 134 137 123 100 82 58 49 48 46 45 44 45
47 49 48 47 52 58 86 87 158 166 153 172 181 165 170 137 147 120 113 94 56 50 46 47 50 45 45
49 49 49 48 53 61 90 91 165 162 168 180 200 178 164 156 160 151 132 112 58 51 49 44 46 50 46
52 50 49 49 53 64 114 117 200 182 194 164 195 164 125 142 150 149 151 130 74 56 53 45 47 49 45
54 51 50 50 55 75 140 143 200 172 186 161 206 162 126 145 167 163 164 159 78 54 50 49 44 45 49
51 57 51 52 61 103 160 164 232 210 189 176 190 140 128 163 179 185 191 198 110 60 51 46 47 50 45
50 51 54 50 101 136 182 188 248 215 172 171 152 126 124 134 152 195 193 200 135 71 49 51 52 46 45
51 57 51 56 121 148 177 178 214 174 125 136 129 106 105 112 123 174 175 178 148 118 55 50 48 46 47
50 58 60 74 100 122 112 114 84 84 78 86 81 76 69 72 77 86 89 99 126 87 63 52 46 42 44
74 100 88 119 131 150 105 108 73 76 80 76 74 76 64 65 70 66 73 102 117 100 103 59 46 45 45
75 122 137 126 134 177 106 108 68 70 70 68 66 71 60 65 72 68 72 102 95 98 119 73 49 47 42
89 162 108 111 141 144 85 85 70 68 68 68 63 63 65 68 66 74 72 85 87 90 107 74 51 45 45
80 172 93 108 98 94 78 85 79 75 76 76 66 67 60 68 67 70 74 75 75 85 87 71 50 54 48
110 164 114 122 95 88 84 88 86 83 84 87 78 77 71 76 76 75 82 83 76 89 88 76 61 51 44
218 120 111 130 94 95 99 99 88 94 89 99 86 84 81 84 79 81 82 78 78 96 82 84 66 46 45
137 142 120 124 86 80 88 84 80 87 85 93 99 86 81 93 85 99 87 69 73 106 94 86 73 44 44
126 135 86 92 78 70 71 74 76 73 76 82 93 75 79 98 87 107 90 63 64 81 83 92 81 45 45
121 107 79 71 69 62 66 71 65 60 68 67 76 70 71 83 78 85 74 69 64 80 79 91 81 46 44
74 70 70 63 64 63 58 59 54 54 58 56 59 59 56 60 66 61 59 62 58 72 67 75 66 45 44
