43 44 45 43 44 44 45 46 52 56 61 82 142 75 101 65 45 45 52 55 46 44 43 43 44 43 44
44 47 48 48 46 46 49 57 64 64 77 340 846 209 68 63 57 52 53 57 48 46 46 44 44 44 44
44 49 47 48 48 46 51 52 60 63 78 399 1020 207 67 63 61 57 54 46 48 50 46 46 45 43 44
41 43 44 44 45 44 45 46 46 47 47 64 157 91 54 49 46 44 46 44 44 43 44 44 45 44 42
43 42 44 43 44 44 44 45 45 46 53 70 107 138 59 50 45 46 44 44 43 43 46 44 44 43 42
43 42 44 43 44 44 44 45 46 46 52 69 89 149 87 51 47 47 44 45 46 45 46 45 42 43 43
42 43 43 44 47 44 43 44 46 46 48 58 90 127 114 56 48 50 44 45 44 45 45 45 46 44 42
42 44 44 44 46 44 44 45 46 46 47 59 111 130 125 76 46 47 46 48 45 44 44 46 46 42 47
43 44 47 44 43 43 44 45 46 45 47 59 60 115 125 111 52 47 46 45 48 43 44 42 43 42 44
46 44 46 44 43 44 45 46 47 45 50 60 62 108 131 131 72 51 48 44 44 44 44 44 42 44 49
43 45 45 47 46 43 46 46 48 49 48 61 73 142 137 136 96 59 49 49 46 44 44 45 44 42 43
42 44 45 44 46 42 46 52 49 48 49 58 70 149 132 118 119 63 50 51 46 44 44 43 45 44 44
43 51 45 44 45 43 45 48 48 49 49 56 72 116 136 113 108 77 46 46 50 44 44 45 45 44 49
43 45 43 44 43 44 50 47 46 48 49 54 62 95 110 120 100 89 46 46 45 44 44 45 44 48 46
43 44 42 44 50 44 44 46 46 47 48 48 52 72 89 100 97 78 46 52 45 43 44 43 43 44 44
42 44 42 44 49 44 43 45 45 46 47 46 48 59 73 82 87 59 47 50 46 46 45 43 44 44 43
42 43 44 41 45 49 45 43 52 44 45 46 46 53 66 72 77 53 44 44 50 44 44 44 43 44 50
43 43 44 44 45 41 45 50 47 44 45 45 46 47 58 79 68 53 46 45 50 44 44 44 44 43 44
42 44 44 44 41 43 56 45 44 49 44 45 46 44 50 66 60 51 50 44 44 43 44 45 44 43 44
42 43 44 44 44 40 45 50 47 50 46 46 46 46 52 70 65 58 45 45 45 44 48 44 43 44 42
42 44 40 44 48 44 46 48 73 66 52 50 48 46 66 87 71 70 48 45 46 44 44 46 44 44 44
43 45 48 46 45 44 47 53 100 80 79 56 52 51 79 97 97 92 63 44 46 52 46 44 45 42 43
42 47 47 46 46 44 50 66 109 134 101 75 65 58 106 110 109 99 87 62 46 50 53 45 47 44 43
44 46 49 47 47 47 60 97 117 168 122 93 69 63 96 163 105 101 103 64 48 50 51 46 47 46 43
44 48 49 49 49 48 95 113 160 180 173 103 68 66 121 156 129 121 101 82 58 52 49 47 47 50 45
44 51 52 50 50 48 102 153 142 129 185 97 69 65 131 152 159 137 113 109 69 52 51 48 44 49 45
43 50 55 51 49 49 68 159 188 175 183 119 74 72 85 143 148 123 131 103 97 61 50 49 46 44 44
50 54 56 53 51 51 178 197 179 157 201 182 148 103 129 136 212 227 148 137 126 62 52 53 47 49 45
50 53 53 52 49 61 156 140 170 159 172 182 141 125 198 146 149 160 124 105 80 56 51 52 44 46 49
44 54 51 51 49 51 102 107 125 142 119 174 128 114 178 127 119 127 97 91 72 48 49 46 46 45 42
57 105 95 92 78 79 125 212 256 275 276 4095 356 268 265 246 245 234 192 149 104 76 66 63 59 52 49
45 56 52 53 49 51 64 114 178 160 177 184 171 178 179 177 168 131 123 92 70 55 48 47 49 47 49
45 53 50 52 52 50 61 103 153 159 174 161 164 184 209 166 164 118 112 92 65 50 49 46 46 47 45
44 52 51 51 49 46 56 93 127 131 172 144 151 138 128 129 131 109 96 80 61 49 48 46 46 45 45
44 51 52 51 52 50 58 113 119 140 150 148 183 154 124 117 114 95 91 89 57 50 48 47 46 46 42
44 51 51 48 49 52 54 106 134 155 138 172 147 110 109 92 88 80 76 70 55 48 47 47 45 46 45
43 45 46 46 46 47 47 58 66 74 78 75 72 73 68 64 64 57 59 53 52 47 43 45 43 45 44
43 46 46 47 44 45 52 64 78 77 74 68 68 59 63 67 66 62 70 58 47 44 46 44 44 46 44
43 45 49 51 46 44 48 70 87 83 93 79 76 66 64 67 66 61 72 60 45 46 53 45 44 45 43
44 46 43 46 51 46 49 76 88 94 98 93 82 78 65 72 66 62 63 62 48 43 45 50 44 45 44
44 48 49 47 47 47 48 78 110 114 102 110 99 81 73 73 74 67 64 50 49 52 46 49 44 44 44
44 50 49 48 47 44 51 74 104 128 114 114 110 98 78 78 78 68 61 54 46 46 51 48 44 45 43
61 59 52 51 48 48 53 75 122 134 146 133 127 121 94 93 87 81 70 57 47 46 51 46 45 44 44
55 133 69 55 50 50 53 109 137 153 160 159 160 142 103 102 99 87 83 60 56 48 49 46 47 44 45
94 314 126 69 51 50 60 117 147 147 173 154 159 149 122 125 113 104 90 65 56 50 50 47 45 45 45
80 242 196 118 55 52 69 134 163 165 156 179 189 178 158 146 148 124 101 76 55 52 50 50 46 44 46
56 178 202 166 68 52 91 138 172 173 165 191 197 177 177 149 159 132 112 84 56 49 51 54 47 49 46
49 136 191 188 108 60 124 161 168 169 172 200 218 184 177 169 174 159 145 92 57 52 49 50 50 46 47
47 77 133 151 133 89 148 187 206 190 198 187 204 173 139 160 169 161 156 103 63 55 52 51 46 46 47
47 65 112 142 138 125 142 177 198 165 174 166 208 174 139 170 187 173 159 132 64 54 51 49 48 44 45
44 59 94 135 147 161 161 177 187 165 165 171 191 157 143 194 210 200 189 163 74 56 56 51 48 46 44
46 56 73 132 159 164 194 176 164 150 151 169 160 140 141 164 174 211 180 178 97 58 54 52 47 47 45
45 54 59 68 109 143 171 173 158 141 121 152 149 125 123 130 148 193 174 176 130 81 55 48 48 48 45
42 47 53 50 54 66 77 86 84 86 79 92 88 87 80 78 85 96 85 108 115 67 63 46 46 45 42
46 46 47 49 50 56 65 65 71 76 78 86 73 73 69 65 65 62 67 100 113 93 76 49 46 49 45
44 46 46 46 48 51 61 57 63 73 71 72 70 68 60 65 69 64 73 103 94 102 94 58 51 46 44
43 49 47 46 48 52 51 57 57 63 71 69 65 66 61 66 64 70 76 93 93 93 99 62 47 50 44
46 48 46 50 50 52 50 58 63 66 70 73 63 69 66 68 74 75 76 82 80 89 84 66 47 54 44
43 50 46 51 52 52 57 60 64 73 77 82 74 79 76 84 80 89 90 84 82 89 92 75 54 50 44
44 48 52 57 54 55 64 69 68 76 79 90 84 85 85 100 96 92 99 84 84 100 87 83 60 45 44
48 49 55 57 56 56 59 72 70 74 78 97 96 96 96 113 118 129 103 85 78 108 98 92 66 46 45
46 51 51 54 58 55 64 63 70 76 76 98 97 87 104 148 133 160 117 79 71 82 88 93 79 49 44
46 49 50 50 55 54 60 60 68 62 67 73 79 76 94 123 106 126 91 72 74 88 86 95 88 50 45
56 47 47 47 54 54 60 53 53 56 58 60 67 63 66 76 78 81 67 64 70 83 75 83 78 47 45
