42 44 44 43 44 44 43 44 41 43 49 44 43 44 43 43 42 43 43 43 41 43 49 44 42 43 43
42 44 39 44 49 44 44 44 43 43 44 42 44 44 42 44 42 42 43 44 44 43 42 43 47 44 42
42 42 44 50 44 42 43 43 43 44 43 43 47 44 44 44 42 43 49 44 43 43 43 43 44 43 44
42 44 41 46 50 44 42 44 42 43 44 43 45 44 48 44 43 43 45 44 43 43 44 43 43 40 44
42 44 46 45 46 44 42 43 43 44 44 41 45 49 45 42 42 43 44 46 45 42 43 43 43 43 42
43 43 43 44 44 47 44 42 43 43 43 44 45 44 44 43 42 43 42 42 44 43 44 41 43 49 45
42 47 43 44 44 42 44 47 44 43 44 42 44 44 44 44 42 44 44 42 44 43 43 44 41 43 50
43 43 46 42 44 44 43 43 46 44 44 43 43 44 44 44 42 40 44 46 45 42 43 43 42 44 42
42 43 44 41 44 48 44 43 43 42 44 44 44 44 44 44 41 43 38 44 49 43 44 44 42 43 44
42 44 43 44 43 43 46 43 44 44 42 43 45 44 44 42 43 42 43 43 44 44 44 43 44 43 43
42 44 43 44 42 43 48 44 43 44 43 43 45 44 44 45 42 42 44 38 44 48 44 44 43 42 44
41 44 43 43 44 42 44 46 43 44 44 42 44 46 44 45 43 41 44 43 44 43 44 43 41 43 45
42 46 43 43 44 43 44 44 43 46 44 44 46 48 46 46 43 43 44 48 44 42 43 42 43 44 43
43 51 45 42 45 43 44 45 44 45 46 46 61 119 58 54 52 53 51 44 49 44 43 43 43 44 45
42 44 45 45 47 45 46 46 46 48 47 46 63 147 104 63 62 60 61 44 44 43 44 44 46 46 43
44 44 46 44 45 45 46 46 45 46 50 47 61 88 153 65 65 60 62 45 44 43 44 42 44 43 45
44 45 46 47 45 45 46 47 48 46 49 47 64 108 136 74 68 63 64 44 44 44 44 44 43 46 44
48 47 44 46 45 44 46 48 46 49 48 50 68 104 119 82 66 63 66 42 44 44 44 44 42 44 47
44 51 49 45 44 45 46 49 46 49 51 52 64 81 90 92 62 60 62 43 44 45 44 46 43 43 44
45 45 46 46 46 49 50 54 53 50 54 75 70 71 85 76 60 57 58 44 44 44 42 43 47 44 44
45 50 44 48 50 45 53 64 69 67 76 80 74 62 55 57 52 51 52 44 44 43 44 45 46 45 42
48 70 67 62 63 60 67 93 136 115 102 69 64 57 54 52 51 51 55 45 43 43 43 43 44 44 44
50 76 74 90 76 110 113 153 270 105 98 69 57 57 58 54 53 52 53 45 44 44 44 43 44 42 45
51 87 91 114 144 180 146 150 242 114 72 64 60 59 55 55 54 53 55 46 45 43 44 45 44 45 42
72 96 261 213 221 228 213 167 146 96 74 72 63 57 61 60 55 56 55 48 46 45 45 42 44 49 45
62 108 283 237 264 228 194 103 83 77 69 68 62 58 61 57 57 56 56 44 44 44 45 45 42 44 48
76 285 181 232 215 193 124 69 69 70 66 61 59 58 56 56 55 55 55 43 44 44 46 45 42 44 49
98 323 237 173 129 123 87 74 70 63 69 64 65 58 57 58 56 57 53 44 48 46 46 44 42 43 44
92 364 215 141 137 154 106 104 93 80 95 78 76 72 67 65 64 63 60 45 49 45 43 44 43 44 45
79 266 200 127 117 124 101 93 88 82 126 83 83 78 76 78 70 68 69 40 45 49 44 43 43 43 44
125 200 217 186 161 169 223 238 266 250 4095 279 220 206 194 188 188 175 178 63 52 51 50 49 47 50 49
58 101 104 92 84 98 149 160 144 149 163 147 158 142 140 131 129 124 124 49 45 44 44 43 44 44 42
59 69 71 69 69 76 128 162 171 231 188 176 182 179 159 149 151 142 145 49 46 49 45 44 44 44 45
60 64 68 62 62 76 126 136 147 179 223 224 182 177 165 152 153 147 152 53 48 46 44 44 44 45 45
59 63 63 62 61 66 93 126 158 156 193 205 245 212 187 180 189 176 181 74 46 46 45 44 43 44 45
57 54 58 61 57 57 65 78 110 112 150 182 187 174 154 149 149 145 148 74 46 44 44 44 44 44 45
49 50 48 51 55 51 54 57 60 63 81 97 142 133 126 122 124 119 121 66 45 44 44 44 44 44 44
51 50 49 50 50 50 56 58 66 72 71 95 127 122 120 118 120 116 120 58 45 48 45 44 44 42 44
47 47 51 54 50 53 59 65 73 85 83 102 111 110 113 108 109 108 110 63 45 44 46 44 45 44 44
49 51 53 47 51 54 61 78 80 78 90 99 104 100 96 97 99 98 100 71 44 44 47 44 44 44 42
49 58 51 51 50 51 61 82 86 83 88 97 100 92 88 89 92 90 94 67 43 44 44 48 44 41 44
49 50 50 52 49 51 59 76 85 88 92 94 89 84 84 82 83 83 83 59 44 43 44 44 44 44 44
58 50 56 50 50 55 58 70 78 92 91 103 95 92 88 87 91 88 90 51 45 42 43 44 44 44 44
65 57 55 56 58 61 66 66 74 102 109 136 101 96 93 95 93 92 94 48 45 44 44 43 44 46 45
63 56 74 107 78 65 71 72 79 115 116 142 107 103 99 102 103 99 101 45 45 44 44 44 42 44 47
66 70 193 239 193 118 86 82 87 122 136 152 128 124 122 121 124 118 121 46 45 45 49 45 44 45 47
74 89 238 260 214 200 143 106 92 121 148 161 139 136 137 132 134 129 128 48 50 45 45 44 44 46 48
88 151 230 220 163 208 202 172 99 104 154 172 150 145 138 138 142 136 143 49 46 45 44 45 44 45 46
111 146 151 121 133 173 207 219 147 96 138 163 129 122 120 119 118 114 117 51 46 46 45 43 44 44 45
157 142 103 68 80 133 193 190 169 129 104 158 131 125 120 115 120 114 117 52 46 45 45 43 44 45 45
220 154 79 71 77 131 174 229 206 211 162 174 140 133 126 124 126 125 124 49 46 44 45 44 45 45 42
181 158 75 84 78 107 200 251 252 223 232 257 140 132 126 122 125 119 121 52 46 47 45 44 45 46 45
111 90 82 81 84 104 239 293 328 263 246 320 139 131 125 122 121 119 125 50 47 46 45 45 45 46 46
70 94 74 76 78 93 126 233 322 249 203 233 116 110 106 102 104 100 101 48 46 45 40 45 49 45 44
73 66 64 68 76 96 105 159 237 232 164 182 92 88 84 81 84 80 81 44 46 43 45 49 44 44 44
157 64 67 68 80 92 95 115 142 168 134 136 80 76 74 73 74 72 76 46 45 45 46 44 43 44 44
160 81 70 66 90 98 77 93 98 109 95 99 70 73 68 65 69 65 64 46 45 45 45 44 44 46 44
91 94 66 64 66 75 78 90 83 81 74 77 60 59 59 58 57 61 58 50 46 48 45 44 43 44 44
69 81 65 72 66 72 94 88 92 83 73 78 66 59 58 58 57 58 58 49 50 46 53 44 42 44 43
127 84 68 75 78 85 121 120 117 104 93 91 67 65 63 64 63 64 63 53 51 54 48 51 44 49 44
98 77 70 80 74 85 92 116 111 94 92 93 66 65 64 64 66 64 64 55 51 56 51 50 44 50 44
92 79 78 76 72 76 87 101 92 81 83 89 70 69 68 67 70 68 70 48 49 50 48 45 44 44 44
85 93 69 65 76 68 79 81 84 69 72 73 67 69 65 65 64 64 65 49 51 52 52 46 44 44 44
72 66 64 63 66 67 76 76 67 63 62 66 59 58 55 58 58 56 58 50 50 56 50 44 44 44 45
