43 42 44 47 44 44 44 42 43 44 44 44 41 43 49 44 45 46 44 42 46 44 44 43 41 45 50
43 42 47 44 44 43 42 43 44 43 44 43 44 45 44 42 43 42 44 48 46 43 44 42 43 44 44
41 43 43 43 44 43 44 41 43 46 44 42 44 43 44 44 43 43 45 43 45 44 42 43 48 44 43
42 42 44 42 44 44 44 44 43 42 44 46 45 42 43 43 44 43 43 43 46 44 43 43 47 45 44
43 43 44 43 44 44 44 44 42 44 47 44 43 43 44 44 46 44 43 47 45 43 44 41 44 47 46
48 44 43 43 43 44 44 44 44 44 45 45 48 43 43 44 42 44 41 44 50 44 44 44 42 43 46
42 43 48 44 44 44 43 44 44 44 46 42 45 48 44 43 42 43 44 43 44 46 44 45 43 42 46
43 39 44 46 44 45 46 46 46 44 45 45 46 44 44 50 42 44 44 42 44 48 44 43 44 42 44
47 43 44 43 43 43 62 70 64 43 45 51 46 43 44 44 43 43 46 42 43 44 44 44 40 44 49
46 46 44 45 45 43 145 284 161 49 47 49 54 48 49 48 44 44 48 42 44 46 45 45 41 44 48
43 48 44 44 44 43 104 209 106 48 47 47 53 51 47 47 43 46 45 45 44 44 46 44 44 42 44
42 43 46 44 45 43 50 61 50 47 48 42 46 59 49 51 49 48 46 43 45 44 45 44 43 44 46
44 43 40 43 45 43 51 48 45 46 45 44 48 53 56 77 51 53 48 49 47 44 44 43 46 46 44
44 46 43 43 44 42 46 50 46 44 46 46 51 66 74 95 69 61 56 63 48 44 44 44 45 43 44
43 43 45 44 47 44 44 46 45 46 47 46 53 72 95 135 105 86 66 68 48 44 46 44 44 44 43
43 44 44 42 45 48 47 45 46 47 50 52 55 62 124 190 164 177 92 63 50 47 47 48 45 42 44
44 44 44 44 46 47 48 46 47 48 51 54 59 61 112 175 232 274 148 77 64 48 46 49 44 44 46
45 45 45 44 44 45 52 48 46 49 52 56 63 59 103 173 263 351 224 98 57 53 49 48 46 46 49
43 45 44 44 45 45 50 47 45 48 50 53 58 53 83 141 191 252 203 95 54 47 47 46 46 42 54
43 44 44 44 44 45 47 46 46 51 49 52 56 53 67 109 140 205 243 138 55 47 47 45 44 45 51
40 44 45 44 44 44 46 45 47 46 48 52 53 51 56 70 106 176 229 107 66 45 46 45 44 45 44
43 44 44 43 44 44 47 48 48 48 51 49 53 51 55 72 114 138 180 132 68 48 47 46 46 46 53
43 44 45 44 44 46 47 44 46 64 52 53 59 54 63 92 112 174 241 174 105 52 54 48 44 45 55
43 42 44 44 46 46 44 46 51 53 62 51 56 56 74 98 109 131 154 113 64 45 47 51 44 44 49
44 44 45 44 46 45 50 50 46 50 78 58 60 70 87 136 133 151 130 125 65 48 47 46 43 44 54
44 43 50 45 45 44 50 51 51 53 68 68 74 96 125 181 206 179 147 111 61 55 51 48 45 43 52
43 40 44 49 46 45 52 53 52 54 57 76 87 101 134 157 205 161 127 92 57 58 51 47 46 43 49
49 45 49 44 45 50 62 61 60 68 72 95 170 139 187 198 244 208 161 105 61 66 59 52 44 46 54
44 49 50 44 49 46 64 64 63 71 95 111 142 170 179 177 171 164 126 83 57 54 52 51 50 45 48
44 47 45 46 46 54 78 79 76 95 107 103 142 120 131 125 134 102 82 60 52 51 52 49 45 47 49
48 51 54 51 57 64 159 162 156 223 245 296 3260 266 285 229 236 186 159 144 124 116 130 106 62 54 58
43 43 45 46 57 67 125 125 119 140 149 177 189 140 148 140 122 82 66 61 58 53 56 54 46 47 47
43 44 48 46 54 62 116 118 114 163 184 240 193 151 163 136 103 72 64 62 58 56 58 54 46 50 49
46 44 47 45 51 56 130 133 127 157 180 220 195 155 147 117 84 67 63 60 57 56 57 54 48 48 49
44 44 46 46 51 56 123 123 119 174 200 170 152 150 145 83 66 63 60 53 55 53 58 51 45 46 48
43 43 47 48 51 74 130 130 126 179 148 143 155 90 83 65 61 58 55 54 56 51 52 50 44 45 49
42 44 44 45 61 71 113 112 106 116 105 103 78 58 57 58 52 49 49 47 49 47 53 46 43 44 49
43 47 48 50 74 60 112 113 107 112 98 104 67 58 62 59 57 50 50 48 47 46 48 46 44 42 47
43 44 43 43 46 46 113 111 108 119 102 86 73 69 66 59 57 54 49 51 49 47 49 46 44 45 47
43 46 43 44 46 45 108 107 105 133 107 90 88 82 75 65 59 60 51 49 49 47 50 48 44 44 47
42 43 45 44 48 44 112 118 108 156 131 103 102 93 81 69 59 56 49 52 48 50 56 50 46 44 46
42 43 46 44 46 44 101 104 98 155 136 128 112 103 87 69 61 56 49 53 51 51 57 50 44 44 44
44 46 45 45 45 47 97 100 101 138 130 156 121 120 97 68 63 56 54 51 54 50 54 57 45 43 45
44 46 45 43 45 46 91 91 85 127 141 160 136 141 100 76 63 59 56 56 59 55 57 54 46 44 46
44 44 50 44 45 45 83 84 82 113 130 155 138 159 106 85 68 62 59 56 59 63 63 58 46 44 46
46 43 45 44 51 46 74 76 73 124 134 151 170 157 130 102 74 66 63 63 66 75 93 81 47 47 46
48 45 44 44 46 46 69 69 68 118 161 148 167 147 136 108 80 69 70 67 73 87 117 143 59 46 50
46 49 46 45 46 46 66 66 66 102 134 170 158 151 118 103 86 72 76 80 112 182 318 269 67 59 49
45 46 46 44 46 47 65 65 61 113 136 182 150 152 103 94 86 78 88 136 177 416 473 259 64 57 54
46 45 47 46 45 46 62 62 60 95 119 172 158 151 103 95 90 94 131 204 268 280 220 154 66 54 51
47 45 46 45 45 46 57 58 57 83 112 155 176 133 106 96 111 136 170 216 234 142 114 119 78 50 58
44 43 45 43 46 50 58 58 57 76 106 141 197 144 118 108 126 134 153 199 175 84 84 78 63 53 60
45 44 46 43 47 51 60 60 59 75 116 160 216 169 138 159 167 177 188 196 129 78 82 76 63 51 53
45 44 46 49 47 47 61 59 59 72 103 165 213 184 175 192 186 199 157 110 97 72 74 64 51 49 56
45 44 46 49 46 46 59 58 58 68 87 161 190 184 165 170 184 159 108 84 83 67 68 58 50 46 48
44 44 43 44 50 45 52 53 51 57 66 100 119 123 137 140 137 92 77 76 71 61 61 52 45 45 46
44 44 43 44 50 44 48 49 47 54 56 70 78 81 91 85 79 68 65 70 64 57 55 48 44 43 45
45 46 43 43 45 44 50 46 49 58 58 66 69 68 74 77 70 65 64 74 63 56 57 47 45 47 46
46 47 44 44 46 44 50 50 49 53 59 64 63 64 72 73 70 74 67 81 61 57 58 51 44 47 53
44 49 46 49 46 45 54 57 53 51 56 62 68 65 72 80 78 82 70 78 61 60 59 58 46 45 52
50 56 51 50 48 50 53 55 53 52 57 63 71 69 83 108 99 120 79 86 63 64 63 53 48 46 54
47 59 54 54 54 49 54 54 56 54 58 64 72 76 87 122 130 128 100 80 61 66 61 54 49 51 52
60 60 61 54 53 48 53 52 53 51 56 64 67 66 79 102 105 123 86 76 56 63 58 51 49 47 50
77 57 63 50 50 53 50 50 50 49 54 65 60 60 71 78 85 84 61 71 54 68 59 50 49 48 51
