46 43 44 44 43 43 43 44 44 41 44 49 44 42 44 43 42 42 44 43 44 40 44 48 43 43 44
43 42 43 44 45 44 45 49 47 44 42 44 48 44 45 47 42 43 49 44 45 43 43 43 43 43 44
42 43 44 44 45 45 52 95 86 46 45 46 45 48 83 85 80 46 46 42 46 42 45 49 44 42 44
43 46 45 45 46 47 56 160 259 59 58 50 48 56 220 202 60 51 50 44 46 50 47 46 44 43 44
41 43 44 44 45 44 49 71 140 51 48 44 46 52 128 88 51 46 47 47 45 45 46 44 46 44 42
43 42 44 43 44 45 52 63 76 48 46 45 45 46 72 82 62 44 46 48 44 45 45 43 43 43 44
43 44 44 45 45 45 50 72 76 51 46 46 50 46 54 77 72 47 46 45 46 44 47 44 42 43 44
43 43 42 44 48 49 47 84 68 46 46 47 45 45 47 78 74 48 46 46 48 44 46 44 42 43 43
43 45 45 42 44 53 53 97 52 46 51 45 44 44 44 70 89 53 46 52 44 44 45 43 43 48 44
43 44 47 44 43 56 77 99 64 46 48 50 46 45 46 77 96 69 65 51 44 45 45 44 44 42 44
46 45 47 45 44 50 124 142 84 50 50 53 48 46 48 91 115 116 90 56 46 46 47 46 42 44 49
44 45 46 48 47 56 159 178 90 54 48 49 54 48 49 91 119 136 104 63 53 47 50 42 44 48 45
44 42 46 44 49 82 160 163 102 56 51 50 48 49 57 92 123 153 138 78 52 48 45 44 48 44 44
44 49 44 46 44 97 193 155 120 66 52 51 52 50 58 108 123 172 159 85 52 48 49 46 41 44 50
43 45 48 51 48 130 199 162 137 77 56 54 57 56 62 120 157 229 193 113 52 50 50 45 44 44 45
43 47 46 47 52 135 216 182 147 82 60 57 55 58 57 131 183 259 191 110 54 51 52 46 45 46 44
44 47 46 48 52 128 206 163 126 70 58 54 55 54 56 95 176 278 194 97 55 51 51 44 44 46 45
43 46 46 44 48 78 131 108 89 60 51 50 50 50 48 66 110 187 149 63 50 47 49 45 44 44 44
43 44 45 42 47 67 104 95 80 55 48 47 47 47 46 53 68 96 75 60 46 44 46 44 43 44 42
44 46 46 43 49 64 78 91 92 55 54 48 46 46 46 56 64 104 85 51 47 46 44 44 44 44 46
43 43 44 44 48 78 87 92 89 55 47 48 49 47 46 50 83 104 74 50 45 45 45 44 44 43 44
43 44 45 45 45 48 83 112 120 65 49 49 49 48 50 49 79 100 66 50 46 45 47 48 44 43 44
43 46 46 46 46 48 69 98 130 100 70 53 49 50 53 63 87 100 90 52 47 53 49 45 44 43 43
42 46 46 46 46 51 80 102 130 121 90 60 55 53 63 92 98 103 95 65 47 48 53 46 45 44 43
44 46 48 48 50 54 94 111 151 134 96 61 55 55 70 108 119 123 98 86 50 49 51 45 44 44 44
43 51 49 46 49 52 98 114 130 122 100 66 60 56 76 123 140 111 104 95 59 50 52 46 43 44 45
44 47 50 47 48 84 145 106 106 97 87 63 53 55 80 119 118 94 106 106 68 50 50 45 42 44 44
44 48 50 47 49 61 161 162 110 105 108 82 58 66 103 162 133 132 135 142 91 56 54 44 45 51 45
47 48 50 47 50 65 113 135 118 97 91 77 59 70 95 128 108 117 98 104 69 51 53 46 44 46 44
48 50 51 48 50 67 85 93 104 99 73 74 60 67 81 108 91 94 86 84 58 56 54 53 44 44 46
44 54 75 58 51 54 83 97 99 129 115 92 81 98 101 141 104 111 95 79 61 60 55 53 45 43 44
46 57 64 51 49 59 78 114 134 125 129 123 108 133 132 174 135 108 97 90 67 60 60 49 50 45 44
45 54 51 50 50 53 82 124 126 135 134 139 163 179 157 162 127 111 107 78 61 69 60 48 45 46 47
43 52 52 51 54 54 95 136 139 140 144 131 186 183 186 150 117 117 100 81 56 63 62 47 45 48 46
45 53 54 52 54 54 80 142 130 151 124 154 168 212 181 145 127 119 114 102 55 67 65 53 44 45 45
44 52 55 51 52 53 97 118 132 144 135 163 170 160 152 119 116 100 83 78 54 60 65 48 45 45 43
44 48 51 47 48 56 90 111 110 106 107 100 102 122 108 103 96 86 83 63 50 53 56 47 44 43 44
47 49 54 49 48 57 86 119 128 109 109 104 95 106 104 100 111 85 85 54 50 53 62 50 42 44 48
44 50 55 46 46 50 62 119 119 103 98 84 88 83 83 81 83 80 85 57 48 52 69 49 44 44 42
43 48 57 49 46 50 56 78 96 89 75 77 71 64 73 71 82 72 73 59 46 54 116 65 44 41 44
43 59 76 53 46 50 64 98 116 105 85 86 82 70 79 90 83 75 73 59 49 69 123 64 44 44 45
43 102 131 64 46 53 65 100 115 114 104 95 84 83 84 85 82 73 71 54 50 82 148 76 44 43 44
43 110 109 62 50 48 60 109 111 110 119 99 93 99 85 84 80 75 68 53 49 89 152 85 44 44 43
45 156 111 68 51 50 60 112 119 122 135 121 127 107 83 95 87 74 74 59 54 132 221 102 46 44 44
45 243 164 80 51 51 64 118 135 128 158 129 140 126 98 115 108 94 74 59 65 171 352 130 45 45 45
56 409 319 93 54 57 72 126 158 159 145 168 155 151 144 141 139 108 78 66 76 208 431 159 46 46 46
55 166 217 120 54 56 78 136 165 161 156 167 172 161 178 145 150 114 95 74 84 202 259 89 52 51 46
57 119 173 119 62 58 99 176 171 157 178 199 215 187 188 163 162 135 107 76 94 224 236 86 52 46 46
48 77 124 110 73 59 116 174 182 176 216 197 219 191 140 151 140 133 120 82 117 203 168 60 50 47 46
46 71 128 117 81 67 131 168 174 159 196 189 227 184 129 154 149 148 136 99 135 196 161 58 51 48 46
46 67 116 131 98 103 167 200 205 180 184 192 213 164 136 171 165 163 158 118 126 182 189 62 47 46 45
45 69 93 194 131 136 232 240 235 196 175 193 188 149 141 166 166 177 160 145 140 191 143 56 47 46 45
45 62 65 137 195 175 259 262 276 216 165 190 186 138 146 170 175 192 164 185 165 149 102 58 47 49 46
45 58 61 78 148 156 196 196 196 193 141 151 133 119 114 131 135 145 127 160 142 108 77 52 44 45 45
44 53 53 61 78 125 155 142 150 144 132 127 108 95 86 96 101 106 104 118 122 70 65 52 45 44 44
44 51 49 55 55 68 97 93 101 112 110 101 91 79 79 86 83 85 84 83 71 62 57 45 44 44 44
47 48 48 51 51 53 65 68 76 88 88 88 72 72 78 78 71 70 67 69 60 51 52 46 41 44 49
48 47 52 46 48 55 58 67 80 90 85 96 78 79 78 85 71 71 66 64 56 49 52 46 43 44 43
47 46 51 47 48 50 55 63 72 78 83 92 86 89 82 85 75 66 62 63 51 50 53 45 44 43 44
55 50 53 51 48 51 64 67 71 86 86 95 95 86 84 89 76 68 65 59 53 55 53 46 44 44 43
53 51 55 53 51 58 68 74 77 93 95 103 104 90 89 98 92 90 68 57 55 58 55 45 44 44 44
46 53 58 59 59 59 73 80 87 89 105 120 110 91 104 120 102 112 89 66 59 61 57 47 46 45 45
50 52 63 60 62 55 68 73 79 78 107 118 96 87 95 110 90 95 76 67 62 65 58 46 45 45 44
59 55 62 58 59 58 66 66 67 72 95 106 83 80 81 80 75 70 57 59 64 69 57 46 44 45 45
