42 43 43 43 44 42 44 46 44 44 45 42 44 44 43 43 46 43 42 43 43 43 44 41 43 49 44
43 41 44 41 44 48 44 43 44 43 44 43 43 44 44 43 43 42 43 43 43 43 41 43 48 47 44
43 41 44 49 44 43 44 42 44 45 45 44 42 44 46 43 43 44 44 41 43 43 46 42 42 46 44
43 41 44 49 44 43 44 42 44 46 46 44 44 44 46 44 42 44 44 43 45 43 42 43 43 44 46
42 43 42 43 47 43 44 43 43 45 46 43 44 42 44 46 42 42 44 43 44 43 46 44 43 44 46
42 42 43 42 44 44 43 44 49 62 60 45 43 44 44 43 42 44 44 44 45 43 46 44 42 43 43
42 44 42 42 44 44 44 44 84 165 124 48 44 45 44 46 42 48 59 47 45 45 45 44 43 44 45
42 47 42 42 43 43 44 43 61 70 53 44 44 48 44 44 42 44 46 46 43 43 43 44 43 43 44
43 43 44 43 43 43 42 43 69 62 49 44 47 44 49 44 44 44 54 44 43 44 43 44 43 43 43
42 43 44 42 44 46 46 50 118 149 90 46 46 46 44 46 52 63 82 66 51 44 46 43 42 43 44
47 45 46 46 45 48 50 54 311 609 187 63 65 65 62 61 150 376 825 291 51 51 48 48 45 45 46
46 47 47 45 46 46 47 59 290 994 124 71 73 74 69 71 157 376 1735 221 56 49 46 46 46 47 48
44 46 47 45 44 45 50 52 115 477 76 51 52 49 49 53 61 77 305 77 52 46 45 41 44 49 44
44 49 46 44 49 43 45 55 72 134 69 53 51 53 46 46 58 69 144 102 49 51 44 42 43 44 43
44 44 42 43 43 42 47 42 47 71 49 45 45 43 44 45 48 54 80 53 46 45 43 43 46 43 44
42 46 44 43 44 43 44 44 44 45 45 48 44 42 44 43 45 44 50 47 44 46 42 43 47 44 42
42 43 44 42 44 43 43 44 42 46 51 44 44 44 44 44 47 47 48 49 49 44 43 43 42 42 44
42 44 43 44 43 43 44 44 44 46 44 46 49 45 44 44 48 46 47 49 44 43 44 41 43 47 44
47 43 44 43 42 43 44 43 44 42 45 48 44 43 44 43 42 45 45 45 45 41 44 48 43 42 43
43 41 44 41 44 48 44 43 44 44 45 44 44 44 45 47 42 44 44 44 44 42 44 47 43 42 43
43 42 44 41 44 48 43 43 44 43 45 45 45 45 50 44 43 43 44 45 43 44 41 43 48 43 42
43 41 44 48 44 42 43 43 44 45 46 44 46 45 47 45 45 45 45 44 44 43 43 44 40 43 48
42 46 46 46 44 42 43 43 44 45 42 45 50 46 46 46 40 46 44 47 43 43 43 43 44 41 44
41 44 45 44 46 44 42 44 43 45 47 46 47 54 50 50 46 46 46 46 49 44 43 44 41 43 44
42 44 42 43 49 44 43 43 43 48 53 58 58 65 59 68 59 56 47 49 44 43 44 43 43 44 43
42 44 42 43 44 42 44 42 44 49 47 51 50 50 56 67 49 51 46 45 44 43 42 43 44 41 44
43 46 42 43 45 41 43 47 44 46 59 78 81 76 81 74 68 70 48 44 44 42 43 44 41 43 49
44 46 46 45 46 49 46 47 53 89 220 353 343 362 306 381 260 266 89 60 49 46 46 48 44 44 46
44 46 46 43 46 49 46 46 52 113 227 310 291 385 327 314 214 223 102 60 53 47 46 45 43 45 46
43 44 44 44 42 44 47 44 48 67 95 147 166 207 158 189 132 136 71 45 46 45 44 44 44 44 43
43 44 45 44 45 44 44 45 53 109 137 170 178 191 170 181 138 144 92 55 49 46 44 44 43 44 45
44 44 49 45 44 44 44 47 65 123 132 174 162 191 158 172 133 138 95 56 46 49 45 43 44 44 45
44 44 46 44 43 44 44 44 52 121 137 161 139 162 145 182 104 105 86 57 46 45 45 42 43 44 45
43 44 44 46 45 42 44 43 45 58 82 124 131 144 120 137 87 91 62 49 48 44 45 44 42 43 44
44 44 46 44 43 44 44 44 49 57 106 172 177 206 186 140 101 103 74 50 47 45 42 44 48 44 44
43 44 44 42 44 43 44 45 46 59 92 131 142 174 126 109 93 94 70 57 45 44 44 41 44 49 45
43 43 44 43 44 42 43 43 44 49 53 74 90 113 70 71 69 68 55 49 43 43 44 40 43 48 44
46 43 44 43 42 43 43 43 44 44 51 70 76 84 66 61 64 67 56 45 45 40 43 48 43 43 44
42 42 44 44 44 44 44 44 44 50 57 82 93 94 79 76 74 77 70 49 45 41 44 48 43 43 44
43 41 44 41 44 49 44 44 45 50 59 84 101 102 90 82 78 79 70 53 44 44 41 44 48 44 43
43 41 44 48 44 44 44 44 45 49 54 76 103 106 87 80 76 77 63 48 44 43 43 44 41 43 48
43 44 44 46 44 42 44 43 45 53 60 89 161 157 119 107 93 100 67 52 45 44 43 43 44 41 44
44 46 43 45 49 45 44 44 49 64 81 132 238 244 193 172 160 169 112 76 47 45 44 44 44 42 45
43 45 45 44 47 44 43 44 47 61 71 115 224 207 149 148 156 159 93 64 46 45 44 43 44 47 45
44 46 42 43 44 43 44 44 45 54 67 93 121 115 100 98 96 97 61 50 45 44 44 42 44 48 44
43 48 43 44 45 43 45 46 56 86 104 146 155 153 130 138 130 138 132 99 55 44 44 44 42 44 49
43 44 45 44 46 46 45 47 64 110 134 156 170 153 151 145 138 144 167 130 69 52 47 45 44 43 45
44 44 45 42 45 49 45 44 51 71 103 170 189 155 139 142 149 155 128 96 49 46 43 44 46 45 47
43 48 45 44 45 43 44 45 49 74 149 191 183 121 96 103 122 127 87 56 48 45 45 44 44 44 43
43 44 45 45 42 44 49 45 47 68 119 147 160 123 100 108 117 121 97 59 56 54 44 44 44 44 45
41 43 43 43 44 41 44 48 44 46 52 55 60 62 57 59 54 51 49 49 46 46 44 43 42 44 45
43 45 42 43 44 43 44 42 44 49 47 49 52 50 54 53 48 50 45 47 45 43 43 42 43 45 42
43 44 45 45 45 43 44 45 45 47 53 54 58 57 62 59 54 56 47 46 50 44 44 43 44 44 46
42 47 48 53 49 44 49 51 51 51 56 58 65 70 78 75 68 68 52 52 52 44 45 44 43 44 46
45 45 46 52 48 47 49 45 48 48 53 56 59 59 68 65 59 62 51 50 52 46 43 43 43 44 46
44 44 46 47 51 50 47 47 51 48 50 54 56 56 63 63 61 58 51 51 49 44 44 46 44 44 48
56 57 55 53 56 53 52 51 49 56 55 64 65 66 78 82 66 68 62 63 55 52 47 47 45 42 47
51 66 55 52 57 55 53 51 48 53 56 68 65 71 82 90 72 75 63 64 58 67 52 48 45 42 50
49 47 48 47 49 47 48 46 46 52 50 54 54 55 58 60 58 64 52 54 50 54 50 44 43 44 46
46 48 48 47 49 47 47 48 46 47 48 51 51 54 52 53 58 59 56 49 49 58 48 44 44 44 51
62 55 52 50 52 49 52 49 48 51 48 58 61 55 56 64 74 80 63 62 53 78 56 44 46 43 51
48 47 55 52 50 50 51 50 52 54 51 60 61 56 64 77 82 87 76 63 58 74 56 44 49 46 58
41 44 50 44 44 44 44 45 48 46 48 49 49 51 52 51 52 55 51 46 48 48 46 41 46 50 64
43 45 47 44 43 43 44 44 44 44 45 44 44 44 46 43 44 46 44 43 45 44 44 42 43 50 56
