42 40 44 48 44 43 44 43 44 54 47 45 44 43 45 44 43 44 44 62 54 44 42 43 43 42 43
42 46 46 43 46 43 43 46 46 61 47 43 44 46 44 42 42 45 45 48 51 49 44 44 43 43 44
48 43 43 44 43 43 45 45 45 64 47 50 44 42 44 43 42 46 47 54 52 45 43 48 43 42 43
42 42 44 43 44 45 45 47 45 56 46 44 44 44 42 43 42 45 42 51 53 45 45 43 42 43 43
42 42 43 43 43 44 44 44 48 54 45 44 44 43 44 41 43 43 45 47 48 44 43 43 43 43 43
42 42 43 44 42 44 45 45 60 100 51 44 44 44 45 42 41 44 48 64 58 44 42 43 42 43 44
43 42 47 44 43 45 42 47 88 250 100 49 46 46 46 44 51 47 53 170 119 44 44 43 44 44 44
43 43 46 44 42 43 42 44 60 106 73 46 46 44 44 45 44 45 53 163 90 49 44 40 43 42 44
43 43 44 44 44 43 43 44 53 89 75 46 47 44 49 45 44 44 60 108 63 47 43 44 42 43 46
43 44 46 44 42 44 44 44 118 182 201 68 50 47 49 49 50 54 166 233 108 49 43 44 48 45 43
43 44 44 43 44 43 44 46 89 179 167 70 50 50 50 51 53 58 249 332 128 46 48 41 44 48 44
43 43 44 44 44 42 43 44 48 71 55 45 49 45 43 44 43 45 74 126 58 43 49 43 42 43 43
42 43 40 43 49 43 43 44 47 71 59 45 45 48 45 45 42 44 60 78 50 40 43 48 43 42 43
43 41 45 44 44 44 44 44 51 78 65 49 48 45 46 50 43 47 84 97 52 42 43 47 44 42 43
41 43 48 43 43 43 43 43 46 54 48 48 45 45 45 43 44 45 71 70 46 42 43 43 43 44 44
42 40 43 48 44 42 44 44 50 55 49 44 45 49 44 43 44 47 65 48 45 49 43 43 40 43 48
42 47 44 45 45 42 43 48 47 58 63 46 50 45 44 45 41 57 62 56 53 45 42 42 44 41 43
42 43 44 43 47 44 43 46 57 53 58 53 46 47 49 46 46 62 83 54 44 55 43 43 44 41 43
42 44 46 43 46 43 42 44 47 67 52 44 45 50 45 44 46 48 68 47 44 47 44 41 43 48 43
42 46 42 43 44 42 44 46 52 71 59 47 45 46 45 45 46 56 59 46 44 44 45 42 43 48 43
43 50 43 44 45 43 45 50 95 166 126 76 54 52 52 55 79 138 118 63 46 45 44 44 41 44 48
43 43 44 42 45 46 48 48 86 154 120 71 52 52 49 57 79 120 101 63 48 46 44 44 43 42 44
42 43 47 42 44 47 46 54 73 104 100 60 48 49 48 51 58 71 64 53 48 44 43 44 43 43 46
43 49 45 45 45 43 45 99 173 197 170 113 63 60 61 76 98 115 111 83 54 44 44 47 46 44 42
44 45 45 45 45 45 49 82 184 212 235 139 84 66 84 125 122 171 152 144 83 45 43 47 44 44 45
43 44 46 44 44 44 44 49 97 135 129 131 76 78 121 187 168 160 111 83 54 45 46 44 42 44 45
44 44 44 44 45 44 45 50 79 95 133 160 132 121 155 221 159 163 124 103 48 44 49 44 44 44 44
45 50 47 47 48 49 51 72 149 217 290 346 334 351 336 386 318 306 294 264 68 51 50 48 46 46 47
44 45 46 45 46 47 47 69 122 152 186 262 236 320 304 291 223 202 186 148 63 48 47 46 47 45 45
43 43 44 43 45 44 44 46 51 71 100 131 138 171 142 170 120 147 88 66 46 44 46 42 44 43 44
43 43 45 44 46 44 44 47 60 113 139 160 166 167 158 187 136 135 124 83 51 47 47 44 42 44 44
43 46 44 44 48 44 46 52 72 120 118 162 138 184 148 163 135 130 116 96 52 46 45 48 44 43 44
44 44 44 44 44 44 49 46 51 85 110 130 109 144 141 142 97 99 96 59 47 45 44 47 44 42 44
43 40 43 43 44 46 44 42 44 46 50 69 68 69 65 77 59 62 52 48 44 44 42 43 46 43 42
43 44 44 44 44 44 43 44 46 51 57 72 103 139 103 108 80 78 76 50 45 44 44 44 41 43 49
43 48 44 44 44 42 44 44 49 52 56 93 113 144 100 97 79 74 63 55 46 44 44 42 44 42 47
41 44 46 43 44 43 44 44 44 45 49 63 82 99 63 66 66 60 52 47 43 43 44 42 44 41 44
40 43 48 43 44 43 42 44 44 46 48 59 75 83 56 60 70 63 51 46 44 43 44 40 43 48 44
43 47 44 43 45 41 44 44 45 51 56 87 100 107 79 89 92 78 69 50 45 43 44 41 43 47 46
43 45 43 43 45 41 44 50 46 50 56 92 122 126 100 102 109 84 72 52 45 44 43 44 40 43 49
43 43 44 41 44 48 44 44 46 46 51 73 101 109 87 89 86 68 56 53 45 42 44 42 43 44 41
43 43 44 45 44 46 44 43 46 49 53 78 127 148 111 102 98 81 61 54 49 44 43 44 42 43 44
43 46 45 44 45 45 49 46 51 62 70 124 216 216 161 157 154 141 111 88 53 45 44 44 43 44 45
43 44 44 45 42 44 49 46 50 60 68 119 191 172 135 141 147 120 140 93 49 45 43 44 44 44 45
43 44 44 44 43 43 44 44 46 48 63 100 107 93 85 92 93 84 68 54 49 44 43 43 42 46 45
44 45 44 44 45 44 45 46 55 81 104 148 165 177 142 159 162 146 162 95 52 45 46 43 44 45 44
43 45 45 45 46 45 47 50 64 117 191 360 227 175 170 161 167 212 215 108 60 49 50 47 45 46 46
42 44 44 44 45 43 45 49 52 74 141 200 181 101 89 97 119 153 128 64 46 45 47 44 45 44 43
42 42 44 43 44 44 44 44 49 51 81 93 81 61 56 60 69 67 58 50 48 44 44 43 42 44 45
43 43 44 44 44 44 43 44 50 48 64 66 68 60 55 58 68 59 53 50 53 46 44 47 44 45 45
46 44 42 43 43 43 44 43 46 48 49 53 53 51 52 54 51 48 47 45 47 47 43 43 43 44 45
42 44 49 44 43 44 43 44 45 45 48 53 52 51 55 53 51 49 46 43 46 50 44 43 43 43 46
43 40 44 52 46 44 47 45 49 50 51 58 62 58 68 62 58 55 48 50 44 45 48 44 43 44 47
43 48 54 57 51 50 54 51 56 56 63 70 74 83 88 82 76 66 60 56 57 47 45 44 43 45 50
46 51 49 49 54 49 54 49 53 53 58 66 68 67 71 73 65 60 53 58 55 48 45 43 44 43 46
45 45 47 51 54 54 51 47 49 51 53 63 63 62 71 70 59 59 52 59 50 46 45 43 46 44 47
50 52 60 58 61 59 54 52 53 58 60 76 74 80 90 87 72 69 63 70 59 49 47 42 44 47 47
50 59 54 52 61 61 52 55 51 59 59 77 76 78 93 88 76 74 67 71 64 63 51 43 44 43 50
48 49 50 46 49 49 48 50 47 47 51 62 56 58 62 59 61 59 54 58 50 52 48 42 43 43 46
49 46 44 45 49 47 49 49 47 48 48 54 54 51 54 60 59 59 55 56 50 48 44 43 43 44 45
57 43 47 50 51 51 52 47 49 50 51 61 58 57 66 67 80 82 65 59 55 67 44 44 44 44 53
49 46 47 48 51 50 53 50 55 54 54 61 63 60 66 86 93 83 79 62 57 57 43 43 48 46 60
44 44 45 44 47 44 46 45 45 45 46 46 49 46 52 57 58 49 51 46 44 45 43 42 46 43 66
43 44 43 43 43 43 44 42 44 48 44 44 46 45 45 46 50 44 45 44 42 43 43 42 44 44 57
