67 46 49 44 44 43 42 44 61 47 45 46 44 44 44 43 42 47 44 43 44 41 43 42 43 44 42
92 49 46 42 44 43 44 45 67 62 49 44 43 43 42 43 40 43 46 43 45 43 42 43 42 43 44
152 61 50 45 48 46 44 47 111 116 50 46 43 43 44 43 43 45 44 42 42 43 42 44 47 44 44
126 49 48 45 46 46 43 46 85 113 53 46 43 44 44 42 45 43 43 41 44 41 44 47 43 43 44
61 45 43 43 43 44 46 42 51 76 53 44 44 42 43 43 43 43 44 42 44 42 43 38 43 48 43
131 51 47 46 46 46 47 45 93 154 96 45 45 42 44 44 42 42 44 40 44 47 44 43 43 42 44
172 78 51 54 48 48 49 51 118 171 144 51 45 44 47 44 42 42 44 44 44 44 44 47 43 43 45
102 63 47 46 47 43 47 55 90 118 106 47 45 44 44 44 42 44 44 42 44 42 43 44 41 44 49
69 72 46 43 46 48 45 46 67 80 70 45 44 44 43 43 42 43 39 43 48 43 43 43 43 43 42
252 181 64 52 52 51 53 60 155 208 154 50 46 44 43 44 43 44 44 46 42 44 44 43 44 46 44
192 153 62 51 48 48 51 51 85 136 90 51 45 44 44 42 43 44 44 43 44 42 43 43 44 44 44
54 59 47 44 43 44 44 44 46 55 48 49 44 43 43 42 42 42 42 42 44 42 44 44 43 45 44
60 68 46 45 43 44 44 44 46 59 49 48 44 42 44 42 42 40 43 47 44 44 43 41 43 43 43
71 104 50 48 45 44 46 46 50 85 54 43 44 43 44 44 42 42 44 42 43 44 42 43 45 43 45
53 52 46 46 45 46 44 46 46 55 50 44 41 44 48 43 42 43 43 43 46 43 42 43 42 44 44
53 56 50 44 45 44 45 47 46 54 46 44 44 44 43 43 42 42 48 43 43 43 42 43 43 43 44
51 69 61 47 51 46 48 48 58 80 63 46 45 44 44 46 43 43 44 46 44 44 43 41 43 43 42
64 98 74 52 49 48 49 51 81 116 86 51 45 44 44 46 43 44 44 47 44 43 44 42 43 43 44
46 63 64 45 47 50 46 46 62 65 58 46 44 44 44 43 43 47 44 43 44 41 43 43 42 44 42
57 88 125 66 57 51 52 63 107 107 95 64 47 43 44 42 43 47 44 45 44 42 43 42 44 44 41
83 132 194 115 68 57 60 91 130 140 124 101 51 44 43 44 42 44 46 44 47 44 42 43 43 43 45
73 146 153 108 65 58 59 76 125 135 117 87 52 44 44 44 43 45 42 44 48 43 45 43 42 44 44
82 83 125 91 62 57 64 66 127 106 102 77 50 44 44 42 44 43 45 40 44 47 44 46 44 42 44
148 204 279 232 136 89 101 147 274 289 261 165 79 46 46 45 44 45 48 41 46 48 44 46 44 45 48
230 398 478 338 285 173 307 318 413 375 349 252 94 48 50 47 46 46 53 49 47 48 46 45 46 59 53
101 164 335 331 264 285 282 304 318 282 173 110 60 47 46 46 46 47 50 45 47 46 45 46 48 51 56
64 102 163 216 202 218 258 250 206 191 114 113 54 46 45 46 44 47 49 44 45 43 44 44 42 45 50
79 205 259 292 218 260 277 300 252 230 196 165 77 52 45 46 45 47 48 45 46 43 46 46 46 47 54
100 211 257 273 236 237 204 258 234 183 161 131 74 46 46 45 46 46 49 43 46 43 45 48 45 47 47
68 115 173 210 196 168 170 173 149 143 98 80 51 45 45 45 45 44 51 44 45 44 44 44 44 42 45
65 93 185 213 165 195 215 224 195 164 125 101 51 45 45 43 43 45 48 44 46 42 45 47 44 45 45
71 166 259 202 166 168 255 327 215 144 120 102 52 46 44 45 45 45 49 44 45 45 45 44 44 45 46
53 69 123 96 82 75 88 168 118 121 113 60 47 43 44 44 43 46 45 46 44 42 44 43 43 44 42
48 46 51 48 51 46 49 65 50 52 54 45 44 43 42 43 42 43 44 43 48 43 42 43 42 43 44
47 46 49 57 56 52 57 57 65 67 57 47 48 43 43 43 42 43 49 45 46 45 42 43 43 42 44
51 51 53 62 80 74 76 70 81 83 68 50 46 46 44 44 42 43 45 59 60 46 44 42 43 44 43
47 49 52 54 70 75 76 63 74 72 61 47 45 43 44 46 43 42 47 60 50 43 44 42 43 44 43
45 47 50 50 76 84 65 60 66 64 54 46 44 44 46 43 43 49 56 45 45 42 43 43 43 44 44
54 59 65 78 122 161 142 126 115 122 84 57 47 44 44 44 44 66 202 46 45 43 45 44 43 44 47
63 72 91 118 172 242 221 219 180 172 114 71 49 46 45 45 45 97 125 46 46 44 43 44 44 44 46
55 63 69 79 106 181 179 177 156 123 86 62 48 45 45 45 49 59 48 45 49 44 45 44 42 45 46
51 60 68 83 102 135 121 126 123 98 91 64 50 44 45 47 49 45 46 41 44 49 44 44 43 43 45
71 86 119 140 144 161 153 156 150 127 132 108 65 48 56 57 55 46 47 40 45 49 44 44 44 43 47
76 113 130 147 159 182 187 197 160 150 129 126 83 56 54 51 46 43 49 48 45 45 44 42 44 44 46
71 83 86 96 116 130 123 136 114 104 84 67 60 52 48 45 44 42 46 48 45 44 44 42 43 44 44
184 206 204 237 248 252 242 270 245 191 155 186 115 81 57 47 45 48 49 46 50 45 46 44 43 45 46
133 167 177 181 184 207 198 187 170 157 126 129 83 60 49 45 46 46 51 44 45 45 42 44 48 45 45
50 62 49 48 51 61 56 55 51 52 51 46 44 44 43 43 45 44 43 46 43 43 44 40 43 48 44
49 50 48 46 48 51 50 48 48 43 45 49 44 43 44 42 42 43 46 43 43 46 42 42 44 41 44
62 60 56 54 54 60 64 56 52 47 49 52 45 42 43 43 43 43 45 41 44 43 43 43 40 44 49
55 55 51 55 56 59 66 58 54 50 46 46 49 44 43 44 42 43 44 43 44 44 44 42 43 47 48
52 50 51 51 54 58 62 52 49 47 46 45 42 44 48 43 42 42 43 43 43 44 43 43 46 44 48
73 70 73 77 87 93 114 97 74 64 56 51 47 42 44 48 43 44 44 44 45 43 44 44 41 44 50
100 104 114 126 146 158 201 158 114 87 71 65 55 46 46 46 47 46 52 46 44 44 43 43 44 42 46
66 79 76 79 103 121 128 89 74 62 58 50 47 49 44 44 45 45 45 48 45 43 44 43 44 44 44
50 62 69 66 94 117 104 73 62 55 51 46 46 49 44 43 45 45 45 48 45 42 44 42 43 44 42
102 142 122 115 149 173 141 103 87 74 65 59 47 47 52 48 45 51 50 54 52 45 44 44 43 44 44
112 124 89 98 109 126 104 91 72 70 62 61 50 45 47 50 47 53 50 52 52 53 46 44 42 44 48
63 64 61 54 61 61 58 57 52 49 49 47 44 44 45 44 44 48 50 46 44 46 43 43 44 42 44
52 54 54 52 57 50 54 57 48 47 46 45 46 45 45 46 46 49 42 44 50 49 43 43 42 43 45
65 53 63 56 57 57 62 55 49 49 46 49 52 45 50 55 58 64 50 42 49 56 44 43 45 42 49
49 52 51 56 54 55 52 52 55 48 46 49 50 46 53 59 56 54 49 42 49 50 44 43 46 43 52
42 43 44 44 45 42 45 48 44 43 44 43 44 45 44 45 44 41 44 48 44 43 44 41 46 45 57
43 47 44 43 44 44 44 44 44 44 44 43 44 46 44 42 44 42 44 47 44 43 43 41 43 46 51
