43 46 43 44 44 42 43 43 43 45 46 62 53 45 48 44 57 43 44 44 51 44 41 43 48 43 43
43 43 42 44 43 45 48 46 46 47 102 547 179 67 50 50 53 50 50 56 59 46 45 42 44 44 44
43 44 46 46 44 42 43 43 44 45 58 206 84 57 47 47 49 49 68 85 63 46 43 43 44 43 44
42 43 42 43 48 43 42 43 42 43 46 56 47 49 45 45 50 47 55 54 46 42 44 42 43 43 43
42 42 44 44 41 43 48 43 42 44 45 48 47 44 47 58 100 63 50 50 46 42 44 42 43 44 42
43 43 45 42 44 47 44 43 45 43 45 49 46 47 53 59 153 188 84 49 48 44 44 44 43 43 46
44 43 46 44 44 43 44 43 44 42 45 52 48 46 48 51 65 244 104 51 49 45 44 44 42 44 43
42 43 45 42 43 42 43 43 43 43 44 44 42 44 48 44 44 56 54 46 45 42 43 42 42 44 44
46 43 47 44 44 44 44 44 45 47 46 44 46 44 45 44 45 50 77 66 47 43 43 44 43 44 45
44 42 47 56 52 51 58 72 80 86 105 90 96 75 66 57 52 63 185 182 69 51 44 44 44 44 44
43 45 43 46 50 46 47 59 68 70 93 103 100 74 57 55 52 58 161 206 90 60 46 44 44 43 44
42 43 44 43 44 41 44 48 45 45 47 49 51 48 49 46 46 44 64 121 69 60 44 42 43 43 43
44 48 45 45 46 44 47 57 58 69 98 122 102 91 66 55 58 59 148 288 204 158 49 44 44 44 44
46 50 45 45 46 44 50 51 62 71 95 119 115 109 69 60 56 61 117 273 257 301 59 47 43 44 45
43 44 45 42 43 43 44 46 42 45 51 47 46 46 47 46 46 44 50 83 90 111 46 43 47 44 42
43 44 44 42 43 44 44 46 52 47 54 52 47 50 47 47 50 47 55 74 91 114 53 41 44 48 44
50 45 45 44 43 49 58 56 75 63 71 73 63 71 63 55 48 52 66 75 118 168 82 44 44 41 44
48 43 43 43 43 44 44 44 46 48 47 50 47 46 46 46 43 43 50 43 61 72 63 42 43 42 44
41 43 44 43 44 42 44 48 44 45 45 44 44 45 42 44 43 44 44 44 48 52 53 44 43 46 44
43 40 44 47 44 49 47 47 48 55 54 51 48 50 53 49 44 45 46 48 50 68 78 50 46 44 42
43 43 42 44 45 45 48 50 46 50 55 54 53 46 47 56 43 45 46 47 52 70 73 54 40 44 46
43 46 44 44 44 42 45 44 46 46 44 48 51 46 44 46 45 44 49 48 55 73 59 47 45 42 44
42 43 45 44 47 44 43 47 47 51 54 47 56 54 48 48 46 49 58 81 91 115 71 49 45 44 47
44 44 48 48 54 52 52 59 81 102 95 76 78 68 60 57 54 62 97 142 133 160 134 62 44 45 45
45 44 45 45 45 48 46 46 50 56 57 56 53 52 58 54 54 65 109 131 123 145 101 56 42 44 52
45 43 43 47 43 43 44 43 44 49 47 49 48 46 49 51 53 61 82 90 80 74 51 45 43 43 49
46 46 50 44 46 46 46 48 56 54 65 73 62 71 88 135 92 145 265 312 395 212 98 48 46 44 46
49 50 48 47 49 45 51 59 62 71 105 118 99 168 238 212 224 317 422 472 480 287 110 54 48 46 49
45 46 45 45 43 45 50 47 46 50 54 70 75 174 174 178 191 238 191 176 110 74 52 47 45 43 46
42 44 45 44 44 44 43 45 50 48 54 88 75 132 101 117 104 116 94 88 64 57 46 43 44 43 44
48 51 54 51 51 49 54 63 65 74 94 4095 135 165 146 182 161 173 156 158 110 89 62 49 48 48 49
42 59 48 45 47 47 58 72 88 101 103 148 121 156 100 149 118 127 115 95 62 54 48 44 44 45 45
44 50 45 43 45 43 45 47 50 53 63 85 119 181 199 187 126 136 97 72 63 53 47 45 43 44 45
45 45 50 45 44 45 48 52 53 72 81 126 153 248 253 234 169 184 125 79 70 58 49 45 44 44 46
46 46 46 44 46 46 52 80 86 108 114 146 150 266 263 244 184 173 127 100 68 61 51 44 44 48 46
48 44 43 44 43 43 45 46 47 51 59 74 78 127 144 144 113 121 72 64 54 49 46 45 44 46 46
47 43 43 44 43 43 44 44 44 45 46 50 50 65 64 63 59 55 55 44 45 45 44 44 43 43 47
43 49 46 45 47 44 47 51 50 54 56 56 64 76 71 68 73 70 69 54 50 46 47 42 43 47 45
44 40 45 45 47 49 47 51 53 58 59 64 61 75 74 68 72 65 74 58 50 47 46 44 47 44 42
43 44 40 43 43 44 48 44 43 45 45 48 50 60 63 70 60 58 58 47 46 46 42 44 47 44 44
42 49 44 43 44 42 44 44 44 46 45 50 57 68 71 77 68 72 61 51 46 46 44 43 43 41 44
42 45 48 44 46 45 43 46 50 62 84 99 129 133 112 122 123 128 107 71 59 53 48 44 44 44 46
42 45 49 44 45 45 43 45 46 50 64 84 110 129 117 130 134 145 127 74 60 52 49 44 44 45 43
43 43 44 46 44 44 44 42 43 44 46 50 50 58 73 68 76 74 58 48 47 46 45 43 43 41 44
43 46 45 44 43 44 44 44 46 46 55 76 92 82 87 89 102 88 90 70 53 51 47 42 43 43 43
45 47 45 45 45 43 45 45 48 56 72 110 128 106 100 108 120 109 110 86 62 55 51 44 44 44 45
44 43 44 45 44 46 44 43 45 46 49 65 80 88 109 97 99 100 117 84 61 52 48 44 43 43 45
43 45 44 44 44 44 48 45 44 46 49 60 74 90 117 119 120 136 129 89 65 61 50 43 44 43 44
47 49 47 46 47 47 47 50 54 58 87 124 164 150 154 196 258 268 256 245 185 182 100 46 46 50 48
53 50 48 47 47 46 48 49 51 52 66 94 107 110 115 148 249 286 339 369 325 219 89 48 44 47 53
46 47 46 45 45 44 46 44 47 52 52 59 58 61 64 69 85 167 282 292 160 75 53 45 44 45 44
47 54 49 45 51 45 48 51 48 51 59 67 64 69 73 75 89 207 357 365 220 80 55 46 44 45 49
63 76 58 55 52 48 61 66 63 61 63 80 82 82 90 97 124 210 336 477 322 102 63 49 45 45 50
52 56 50 46 47 47 48 48 49 48 50 55 54 54 59 65 85 98 106 180 134 66 51 50 44 44 46
58 51 44 45 53 47 46 46 44 45 48 46 45 46 46 50 56 56 55 63 63 49 47 50 44 42 44
54 60 58 52 56 58 53 46 47 53 47 48 49 49 54 63 66 64 73 79 70 59 46 47 51 44 48
67 71 73 60 64 64 59 52 53 54 55 60 58 63 76 91 98 102 105 118 96 89 66 52 52 43 48
54 53 54 53 50 49 49 46 46 48 48 53 52 56 64 71 81 86 82 95 72 69 63 48 45 44 47
55 55 44 46 53 47 47 46 44 45 47 48 47 50 53 57 61 66 65 73 61 61 60 46 44 44 49
74 83 52 52 54 48 55 51 46 48 48 53 54 55 58 68 86 87 83 84 74 87 68 49 47 44 56
72 85 62 61 57 53 54 55 54 52 56 67 63 72 80 103 137 168 124 107 100 136 108 63 51 46 65
57 56 51 48 50 47 46 47 48 47 50 57 55 60 66 83 119 134 115 85 85 82 76 58 56 48 59
45 42 44 49 45 44 45 43 44 44 45 47 47 47 52 53 58 57 58 51 53 53 49 44 48 52 64
43 43 46 42 44 46 46 46 45 43 47 50 50 50 49 54 57 55 51 51 57 55 47 44 47 50 60
