43 47 44 46 44 42 43 44 43 44 45 45 47 47 53 65 167 49 46 44 44 43 42 43 47 44 42
42 43 41 43 44 43 43 44 41 44 49 45 46 64 50 55 114 57 55 44 44 42 44 48 43 43 43
48 43 43 43 43 43 44 42 44 44 45 47 47 61 52 70 115 61 53 42 44 43 43 44 42 43 46
43 48 44 43 44 42 43 44 43 44 43 44 48 52 46 54 84 58 47 45 44 43 44 43 43 44 43
42 47 44 42 44 42 43 44 43 44 44 43 47 53 44 46 61 54 45 46 42 43 43 42 43 42 44
40 43 48 44 44 43 42 43 44 44 45 43 46 55 49 47 96 78 46 43 44 42 44 43 43 43 44
43 43 40 43 45 43 44 44 44 46 49 47 50 50 57 57 200 170 68 44 49 44 43 43 42 43 44
43 45 49 44 45 43 48 44 46 45 42 45 44 46 47 51 104 105 58 44 45 43 48 43 44 43 44
42 43 44 43 44 44 44 43 44 44 44 43 45 42 46 49 63 65 49 38 44 48 43 42 43 42 43
41 43 44 44 45 41 44 50 44 45 46 45 46 47 50 94 108 114 92 46 42 44 48 43 44 44 42
43 43 44 44 45 45 44 47 45 45 47 47 48 48 46 110 136 152 133 46 47 44 42 43 43 43 44
42 43 43 44 46 43 46 44 42 44 44 44 45 42 45 62 90 82 55 44 43 43 43 43 44 41 44
42 43 44 43 44 43 44 44 42 44 49 44 44 44 44 51 81 65 50 47 43 43 43 43 43 40 43
43 43 42 43 44 43 44 42 44 49 45 44 45 43 45 56 70 87 60 47 45 42 43 42 43 44 40
42 43 43 43 44 43 44 44 43 44 44 44 44 43 45 48 60 62 47 42 44 46 43 42 43 43 43
41 42 44 43 44 42 43 47 44 42 44 43 44 43 42 46 46 46 41 44 42 43 48 43 42 43 42
42 42 43 43 44 43 41 44 44 44 46 44 45 43 44 56 69 61 47 47 45 43 47 43 42 43 42
42 42 44 43 44 44 41 44 48 44 44 45 45 45 46 54 82 71 55 44 45 42 43 48 43 42 43
42 43 42 43 44 42 44 41 44 48 44 43 44 44 44 48 57 56 46 43 47 44 42 43 42 42 44
43 43 48 44 43 43 43 43 44 43 46 49 46 46 46 49 75 93 56 43 44 48 44 42 43 42 43
44 40 44 49 46 44 44 43 46 53 54 56 56 53 56 80 165 226 142 51 47 43 44 48 44 43 44
46 44 43 44 44 44 45 44 46 54 56 59 51 48 53 64 132 161 101 46 45 45 43 44 44 43 46
43 47 44 43 45 43 45 44 47 63 94 62 56 51 51 63 101 103 73 51 47 44 44 43 43 44 46
43 47 44 44 46 44 46 46 65 124 153 111 95 60 63 86 104 121 120 63 47 45 46 43 44 46 44
42 44 49 45 46 45 44 46 79 162 151 130 91 66 72 88 84 113 125 91 54 48 45 45 48 44 44
43 43 44 46 52 46 46 47 59 137 130 121 90 91 86 136 126 120 115 65 50 43 45 48 44 43 44
44 43 46 49 50 53 49 50 78 165 242 207 193 167 155 179 145 136 110 71 52 48 46 45 44 46 45
43 46 52 58 59 54 52 57 206 314 344 378 364 424 335 379 311 346 267 177 69 58 50 47 46 46 46
45 43 47 58 56 52 52 50 159 235 260 272 274 375 379 284 230 250 164 102 61 53 47 47 46 45 46
44 41 45 52 48 45 46 44 54 84 96 112 129 141 114 140 97 145 83 56 50 46 45 44 43 44 47
43 44 42 46 52 45 46 48 54 106 102 116 117 113 100 118 116 134 98 79 47 46 44 43 44 41 44
43 47 45 46 50 44 47 50 68 106 104 119 116 120 102 116 103 106 94 78 47 46 45 43 44 42 44
44 45 41 45 49 45 44 46 50 91 86 86 88 110 93 110 80 85 76 54 47 44 44 47 44 42 44
44 40 44 45 44 44 44 44 46 48 56 76 78 83 71 91 65 74 55 46 46 42 44 43 42 44 42
42 43 45 47 49 43 46 51 51 58 62 102 136 175 144 133 97 88 66 51 46 45 49 44 43 44 44
43 42 44 47 48 46 46 43 53 62 71 102 126 172 132 120 97 81 63 51 51 45 46 44 42 43 44
42 42 44 46 45 45 45 44 48 48 51 63 85 108 69 70 70 61 50 42 44 44 43 43 44 40 43
41 44 48 46 46 44 44 44 45 46 53 61 68 73 56 58 61 58 52 45 46 44 42 43 43 43 44
43 44 53 62 46 46 44 44 46 46 57 83 81 82 67 69 72 64 59 47 46 47 44 42 43 43 44
43 42 70 121 53 46 46 44 46 51 58 79 93 97 78 78 79 66 60 49 46 46 44 42 43 43 44
45 44 46 96 53 45 45 43 46 53 52 76 89 85 73 74 72 61 55 44 45 45 43 44 47 44 44
43 46 54 131 113 50 45 46 46 55 67 91 136 136 106 104 95 72 59 48 47 46 43 44 47 44 43
44 49 49 175 262 119 51 49 59 76 113 169 235 254 189 187 171 135 99 65 54 49 47 42 45 48 45
48 44 46 60 108 102 56 50 61 89 118 173 181 181 141 148 167 142 117 62 53 49 46 45 47 45 46
43 43 40 47 59 70 56 52 55 66 89 98 99 85 72 86 100 90 69 56 49 44 45 47 44 44 44
44 44 45 47 56 102 115 99 108 107 102 127 132 120 93 104 122 104 99 100 55 48 46 42 44 48 46
42 44 51 49 51 76 117 133 131 125 128 120 138 119 114 115 129 118 175 135 102 56 46 45 47 46 46
44 42 45 52 49 49 59 69 73 92 107 102 124 108 99 106 131 139 246 168 167 65 46 43 44 45 46
44 42 46 51 48 47 50 85 91 118 117 110 116 85 71 80 83 108 132 140 263 153 47 45 45 44 46
43 44 43 47 52 46 47 57 52 61 80 81 102 82 70 69 73 76 84 123 287 176 60 50 45 44 45
42 44 42 44 49 44 43 45 44 46 49 48 53 55 49 49 53 49 50 61 84 65 47 45 46 44 45
42 46 42 44 45 43 45 42 45 50 46 47 49 46 48 49 46 51 47 49 54 46 47 44 44 43 44
43 49 44 46 48 45 47 47 50 54 54 56 59 54 59 56 56 58 53 58 62 53 51 46 43 44 46
42 49 50 58 56 51 56 57 61 60 70 75 74 73 78 76 76 69 60 74 87 70 69 55 43 44 44
44 45 45 48 53 49 54 52 55 55 63 65 65 63 70 70 69 63 53 64 71 65 60 50 42 43 45
44 44 46 49 52 51 54 48 51 52 56 62 63 60 70 70 67 63 59 63 60 62 57 50 45 42 46
50 47 54 55 61 58 54 54 59 60 64 75 71 75 86 93 76 78 78 77 68 64 65 54 46 43 46
47 47 53 50 57 61 53 54 55 56 62 79 68 74 84 89 83 77 73 84 70 80 74 57 44 44 45
46 44 45 44 48 48 48 49 46 49 51 54 54 62 59 58 62 60 57 63 54 62 58 48 43 44 44
46 44 43 44 46 46 48 46 47 54 48 52 52 51 53 56 59 63 60 52 53 61 51 48 49 44 46
54 45 45 43 48 46 49 49 49 51 50 63 58 53 60 66 79 86 66 61 61 84 65 47 47 45 48
47 43 46 45 46 46 46 47 51 51 53 59 57 54 62 76 89 84 76 63 63 72 60 44 46 49 58
49 43 44 44 43 43 44 43 45 45 45 46 46 46 48 49 50 49 47 46 48 46 48 43 44 46 63
42 43 41 43 47 44 42 44 43 44 45 42 44 49 44 44 43 44 46 43 45 42 44 47 44 47 56
