43 42 44 45 44 46 44 42 46 45 44 51 55 73 85 63 56 46 44 42 44 42 43 44 44 43 44
44 48 44 44 45 43 45 45 46 48 44 52 488 805 108 56 52 54 52 52 57 46 46 45 44 44 45
44 44 45 42 44 44 44 44 43 44 51 48 290 243 87 54 53 53 76 97 62 46 46 42 44 49 44
43 46 43 44 44 42 43 43 42 44 41 45 63 58 53 53 57 52 63 51 44 43 44 40 43 49 44
46 43 44 44 42 43 43 43 44 42 44 50 49 51 48 139 116 55 48 40 45 49 44 43 44 42 43
43 44 44 43 46 44 43 44 44 44 45 46 52 52 53 158 115 176 55 50 49 46 45 48 45 43 44
43 41 45 44 42 44 44 44 44 42 46 50 48 47 53 59 100 279 55 57 50 47 46 43 45 44 43
44 46 43 43 44 43 44 47 43 47 44 42 44 43 46 44 48 55 46 45 45 43 44 43 44 44 43
41 43 43 43 44 43 48 44 46 44 41 44 44 44 45 46 45 53 70 61 47 43 44 42 43 44 41
43 43 45 43 44 48 45 44 44 45 46 46 45 47 51 53 51 84 204 191 59 52 46 44 45 42 44
43 44 44 44 48 44 43 44 44 45 46 44 47 52 46 48 51 68 211 296 69 55 49 44 45 45 44
43 42 44 41 44 48 44 42 44 44 44 44 45 42 44 49 44 48 84 143 56 47 46 42 44 48 44
43 49 44 44 45 41 45 50 45 45 46 45 48 48 46 50 51 64 224 294 144 75 50 47 43 44 50
44 43 48 43 44 45 43 45 50 46 46 47 48 48 47 50 52 68 185 304 206 129 53 47 46 45 50
42 43 45 43 44 45 44 46 44 42 44 44 44 45 42 45 44 46 59 99 85 76 51 44 42 44 44
42 42 44 44 43 43 44 44 46 44 43 44 44 44 44 45 44 46 56 81 80 73 52 43 43 44 42
43 44 43 44 42 44 49 44 44 45 43 44 46 44 45 49 51 56 66 85 107 146 63 45 44 42 43
41 43 43 43 44 41 43 47 44 44 44 42 44 44 43 44 44 45 47 48 56 68 52 50 44 43 44
41 43 43 43 44 41 44 48 43 43 44 42 43 44 43 44 43 40 44 50 47 50 51 43 43 44 43
42 48 44 43 44 43 43 44 43 44 44 44 48 44 42 44 44 45 46 46 52 68 74 49 44 42 43
43 49 44 42 44 45 44 46 44 42 44 44 44 44 42 44 45 44 46 46 53 68 63 53 45 44 45
43 42 44 44 44 46 44 42 44 43 44 46 42 45 49 44 44 45 44 48 63 71 51 46 44 44 48
43 42 44 42 43 44 44 45 43 46 51 47 47 46 45 46 50 51 63 92 100 116 66 46 46 48 46
49 44 44 44 43 44 46 49 55 73 77 77 65 52 50 56 55 71 119 162 162 182 134 64 48 47 48
48 44 43 44 44 44 46 52 58 70 73 75 63 49 48 52 52 78 126 158 161 147 102 66 47 49 48
44 40 43 44 43 43 45 43 44 51 48 50 51 45 46 47 49 59 80 78 78 58 49 44 44 48 42
46 46 46 46 49 51 61 64 72 79 81 80 78 78 59 76 101 163 246 312 363 219 115 54 53 48 46
47 50 47 51 52 62 78 84 101 112 121 130 120 123 119 182 230 296 357 408 423 295 158 69 60 47 50
44 44 45 45 46 50 51 54 56 65 72 70 72 94 91 151 186 242 187 172 109 76 59 50 51 43 46
42 44 47 44 47 46 46 49 52 56 62 66 70 90 95 126 120 152 119 107 67 54 49 46 46 45 42
44 44 46 48 51 51 60 69 63 75 82 98 113 137 140 182 165 187 127 123 82 61 54 46 50 51 46
43 49 44 45 46 44 58 71 71 85 92 109 135 165 144 210 155 166 129 111 71 58 52 51 49 46 50
44 44 46 43 44 45 47 50 53 64 66 85 94 128 149 186 133 137 93 66 56 51 48 47 45 45 50
44 43 48 44 46 46 48 61 66 74 80 106 111 182 209 190 153 163 124 71 60 55 50 48 50 45 45
44 44 44 46 45 46 57 64 63 76 85 104 116 208 220 197 159 149 124 78 66 57 52 48 49 46 47
43 44 44 44 43 44 51 49 51 60 58 63 61 73 99 135 100 100 65 51 51 53 46 44 46 43 44
41 43 44 43 45 41 46 51 48 47 50 48 48 50 50 69 60 56 50 45 46 48 44 43 44 42 43
42 44 45 46 50 47 54 57 55 58 56 56 56 58 52 85 84 76 70 58 50 46 48 44 45 44 43
43 49 45 44 50 47 49 57 54 65 61 59 60 55 53 81 86 78 77 55 50 53 52 45 46 43 44
43 48 44 42 44 43 45 49 48 53 55 52 51 49 47 63 71 66 58 50 52 46 44 44 44 43 44
43 42 44 43 45 45 44 50 51 53 55 53 52 49 49 61 83 76 65 52 49 46 46 44 49 44 44
44 44 44 44 49 55 54 68 74 70 66 71 77 66 63 89 117 121 113 74 57 51 53 52 50 47 45
47 45 43 44 46 53 56 61 67 73 67 74 74 69 64 95 122 132 136 70 59 55 53 47 54 50 46
48 44 43 44 43 44 46 46 47 52 53 62 58 47 48 58 74 71 59 49 48 47 46 48 47 45 44
44 40 44 45 50 57 54 61 55 60 70 81 74 69 63 95 108 107 96 67 55 54 51 52 67 55 45
44 41 45 53 59 64 73 82 76 84 84 106 120 100 75 130 146 148 137 95 66 74 78 145 287 108 50
44 49 45 45 49 48 55 60 59 69 70 82 85 77 57 86 111 120 131 85 64 66 89 152 276 78 46
44 42 44 48 45 47 49 48 49 52 59 68 64 64 55 63 90 120 120 89 69 82 88 96 118 50 45
46 48 51 46 51 58 60 73 71 76 89 94 109 98 68 110 196 230 231 254 247 309 254 165 143 56 47
48 48 45 47 53 51 54 63 63 71 78 79 93 78 64 98 195 260 301 371 369 325 227 101 89 66 49
46 44 46 50 46 46 48 47 50 52 53 56 56 57 58 64 89 180 275 347 246 185 97 57 56 74 57
47 46 49 45 48 47 49 47 52 58 56 58 60 59 57 68 87 204 343 388 326 199 78 58 59 51 62
48 50 52 46 48 49 46 52 58 56 57 62 63 63 63 78 114 224 359 512 423 163 88 62 62 47 55
46 47 46 46 46 45 46 46 47 47 49 50 51 52 50 63 77 107 137 262 207 92 66 56 51 46 50
46 47 45 45 47 44 47 44 43 44 44 44 46 42 46 54 50 56 59 72 73 63 52 44 46 43 49
48 54 50 48 51 47 46 45 46 46 46 46 46 47 50 53 60 63 73 90 78 69 59 49 50 44 55
61 64 60 53 64 56 52 53 51 49 51 51 51 54 59 73 81 94 105 131 109 100 90 62 60 46 50
51 61 52 44 49 46 46 46 46 47 47 48 48 50 54 58 71 84 85 105 86 78 70 54 51 45 49
56 51 49 43 46 44 45 45 43 45 50 46 46 47 47 52 57 64 70 78 71 68 60 48 46 44 51
66 62 50 46 50 46 48 47 47 46 47 48 48 48 52 57 70 77 76 85 78 93 80 57 49 46 53
80 84 59 55 56 50 49 51 55 51 50 56 58 56 65 76 114 127 108 105 103 139 126 80 60 46 65
66 56 46 46 50 46 48 44 46 53 49 50 52 51 59 75 103 106 106 83 82 85 83 65 60 52 62
44 45 43 43 44 43 45 41 44 49 45 44 46 44 48 52 54 53 56 49 54 58 50 48 46 45 64
44 39 44 49 44 43 44 43 44 44 45 47 49 47 50 50 52 53 50 52 55 50 50 50 44 46 59
