49 44 44 46 46 47 170 670 64 52 52 51 49 48 51 51 52 64 332 180 52 44 45 48 44 44 44
45 41 45 43 46 52 103 196 50 46 46 46 45 46 51 47 49 59 440 324 53 46 42 45 50 46 45
43 44 46 43 46 45 49 78 46 44 44 42 44 50 45 43 44 47 103 90 50 45 43 44 41 44 50
43 46 44 44 45 42 47 52 44 45 42 43 49 44 43 44 39 45 53 53 43 43 43 43 44 41 44
42 43 46 41 44 47 48 59 44 44 44 44 41 44 49 44 39 44 56 52 41 43 48 43 42 43 43
43 42 45 44 46 45 49 72 50 45 43 43 44 43 44 42 43 45 57 55 51 44 42 43 43 43 44
43 44 45 44 45 44 50 61 42 44 46 44 43 43 44 44 47 45 56 53 44 44 44 43 44 46 45
46 47 42 42 44 44 51 60 45 44 44 42 44 48 44 45 42 45 61 53 44 43 43 43 44 43 44
44 45 44 43 44 46 119 156 63 46 45 45 45 45 46 46 48 56 159 154 46 42 43 48 44 44 44
44 44 43 44 45 47 126 164 88 55 48 46 47 46 47 48 50 88 282 271 46 45 44 43 44 46 45
42 43 44 41 44 50 73 101 63 46 46 45 45 45 43 45 46 74 149 130 49 44 43 43 42 43 44
42 44 45 45 44 46 110 159 94 49 46 46 47 44 47 53 51 109 157 118 46 44 42 43 44 43 44
45 51 45 46 47 55 161 251 167 64 54 51 52 53 54 57 100 286 415 222 50 48 44 44 46 44 46
44 45 43 44 43 45 64 95 76 50 46 46 46 44 46 47 55 125 171 88 46 44 44 43 44 45 43
41 43 42 43 44 43 46 70 51 47 44 42 44 43 44 44 47 49 51 47 45 43 44 43 44 47 44
42 43 44 43 46 43 50 89 59 48 46 43 45 44 45 45 48 66 53 48 45 44 46 43 46 44 43
44 42 44 43 44 46 50 83 71 49 50 45 44 45 46 47 54 109 64 52 46 45 41 44 44 45 46
43 42 43 42 43 44 44 52 53 46 45 44 43 43 44 43 49 66 52 44 44 43 44 43 43 46 44
47 43 42 43 43 43 46 57 55 49 45 46 45 42 44 46 46 58 47 44 44 43 43 43 46 44 44
43 44 45 45 47 45 56 135 136 91 53 49 51 57 53 72 104 137 64 46 46 47 44 47 44 42 44
45 40 42 46 45 44 69 138 137 90 55 51 52 52 54 87 132 174 73 49 46 46 44 45 44 47 44
48 44 43 44 43 44 56 88 78 60 52 50 47 46 51 60 66 72 58 44 44 44 44 44 41 44 47
44 52 45 48 48 59 162 257 223 206 107 69 72 73 123 183 180 190 129 61 48 49 45 44 45 45 48
45 50 46 50 49 59 200 205 257 241 157 84 79 92 185 202 170 193 159 65 54 55 46 44 45 45 46
41 44 49 46 46 48 95 116 158 147 84 63 62 73 130 133 132 126 92 49 51 51 45 41 44 51 46
44 47 44 49 44 46 64 90 120 116 82 61 60 75 128 129 99 74 63 49 49 49 45 41 43 49 44
46 50 47 172 57 63 150 188 257 302 238 144 154 226 263 296 240 192 133 67 70 116 48 46 43 46 51
49 51 49 194 68 74 175 265 331 377 354 295 331 408 384 405 315 282 142 71 125 276 53 47 47 47 46
46 46 46 56 51 57 78 128 223 211 254 251 215 294 252 189 149 97 62 52 85 92 45 45 44 45 46
44 46 47 49 47 53 95 172 145 172 170 166 169 188 166 171 145 111 63 51 58 53 44 45 44 44 46
46 46 45 49 48 56 106 143 141 170 179 182 193 207 158 181 145 107 65 52 72 55 45 45 46 42 46
48 45 46 49 46 51 78 122 140 176 161 154 162 185 146 168 112 84 56 49 53 51 44 44 45 42 45
45 45 44 48 47 47 57 71 112 198 133 117 137 175 135 126 70 59 51 49 49 47 45 43 44 44 42
46 51 45 48 47 50 56 90 121 184 179 218 208 206 153 160 100 68 55 53 56 49 45 44 44 45 42
43 45 44 46 46 46 51 101 127 110 100 107 111 117 79 93 71 53 49 50 56 48 47 44 44 44 42
43 42 44 43 46 47 44 47 52 57 52 58 56 54 49 48 45 44 41 46 46 43 48 43 42 43 43
43 42 43 44 59 67 44 50 55 55 55 61 74 62 58 49 48 45 46 49 58 43 44 48 44 43 43
43 44 44 43 87 97 47 46 47 57 53 52 56 54 55 51 46 44 44 50 61 45 50 43 43 44 42
42 42 49 44 54 64 43 44 44 44 46 47 46 46 46 43 43 42 44 43 62 49 46 43 44 42 44
44 40 49 53 90 366 47 46 47 53 60 55 51 54 59 52 46 45 45 51 116 46 45 48 46 46 44
46 46 53 45 47 79 45 44 44 47 52 51 46 46 50 47 44 44 46 42 50 46 43 43 44 45 47
43 57 45 43 46 53 47 46 47 56 68 63 63 67 63 57 47 46 44 46 45 46 44 42 43 44 44
44 50 45 45 47 74 58 55 68 91 135 119 115 114 98 86 66 53 48 47 46 50 47 43 44 44 44
40 43 49 44 43 50 44 46 50 55 70 76 66 66 62 54 48 46 44 43 45 45 44 43 43 43 46
45 44 40 46 51 56 52 61 78 103 162 172 166 134 128 118 77 59 51 46 49 46 46 48 44 44 48
51 46 46 52 50 69 67 123 161 222 263 333 334 263 246 235 180 108 66 53 59 57 49 45 46 46 46
42 46 50 48 47 50 54 77 100 143 172 168 172 173 159 161 133 80 58 52 50 48 45 44 44 45 43
46 44 46 54 50 64 70 111 139 172 187 210 198 197 187 185 170 104 66 51 53 54 44 44 44 45 46
47 48 48 51 59 113 122 182 226 234 251 240 257 233 198 222 199 153 110 85 82 58 47 45 45 45 47
46 46 44 50 52 63 76 101 128 170 203 207 241 197 165 199 186 101 81 86 62 56 46 44 45 44 46
44 44 44 45 45 47 51 53 59 77 99 111 119 92 100 100 68 51 48 46 45 46 44 43 44 41 44
47 51 44 50 50 56 61 70 88 149 234 263 265 203 192 186 86 69 56 51 53 52 46 44 44 45 43
48 46 47 47 49 50 54 59 71 92 127 175 171 128 123 110 63 56 50 47 51 49 46 48 44 42 45
44 45 47 45 44 44 45 45 47 47 54 68 64 55 53 49 46 46 44 43 45 43 44 45 42 43 47
44 42 44 49 46 45 46 45 46 48 50 53 54 48 49 47 46 45 40 44 47 44 47 46 42 43 43
50 48 55 56 57 64 55 56 61 63 66 76 73 65 68 58 56 51 49 47 49 48 46 45 47 41 45
50 50 60 50 61 61 54 55 56 61 64 67 65 60 65 61 55 55 53 55 54 49 45 45 47 43 46
48 47 52 45 45 46 46 46 46 44 49 54 49 46 49 46 47 47 46 48 46 50 45 43 44 43 45
62 56 50 51 50 46 51 48 47 49 49 53 52 51 52 50 52 49 50 54 50 57 48 44 43 46 44
98 86 59 59 63 54 65 61 62 66 63 70 70 65 68 65 74 68 66 67 60 83 61 52 46 47 46
74 65 52 52 55 51 54 57 61 59 62 67 65 63 65 66 74 69 65 60 63 66 66 53 43 45 52
61 50 45 44 46 44 46 48 47 48 52 51 50 49 50 51 60 53 54 51 49 49 49 53 44 47 47
47 45 48 44 44 44 44 46 46 45 46 51 48 47 48 47 52 51 47 46 47 49 44 46 49 45 51
48 47 42 43 51 44 45 46 44 45 48 49 50 50 48 51 54 52 46 45 48 45 46 50 44 49 64
