44 45 46 44 46 49 216 397 59 54 52 51 51 53 52 58 70 657 663 63 47 45 49 53 65 51 48
49 44 46 43 45 47 60 63 45 46 49 46 45 45 45 45 47 108 181 48 49 44 44 45 44 43 45
43 46 44 43 46 44 61 71 45 47 45 43 44 44 44 47 46 55 67 44 45 44 42 43 46 44 44
44 43 46 45 46 47 68 65 43 45 49 45 43 44 44 44 47 59 60 46 45 43 43 43 43 43 50
43 43 50 44 44 46 104 85 46 46 47 45 43 44 45 45 47 79 79 47 47 44 42 43 44 44 45
42 46 45 44 46 48 107 81 45 45 45 45 46 42 45 50 48 83 81 46 43 44 43 43 44 45 44
42 44 43 42 44 46 69 60 49 45 46 46 44 44 46 44 44 56 60 45 43 43 42 43 44 42 44
46 44 43 44 45 52 117 91 47 46 46 45 46 43 46 49 52 79 88 48 49 44 47 44 44 43 40
44 44 43 44 51 85 334 236 63 54 47 50 47 51 51 57 74 216 242 49 45 45 42 45 49 44 44
43 46 44 42 46 64 141 125 56 48 52 46 46 47 46 49 70 126 135 51 43 43 45 42 43 49 45
43 43 44 43 46 54 110 101 56 46 46 46 43 46 51 48 53 94 91 48 40 43 47 44 42 45 43
44 45 47 46 52 89 287 284 123 57 53 52 52 53 56 60 159 242 234 51 51 45 44 44 43 44 46
44 55 50 44 51 62 176 191 90 53 50 49 48 51 53 57 130 223 170 50 46 44 44 44 45 49 45
45 48 43 43 45 42 52 65 46 44 44 42 44 44 44 45 47 57 49 42 44 44 43 45 40 44 49
43 43 44 41 44 47 46 53 45 44 44 43 44 42 44 50 47 51 44 46 44 45 44 42 42 44 41
43 44 46 43 46 48 61 100 53 46 46 45 44 46 52 48 64 98 52 44 48 45 43 44 42 43 45
43 44 43 44 42 44 52 59 47 44 44 44 44 44 44 45 46 56 49 43 47 44 43 44 42 44 44
43 45 44 43 43 43 49 52 44 44 43 43 45 42 44 49 46 49 45 40 44 47 44 42 43 42 43
42 43 45 43 46 42 46 78 58 45 45 44 45 46 45 49 60 61 49 44 42 43 43 43 44 42 44
43 44 43 44 44 47 64 143 120 66 51 49 50 49 50 65 95 119 57 47 46 42 44 42 43 44 42
43 44 44 40 45 49 50 72 63 48 46 45 45 45 45 49 60 68 55 43 44 47 44 42 43 43 43
42 46 43 43 45 46 87 142 132 88 56 51 52 54 59 94 123 126 74 46 45 44 46 44 46 44 43
45 50 45 46 50 72 281 324 297 291 119 76 73 85 168 245 232 246 162 54 51 48 46 45 46 46 51
44 44 45 45 47 60 187 186 262 216 99 67 64 75 149 172 149 158 103 47 49 46 45 46 44 46 48
47 45 43 45 45 55 130 151 160 169 118 70 66 73 177 130 126 135 100 49 48 45 45 44 46 46 43
45 46 50 50 52 116 248 260 222 243 220 125 97 186 248 240 236 204 165 64 55 55 48 45 46 44 46
44 41 46 58 66 84 230 206 230 198 184 128 138 168 231 232 227 174 146 58 157 74 46 46 45 45 46
51 47 45 54 65 54 155 186 168 163 175 155 196 264 207 250 246 218 98 48 66 89 45 46 45 45 49
46 53 46 63 55 53 137 250 279 292 295 272 249 331 257 267 191 123 69 53 53 51 46 45 46 46 46
46 54 46 83 92 67 200 276 253 266 280 288 247 287 253 273 216 173 76 58 62 50 47 45 46 45 46
44 46 50 49 54 65 169 252 243 289 288 315 296 327 251 302 220 161 80 52 61 52 47 43 46 49 48
46 46 45 47 49 51 90 186 254 238 223 234 242 273 231 224 140 103 62 49 53 48 46 45 45 48 46
44 47 45 46 48 46 109 187 180 197 163 172 160 188 152 182 137 116 59 47 53 50 45 44 43 45 49
45 45 47 46 47 47 77 140 120 124 116 125 122 128 119 128 99 81 54 49 66 62 45 43 44 44 44
45 44 43 44 46 44 50 91 74 78 59 63 64 62 59 65 52 49 50 42 56 56 41 43 47 44 44
42 46 44 43 49 44 45 48 50 48 50 54 54 51 46 48 44 44 46 43 48 46 42 43 43 43 44
42 44 42 57 85 53 53 54 53 60 75 78 101 82 73 63 51 47 46 46 62 62 45 41 43 48 44
47 44 44 70 97 52 47 47 48 48 52 52 55 55 56 47 51 45 45 46 67 65 44 43 44 41 43
42 44 43 53 72 46 45 43 45 49 44 43 46 43 44 45 43 46 44 46 62 62 44 42 43 44 41
44 48 46 88 136 52 46 45 44 44 45 44 45 45 46 43 43 48 44 44 112 115 44 43 43 46 42
43 46 52 61 89 42 44 47 44 43 44 43 44 44 44 44 43 42 42 44 47 47 48 43 46 45 44
47 57 45 44 49 44 43 43 46 44 44 44 43 43 44 43 43 43 41 43 43 44 50 43 43 44 43
43 43 43 43 44 44 42 43 48 43 43 43 43 43 44 43 45 43 42 41 44 41 44 46 44 44 47
45 44 42 43 44 43 44 42 43 47 44 44 45 42 44 45 43 43 44 43 42 44 50 43 42 44 45
43 44 48 44 43 44 43 44 45 44 46 52 52 48 49 47 46 44 44 41 46 48 46 42 43 42 48
43 40 44 49 45 44 50 51 54 65 75 108 105 100 96 92 67 53 47 45 47 44 48 49 44 42 46
46 44 42 44 43 44 48 49 52 59 71 78 80 73 79 81 63 51 49 46 45 45 47 42 43 46 43
43 46 45 44 46 56 58 74 93 100 115 122 129 120 114 124 114 87 59 58 57 45 46 44 44 45 46
44 49 45 45 47 87 93 125 132 155 159 145 162 132 117 136 134 127 119 118 98 48 46 44 45 46 45
42 44 49 45 45 51 63 76 79 93 121 136 159 127 110 124 128 106 97 108 64 44 44 44 45 44 46
43 44 48 45 45 48 59 68 71 89 125 167 179 135 131 143 122 83 62 55 50 45 45 44 44 46 45
43 47 45 46 47 50 66 82 87 118 180 214 193 167 168 180 127 90 62 52 50 48 45 45 44 44 45
47 46 44 47 45 46 53 54 57 66 91 122 138 101 96 106 71 54 48 45 46 45 43 44 46 44 46
44 43 44 44 44 47 45 44 45 46 50 59 60 56 57 52 48 46 42 43 48 44 42 44 42 42 44
46 44 44 45 46 49 47 48 47 49 55 67 75 67 61 60 54 48 51 46 46 44 42 43 45 43 44
47 44 45 51 58 51 55 56 51 56 62 76 85 76 85 82 70 58 57 57 52 47 45 42 44 44 46
47 45 47 46 50 48 48 50 50 53 54 61 65 63 72 70 67 57 55 52 48 48 44 43 48 42 46
49 48 42 44 50 45 44 45 45 46 48 46 50 55 53 51 47 47 49 48 47 47 45 48 44 42 46
50 44 47 44 47 45 49 48 49 48 52 60 58 60 67 61 60 64 55 60 55 60 50 46 43 44 44
55 50 50 49 53 46 52 59 53 52 58 64 67 78 82 78 74 70 62 72 62 84 68 52 44 44 45
54 46 47 48 48 46 46 49 48 49 51 58 58 61 65 64 64 61 53 57 59 66 59 51 43 44 48
59 45 46 46 44 44 46 46 48 46 46 49 49 48 52 49 56 51 51 44 47 51 46 49 44 42 47
47 45 48 44 46 44 44 44 44 44 46 46 46 46 47 47 48 51 49 45 47 46 43 48 43 43 51
51 45 48 45 43 44 44 44 44 42 45 51 45 43 45 44 46 46 44 45 45 49 46 44 43 46 63
