43 42 44 43 44 44 43 44 42 43 47 43 42 44 44 43 42 43 43 44 44 43 44 43 43 44 41
43 43 46 44 44 44 41 44 49 44 43 43 43 44 45 42 48 44 43 43 42 43 44 43 44 41 43
43 43 43 45 42 43 49 44 44 44 43 43 44 43 45 46 43 43 44 38 44 49 44 43 44 44 44
42 44 43 44 43 43 49 44 43 44 43 43 45 43 45 47 43 43 44 39 45 49 44 43 43 42 43
42 43 44 44 45 41 44 49 44 43 44 42 44 44 43 44 44 43 41 44 42 43 49 43 43 44 44
46 45 42 44 46 44 44 42 44 48 45 42 44 43 44 44 43 41 44 48 45 43 44 42 43 44 43
43 50 44 44 46 42 44 44 43 44 44 44 46 44 43 44 42 44 41 44 49 43 44 44 41 43 44
43 44 44 41 46 43 46 42 43 43 44 44 44 44 43 44 42 44 44 43 44 42 44 43 43 44 44
47 44 46 44 45 44 42 43 42 43 43 43 43 43 44 43 42 43 46 44 42 43 43 42 44 40 43
41 45 44 44 48 44 44 44 42 44 47 44 44 44 42 43 45 43 44 44 44 41 44 47 44 44 44
44 44 42 44 49 44 44 42 43 47 44 44 44 42 44 44 42 42 49 42 43 44 42 43 46 43 44
43 47 44 42 51 44 43 43 43 44 44 48 44 43 44 42 42 42 44 41 44 47 44 44 44 42 43
44 40 43 59 185 49 44 42 43 44 44 44 41 44 47 44 42 42 44 44 43 43 46 43 45 44 42
43 43 42 102 442 56 47 44 44 44 44 44 45 44 42 43 43 43 44 44 42 44 48 44 44 44 42
43 47 44 56 95 47 46 44 43 44 41 44 48 43 42 43 44 43 46 44 42 43 44 43 44 41 44
41 43 46 62 61 45 43 45 44 44 44 45 44 44 44 43 45 43 44 43 42 43 44 42 43 45 44
41 45 52 258 165 87 52 46 45 45 47 47 45 46 45 43 49 44 45 43 45 42 44 44 43 44 44
44 41 63 253 130 368 79 51 59 71 58 52 49 49 46 46 48 45 46 46 46 42 46 43 43 44 42
43 42 46 61 47 55 59 64 76 99 94 85 82 68 67 50 46 46 46 43 44 44 44 44 40 43 49
44 44 51 46 46 49 50 66 113 159 142 142 132 132 212 179 108 78 62 49 48 49 50 45 44 44 45
46 48 48 44 47 50 49 57 64 93 121 128 120 135 213 180 178 206 160 53 50 54 52 45 45 44 47
43 53 44 45 43 45 49 47 47 51 52 62 73 106 148 152 145 169 160 47 49 49 54 44 43 44 43
43 45 46 44 44 45 48 47 45 48 48 52 56 63 102 157 192 227 136 49 47 52 48 44 44 43 44
42 44 45 44 45 44 46 55 52 60 58 64 68 102 236 292 256 300 180 57 52 54 53 47 45 44 45
44 45 46 45 47 45 48 59 58 65 64 75 140 252 384 380 340 328 122 60 59 57 59 47 45 46 44
44 48 45 43 45 44 46 50 53 57 60 83 117 178 215 217 185 143 61 49 53 51 52 46 44 44 44
44 47 45 43 45 44 48 57 68 72 98 122 149 172 166 212 162 92 55 48 52 51 50 45 43 44 45
46 44 45 46 46 47 59 88 166 172 201 238 252 286 245 240 223 122 61 54 54 57 59 48 46 47 47
44 49 45 43 45 45 55 98 178 195 186 191 181 232 152 165 106 71 53 46 50 53 52 45 45 43 46
43 44 42 44 49 44 50 80 125 168 157 148 102 110 76 61 50 47 47 50 46 46 48 43 43 44 44
44 45 45 46 46 46 174 395 331 313 262 269 180 174 100 74 65 55 51 46 50 56 53 46 45 44 46
44 40 45 51 46 50 258 469 405 309 230 221 180 128 95 91 60 55 51 48 46 51 56 46 46 45 44
42 44 43 45 46 46 164 376 292 258 200 209 92 85 77 57 51 49 47 47 44 48 54 46 44 44 44
44 43 40 43 44 45 91 192 199 136 152 110 67 58 51 48 45 45 49 45 44 45 44 44 44 43 44
43 43 44 44 44 45 127 203 157 184 127 106 89 59 52 49 46 48 44 45 45 46 47 44 44 48 45
42 43 47 44 43 45 124 174 170 138 104 102 69 56 52 47 46 46 45 44 46 44 46 44 43 44 47
43 41 44 48 44 42 61 110 85 94 74 84 59 51 48 45 45 44 44 42 45 43 44 44 42 43 48
43 43 44 47 45 42 57 113 133 130 98 89 72 55 50 47 45 44 44 43 44 45 45 44 45 43 46
44 44 45 46 45 43 72 142 173 196 170 166 120 80 60 53 49 47 47 44 46 48 48 46 43 44 50
43 44 45 47 45 44 55 93 153 212 191 215 227 105 62 57 52 50 47 47 50 51 55 46 43 44 44
43 46 44 43 44 43 48 57 84 111 136 142 144 72 51 51 47 45 46 45 46 47 51 45 42 44 44
42 44 43 44 47 44 51 61 107 149 150 132 134 95 58 57 48 47 47 46 47 51 49 45 44 43 46
42 44 45 44 45 44 48 61 93 129 146 139 109 100 59 52 48 48 47 48 47 50 54 56 44 42 47
42 43 44 42 44 46 46 53 58 82 102 117 104 86 53 51 47 50 46 48 47 47 52 44 44 44 45
43 47 44 42 44 43 45 48 48 54 74 103 97 81 59 52 46 47 46 46 47 50 51 44 44 44 44
44 45 46 44 45 46 49 55 57 72 123 186 169 149 89 70 60 62 77 111 163 305 320 101 47 45 47
46 46 47 46 47 46 47 54 60 63 87 148 191 145 96 83 100 110 148 206 322 528 556 161 55 46 50
44 43 45 45 45 45 44 48 54 52 52 85 127 106 99 97 90 79 78 99 131 196 170 63 46 44 46
44 45 44 44 46 44 47 47 53 60 57 106 156 137 134 153 136 138 151 173 109 133 174 56 47 48 47
44 47 45 45 46 44 47 50 54 60 59 101 170 160 183 200 203 192 168 89 91 108 130 58 51 53 46
45 44 46 43 45 44 46 50 50 55 60 63 104 194 270 249 204 190 87 63 60 64 69 50 48 49 50
44 44 44 44 44 49 46 48 52 53 55 60 67 156 400 310 115 84 60 55 56 63 64 48 44 45 49
45 46 41 46 50 45 46 49 51 54 57 63 73 175 318 295 134 93 76 92 119 148 118 66 47 45 49
46 49 50 46 47 46 47 46 48 49 49 57 66 79 117 117 88 81 72 148 204 216 197 97 53 48 49
49 45 46 45 43 45 51 44 44 45 45 49 50 49 56 61 54 54 57 83 110 116 108 66 48 43 45
44 46 47 46 49 50 47 45 44 44 46 47 48 51 51 51 51 51 57 85 84 87 89 60 51 45 49
61 63 67 60 63 54 48 49 48 48 50 52 55 55 57 59 63 68 86 142 121 117 124 92 68 47 50
62 65 65 50 52 50 50 48 47 47 49 51 52 57 56 57 63 69 85 137 106 109 116 93 74 49 49
51 49 46 45 47 44 45 46 44 45 46 46 48 48 47 48 49 56 56 68 69 69 73 64 47 45 48
47 45 48 43 45 45 46 45 43 44 45 47 47 47 47 49 49 53 57 56 56 67 68 61 48 42 48
52 49 53 46 52 46 45 46 44 46 47 48 51 56 53 59 66 88 68 74 78 118 127 88 53 46 55
53 48 49 45 47 50 46 46 46 45 46 49 50 51 54 63 74 79 67 74 74 102 101 82 60 46 57
45 44 45 42 44 48 44 43 44 42 44 45 44 45 50 46 46 51 47 46 48 49 49 48 49 44 63
43 44 45 42 44 44 43 44 43 44 47 44 43 44 44 44 44 42 45 50 46 46 46 42 44 44 53
