48 43 43 43 42 43 43 43 43 41 44 52 46 48 58 45 41 43 44 43 44 40 43 46 43 42 43
44 44 44 45 44 43 44 44 44 45 43 83 76 192 167 98 48 47 45 46 47 44 46 44 42 43 43
44 47 45 43 45 43 44 45 44 46 50 59 108 475 269 82 49 49 49 52 47 45 45 44 44 44 49
42 44 44 42 44 43 43 44 42 43 49 45 53 84 86 84 46 44 44 48 43 42 44 41 43 48 44
43 43 46 43 42 43 42 43 44 42 44 49 47 51 69 88 46 44 44 43 44 42 43 44 43 43 44
45 44 45 43 43 43 44 43 44 42 45 51 49 51 94 196 58 49 46 45 46 42 43 47 44 44 44
42 43 48 44 43 43 43 44 44 44 45 48 46 50 69 196 90 50 47 44 46 49 44 43 43 42 43
46 42 43 42 44 44 44 43 44 41 44 49 45 48 46 82 64 45 45 44 45 43 44 43 43 43 44
44 41 44 43 45 44 45 45 44 45 44 45 45 51 54 100 97 61 45 46 44 44 46 43 45 44 42
54 56 57 59 69 69 82 81 88 84 99 85 104 74 67 125 120 120 59 52 47 46 48 44 44 44 43
46 45 50 51 51 51 63 75 76 74 85 74 83 71 52 117 113 125 59 51 49 46 45 46 44 45 44
46 44 44 44 44 44 47 46 45 49 47 47 51 48 46 72 100 85 56 47 46 44 44 43 44 44 43
50 59 46 50 53 58 66 79 84 96 109 116 103 89 56 129 213 259 152 64 60 49 45 45 44 45 45
59 48 50 45 51 56 58 68 82 78 85 99 88 92 56 93 181 266 155 63 60 49 45 45 44 45 47
42 43 44 43 44 43 44 48 45 44 45 45 46 48 43 46 67 86 53 45 47 44 43 44 41 43 49
43 46 44 46 45 44 47 51 56 51 51 50 50 52 46 46 50 75 58 47 52 44 44 44 42 43 44
45 50 51 50 48 63 74 65 73 71 68 62 58 70 53 49 53 110 131 62 54 51 46 45 44 42 44
42 44 43 43 45 45 46 46 46 48 46 45 46 47 46 45 46 62 92 47 48 50 45 44 44 42 43
41 43 43 43 44 43 44 46 44 45 45 43 44 45 44 44 46 51 62 55 47 45 44 42 43 43 43
44 46 45 43 47 48 52 56 50 50 51 48 49 48 48 47 46 64 104 92 65 50 44 45 44 42 43
45 48 46 43 45 44 46 54 49 47 52 49 51 51 48 51 53 94 194 142 69 59 44 44 42 44 47
43 43 44 42 44 48 45 44 45 45 46 47 46 47 52 48 50 88 119 90 64 49 47 44 41 43 50
44 44 45 43 44 44 45 50 46 55 61 50 56 52 50 51 64 122 128 124 95 61 46 42 45 49 47
49 45 46 47 46 51 53 55 70 92 89 73 79 61 58 51 77 119 126 121 122 102 46 44 44 45 46
44 44 47 45 44 45 44 46 50 51 55 55 55 52 52 50 81 116 122 121 134 92 47 52 44 56 45
44 44 44 44 45 45 45 48 46 46 48 48 51 52 49 56 75 132 164 155 101 69 47 45 44 54 45
45 44 47 48 46 50 50 49 52 54 58 65 74 88 74 102 194 253 339 404 392 160 58 51 49 47 46
49 50 49 51 49 48 52 54 56 60 65 82 116 148 124 207 299 408 464 518 509 245 78 54 49 47 49
46 48 46 48 46 45 47 47 49 52 51 56 64 92 91 201 192 267 244 247 135 69 47 45 45 44 46
43 45 44 44 48 44 44 45 45 46 50 48 61 100 80 134 122 115 115 98 72 52 45 43 43 45 45
44 47 53 46 44 45 51 47 48 50 54 61 65 97 103 160 125 124 105 104 78 56 50 43 44 48 45
45 54 50 46 46 47 58 66 75 85 87 98 93 116 108 164 121 126 114 110 84 57 48 45 44 44 48
44 45 45 44 45 45 46 44 50 56 55 63 84 122 149 160 121 135 110 90 68 52 46 46 43 44 49
46 46 50 43 46 46 50 59 62 73 74 102 119 198 238 205 160 177 168 122 82 59 46 45 45 44 45
47 49 46 48 47 47 65 107 91 104 110 119 129 228 222 220 179 197 182 200 106 69 47 46 48 46 47
44 48 45 43 45 43 45 50 48 56 64 65 70 96 93 90 95 128 122 115 68 52 46 45 42 44 46
42 43 44 45 44 44 45 45 44 45 47 46 47 52 53 50 52 56 61 51 50 51 44 43 43 42 45
42 46 46 50 55 48 56 63 56 56 58 57 62 75 67 67 69 69 76 76 63 48 44 43 43 44 45
44 50 46 46 54 49 54 64 60 64 64 61 64 75 67 63 67 65 75 76 66 47 45 43 43 44 44
44 43 44 44 46 43 44 46 45 47 47 47 52 53 54 55 59 62 64 67 62 46 44 44 42 43 44
43 44 44 42 45 44 44 46 43 47 53 47 49 55 54 54 59 81 83 70 52 46 48 44 44 44 43
44 49 46 44 46 48 50 62 70 85 101 91 103 104 94 91 111 160 181 148 83 58 46 46 44 46 47
48 46 44 44 44 45 48 49 54 63 72 84 92 103 100 93 125 170 218 140 80 58 47 44 44 42 46
49 44 43 44 43 43 44 44 45 44 46 50 49 48 52 50 60 79 81 62 52 45 44 48 43 42 44
46 45 45 42 47 53 48 48 50 53 59 70 74 76 74 70 85 87 92 93 66 49 45 45 43 45 45
47 43 46 50 49 51 54 62 63 72 76 97 108 90 85 86 100 98 96 122 85 56 48 44 45 44 43
44 46 44 46 45 43 45 45 46 49 49 59 74 71 66 68 83 86 97 127 81 57 45 42 43 44 42
44 49 45 45 46 43 45 46 46 49 48 60 75 72 68 63 79 108 142 179 117 60 46 44 44 42 45
46 51 51 49 52 50 51 58 60 89 120 137 158 142 110 113 196 288 333 330 351 223 66 49 46 46 49
47 51 53 48 50 49 50 54 55 64 80 87 109 103 88 96 174 297 383 470 494 245 66 49 46 49 47
46 46 47 47 46 48 48 48 49 51 55 58 59 63 66 67 81 141 272 386 286 81 49 46 45 47 51
46 63 54 50 52 46 58 62 56 58 62 67 71 70 66 73 89 139 330 435 392 99 50 47 43 46 57
56 64 62 52 54 55 66 71 76 71 76 97 97 80 75 81 104 143 232 446 491 118 59 48 46 44 54
49 51 46 44 47 43 47 52 46 46 48 51 53 52 51 56 61 70 74 122 117 65 47 51 42 43 47
53 48 45 45 46 45 50 45 43 44 44 44 46 44 47 54 51 52 55 58 58 55 51 44 44 42 45
53 61 55 55 56 58 49 48 53 48 47 48 49 50 57 60 65 62 66 71 64 56 50 44 45 49 49
62 66 64 61 63 64 60 51 54 53 57 65 61 65 80 96 95 95 94 102 89 75 62 56 51 45 52
50 51 50 47 49 49 49 48 47 47 50 55 51 58 66 75 86 87 81 89 70 65 56 50 45 44 52
56 53 49 46 48 46 47 47 45 46 50 48 49 52 55 62 67 71 70 70 67 60 53 46 43 44 51
69 82 54 53 55 50 54 52 48 48 50 55 55 56 64 74 91 86 80 80 71 82 66 49 45 44 51
70 82 64 61 56 54 53 57 62 54 54 66 69 71 86 116 158 154 119 104 96 122 90 63 53 46 60
58 51 46 47 55 46 47 49 48 48 50 54 57 58 66 89 118 129 112 79 78 78 69 55 52 46 56
45 45 42 44 50 44 44 44 43 45 46 46 48 52 51 56 66 61 59 53 53 54 48 44 47 49 60
44 48 44 43 45 44 47 44 46 50 48 49 50 52 52 55 63 58 54 49 55 59 46 43 44 47 56
