41 43 48 43 42 44 44 44 45 45 44 41 44 48 44 42 41 42 44 42 44 41 43 48 43 42 43
42 40 43 42 44 49 44 63 58 50 45 44 44 43 46 44 43 41 43 43 44 43 41 43 48 43 43
44 41 44 49 44 44 47 74 249 169 56 49 49 47 45 46 43 43 44 43 44 42 43 44 43 44 45
43 40 44 48 44 43 45 47 64 142 88 49 49 44 46 44 41 45 44 41 44 44 42 43 43 46 44
42 44 41 43 49 43 44 44 45 51 63 51 49 44 44 43 39 43 44 46 42 43 43 43 44 41 43
42 44 45 44 47 44 44 48 52 56 149 210 165 63 48 47 48 46 43 44 43 43 44 43 44 47 44
44 48 43 43 44 44 46 48 56 62 161 368 214 58 51 50 44 47 48 44 43 43 43 43 44 42 44
41 47 43 43 44 44 45 46 50 50 127 207 56 51 47 46 43 44 43 43 43 43 44 43 44 42 44
43 42 44 42 44 42 44 44 50 63 92 56 44 44 46 44 43 44 44 43 45 43 44 46 44 42 43
48 43 44 44 43 44 47 52 78 116 165 58 52 45 45 45 45 44 46 42 44 44 43 44 42 43 46
44 50 44 43 44 42 47 60 138 142 100 51 59 46 44 45 42 44 44 44 44 43 42 43 45 44 42
42 43 44 44 43 44 49 56 113 89 52 46 47 44 44 43 41 43 48 43 45 44 42 43 44 43 44
44 44 47 44 44 46 59 257 310 168 66 61 54 49 48 46 44 43 44 46 44 43 44 44 44 44 44
46 46 44 46 52 53 151 552 438 218 78 64 63 54 51 53 45 45 44 44 46 41 44 47 44 45 45
43 44 47 44 48 49 117 261 176 79 56 48 51 53 46 45 44 44 44 46 45 42 44 43 43 44 44
42 44 43 44 48 55 218 166 154 74 53 48 50 47 46 46 45 43 44 44 44 43 44 43 46 44 42
44 44 45 43 51 92 214 156 129 74 57 50 48 47 46 45 46 44 45 46 44 43 45 41 44 48 44
43 46 44 44 48 108 130 118 84 53 46 47 50 46 44 45 48 44 44 45 44 43 44 43 43 46 44
47 43 43 43 46 59 61 58 47 43 44 47 44 42 43 43 41 43 44 42 44 41 44 48 43 42 43
44 42 45 45 77 161 189 134 52 50 52 47 47 46 44 45 48 43 45 44 42 43 44 43 44 41 44
44 46 44 45 97 151 298 126 71 64 54 48 51 46 50 49 45 47 44 45 44 43 44 43 43 44 41
42 44 44 43 50 57 98 111 103 93 58 49 50 52 47 45 43 43 46 41 44 44 43 44 41 43 48
43 48 44 45 46 48 93 104 114 129 104 73 64 53 61 57 41 46 45 44 42 43 44 43 44 41 44
42 46 48 46 50 52 186 168 207 215 173 148 112 97 99 86 49 51 46 47 43 43 45 47 44 42 44
42 46 51 45 47 50 116 179 202 193 182 179 145 130 129 112 58 54 46 44 44 43 45 42 44 49 44
43 48 44 44 46 44 53 83 109 128 138 165 149 126 161 152 66 55 46 44 44 43 44 41 44 49 44
42 58 47 46 47 47 54 70 80 125 167 238 250 238 284 288 131 83 52 44 44 44 45 45 42 44 50
48 76 100 54 51 62 66 91 138 209 345 453 426 483 523 509 489 371 110 52 47 49 48 46 46 46 45
49 97 111 54 49 57 56 67 79 99 167 223 246 410 398 375 401 312 148 51 49 46 46 45 44 45 46
44 46 46 44 43 46 51 49 50 51 56 77 95 141 162 159 146 182 62 46 39 43 49 43 44 44 43
43 44 44 44 42 45 51 51 50 54 63 92 87 148 120 119 104 110 96 65 44 44 42 43 44 43 44
44 45 46 44 43 45 47 54 52 54 58 76 87 120 134 129 122 108 108 67 50 45 43 44 42 43 45
44 49 44 44 44 45 47 49 51 56 54 68 96 140 176 179 109 103 98 56 45 42 44 42 43 44 43
44 46 46 44 46 46 47 49 49 52 57 61 67 95 274 266 172 161 66 46 45 44 44 44 43 42 44
43 45 46 44 55 63 51 57 54 60 63 81 101 182 210 206 220 190 76 46 46 44 47 44 45 44 44
44 44 47 45 79 179 64 58 58 58 63 92 103 171 167 162 132 105 53 46 45 46 45 44 44 45 49
43 42 44 43 47 60 49 48 50 47 50 55 67 108 92 88 86 56 44 44 46 44 42 43 44 43 44
42 44 42 44 50 76 80 64 48 49 52 62 70 81 86 86 76 50 46 44 42 43 43 43 44 44 44
43 44 47 45 48 86 98 110 60 60 61 75 94 101 75 72 64 49 46 42 44 46 44 45 44 42 44
45 41 46 46 46 63 99 117 71 61 63 86 89 103 78 72 58 47 45 44 43 44 44 43 46 44 43
43 44 45 44 44 46 57 84 62 53 57 70 88 91 60 57 47 45 46 41 43 44 43 44 42 44 47
44 50 46 45 47 48 66 209 194 120 90 120 176 152 79 77 51 52 46 47 42 43 44 44 44 42 44
46 48 49 46 50 59 91 330 369 275 184 173 218 189 95 87 57 56 48 47 44 44 46 44 45 44 45
42 46 51 46 48 51 70 234 313 261 175 136 193 110 64 61 52 50 45 44 45 44 48 42 44 48 44
43 47 48 44 46 46 65 109 148 167 138 75 95 62 51 48 46 46 43 43 45 43 45 42 43 47 45
44 47 46 44 47 45 60 157 187 166 154 136 129 95 54 56 50 48 46 42 44 44 44 44 42 44 48
44 46 46 43 48 56 67 162 235 197 203 191 160 77 60 63 52 48 46 46 45 42 44 44 44 45 42
44 44 46 47 46 49 58 118 201 217 245 214 142 64 63 58 52 50 45 44 47 44 43 43 43 44 45
45 48 48 47 49 52 74 138 404 405 402 316 192 78 67 68 58 54 50 45 46 45 44 44 44 47 46
45 51 48 51 53 54 74 131 428 357 365 231 117 69 64 66 54 51 46 45 48 47 46 44 44 46 46
43 46 48 46 48 47 52 63 103 121 106 59 54 48 47 46 49 44 45 44 43 44 43 43 44 41 44
45 52 46 49 50 49 52 47 52 57 52 47 46 43 44 44 43 46 43 45 44 42 44 42 42 44 42
59 64 66 65 72 66 77 66 61 56 57 50 49 46 44 45 44 44 44 45 44 46 44 43 44 43 45
60 91 91 95 107 95 110 98 70 58 56 50 51 49 46 47 47 44 43 45 46 42 44 45 43 44 47
58 55 67 72 77 85 88 60 56 50 50 48 48 46 47 46 44 44 45 44 46 44 44 45 47 44 45
51 56 60 64 84 100 85 59 57 49 48 46 46 45 46 44 47 46 45 44 46 42 45 48 44 44 50
104 122 97 101 136 127 106 73 58 61 52 50 50 47 48 49 46 48 48 56 49 49 53 48 46 44 45
119 129 90 81 91 91 75 59 54 52 50 54 48 48 49 47 48 49 48 50 50 62 56 48 45 42 47
70 63 56 58 56 54 54 50 46 47 46 46 48 45 46 45 45 47 46 48 43 48 49 44 44 44 46
60 60 52 52 52 51 54 49 46 49 46 47 46 43 46 46 47 49 50 46 48 52 46 44 46 44 49
70 70 59 56 57 52 55 50 46 47 49 47 51 46 49 50 56 63 52 54 48 67 53 43 47 46 55
61 53 56 62 52 49 53 47 46 46 47 47 51 46 52 51 56 54 56 50 49 56 49 43 52 49 60
44 45 50 45 44 44 44 44 44 44 45 46 45 46 46 43 44 44 44 43 45 44 44 42 46 50 64
44 44 44 44 44 44 41 44 48 44 43 44 44 44 45 42 42 43 43 43 45 43 44 44 44 50 59
