43 43 44 42 44 48 44 44 44 42 44 44 44 46 47 44 43 48 44 44 44 41 43 43 43 44 44
43 39 43 48 43 44 44 42 43 43 44 45 42 46 52 45 43 42 43 45 42 43 47 43 44 44 42
43 46 44 46 44 42 43 43 44 44 43 46 52 49 55 48 45 43 47 44 42 43 43 43 44 42 44
42 42 44 49 44 42 44 42 44 44 44 46 46 49 58 50 43 44 43 46 42 42 44 42 44 44 43
40 43 49 44 43 44 42 43 44 44 45 45 50 72 124 84 47 45 43 44 45 42 44 44 42 44 42
43 44 44 44 46 44 44 46 46 48 52 56 124 328 184 68 51 48 44 44 46 45 46 43 44 47 44
43 44 47 44 44 44 43 46 47 48 58 128 212 96 66 52 46 45 45 43 45 48 45 46 43 42 44
43 41 44 44 44 43 44 41 44 45 49 57 55 48 47 44 43 43 44 44 44 43 44 43 43 43 44
43 47 44 46 44 45 44 45 44 49 45 67 48 51 46 44 43 43 43 41 44 47 43 42 43 42 43
41 43 44 43 44 41 44 45 44 46 48 78 55 52 45 48 43 44 42 44 48 43 43 43 42 42 44
42 43 43 44 42 43 48 44 43 44 45 59 52 47 49 52 42 43 44 38 44 48 44 42 43 42 43
41 43 43 43 44 41 44 49 44 43 44 47 50 51 50 43 48 43 44 43 42 42 43 43 44 40 43
44 46 42 43 44 43 44 43 46 52 47 49 99 138 104 54 47 50 45 45 45 43 45 43 43 44 41
44 43 45 43 44 43 44 47 46 49 56 54 116 235 226 105 60 55 47 46 46 45 47 44 43 44 42
41 43 44 43 45 42 44 49 46 46 47 46 60 145 166 108 53 47 44 44 43 45 51 44 44 44 42
43 42 44 43 44 44 42 45 50 46 47 50 56 120 191 200 63 53 49 45 44 46 44 44 48 44 44
44 42 44 44 44 45 44 47 56 52 52 57 64 236 274 401 335 71 56 46 50 48 52 50 44 45 45
45 44 43 44 44 44 45 44 48 54 50 53 59 122 188 363 397 79 58 48 49 49 51 40 44 50 45
43 43 42 43 44 43 44 42 44 49 45 44 46 47 60 83 137 84 49 41 45 49 44 44 44 42 43
43 39 44 49 44 44 44 43 44 45 46 47 48 55 67 148 163 146 60 46 46 46 46 48 43 42 44
43 41 44 47 44 42 44 43 45 46 43 47 55 55 80 108 162 219 187 48 50 47 51 44 43 44 46
43 47 44 42 44 42 43 44 44 44 46 46 50 51 57 85 153 136 109 55 46 45 46 44 43 44 42
43 46 44 42 44 42 43 44 43 44 50 46 48 53 62 95 100 101 73 48 43 44 46 43 44 46 44
42 44 48 44 44 44 44 46 50 50 61 59 74 126 237 267 239 238 97 51 52 51 51 47 44 44 45
44 44 47 45 44 44 47 51 57 59 68 93 164 267 358 344 298 259 78 51 56 54 57 50 45 47 47
43 45 44 43 44 44 46 51 51 52 55 87 114 164 188 189 153 90 51 46 47 49 53 45 44 44 47
43 44 46 44 43 41 49 53 68 84 110 130 155 174 188 225 160 70 52 47 48 51 50 46 46 44 46
45 44 46 46 46 47 56 79 195 203 246 250 270 292 294 289 242 96 59 54 56 58 57 47 45 45 48
44 46 45 45 45 44 59 108 195 227 213 204 204 235 174 171 103 61 57 49 50 52 51 45 45 44 47
42 44 42 44 49 44 51 86 120 178 156 130 92 95 74 58 49 45 45 49 46 46 47 42 43 44 44
44 45 45 44 45 45 152 341 306 305 247 241 163 168 100 79 67 52 48 48 47 50 51 45 46 44 45
44 46 44 44 45 48 235 405 380 295 218 230 189 135 101 92 59 57 49 48 48 49 51 46 45 45 44
44 44 46 41 45 49 156 348 266 253 185 237 93 83 76 56 51 52 46 46 47 46 48 45 44 45 44
43 44 46 42 44 44 99 198 195 142 160 127 68 57 50 49 43 45 49 44 46 46 44 44 44 43 45
44 42 44 44 44 45 132 218 168 211 150 113 84 59 52 51 47 46 40 44 50 46 48 44 42 44 45
42 43 44 44 44 44 154 199 187 159 128 116 69 56 53 47 47 46 44 42 46 47 46 47 44 42 44
42 43 43 43 45 43 69 119 95 101 82 83 56 50 48 46 44 43 44 39 42 44 44 43 44 42 44
40 43 49 44 44 44 55 110 132 122 101 84 66 56 50 45 44 44 43 44 45 43 46 41 43 49 45
43 48 43 44 45 42 70 142 161 183 163 155 108 73 56 52 48 46 46 44 47 48 48 47 44 42 46
44 44 44 46 45 42 54 90 142 194 179 198 209 87 58 55 50 48 45 46 49 49 53 45 43 44 45
43 46 44 43 44 43 47 56 80 108 136 142 131 66 50 49 46 46 46 45 46 48 47 45 39 43 49
43 44 44 42 44 44 49 62 101 166 176 140 137 96 56 52 50 47 44 49 50 48 48 46 42 43 46
42 44 44 44 42 44 54 60 96 138 174 144 115 104 63 56 48 47 47 45 47 51 51 50 44 41 48
46 43 45 44 43 44 46 50 58 80 110 131 113 84 56 49 45 46 45 46 47 47 51 49 44 44 47
43 42 43 43 44 46 46 48 48 50 67 95 92 80 56 50 46 44 45 44 46 50 50 45 44 44 45
45 42 45 44 45 48 48 53 56 66 111 175 162 138 84 64 59 57 68 100 144 263 284 87 50 45 45
46 44 46 50 46 45 48 51 54 60 84 136 184 134 88 77 87 102 140 195 292 486 514 138 51 46 49
43 44 46 41 45 49 46 47 49 49 52 87 121 98 95 90 80 72 78 98 124 184 153 55 45 44 46
43 45 43 45 49 44 46 50 51 55 58 102 174 146 136 152 140 156 168 180 103 124 170 53 47 49 47
44 45 46 45 43 45 52 51 54 57 58 104 200 178 184 197 197 198 180 95 89 106 127 55 46 52 46
46 44 45 42 45 49 46 49 53 53 56 63 121 217 276 245 206 199 81 61 60 60 61 49 48 48 50
46 43 46 44 44 44 49 47 48 51 52 56 67 134 351 266 103 72 55 50 56 63 57 48 45 44 49
44 41 45 49 45 45 46 46 50 51 53 59 66 141 282 245 118 80 69 85 110 132 107 57 47 46 47
46 49 48 47 47 46 46 46 48 50 49 52 58 74 107 102 80 72 69 133 187 191 174 88 48 46 48
48 44 46 44 43 45 50 44 45 45 44 47 49 49 56 55 53 52 55 76 101 104 98 65 46 42 46
44 46 46 45 49 49 47 46 45 45 46 47 46 47 51 50 50 50 56 75 83 87 85 59 51 42 46
58 63 64 53 62 52 48 54 47 46 49 48 51 54 54 56 61 63 82 138 118 106 114 85 63 46 47
60 65 60 51 52 47 49 47 46 47 49 51 51 55 54 55 62 65 81 135 103 101 110 84 65 48 49
51 52 48 46 46 43 45 45 44 45 42 45 51 47 47 47 49 56 54 69 68 66 72 62 46 45 47
47 47 48 43 46 44 46 45 42 44 50 45 46 47 47 47 49 52 54 55 57 66 65 60 52 44 47
54 50 54 44 47 46 45 45 43 46 51 49 49 51 52 57 70 84 66 72 76 120 122 86 53 50 56
58 50 49 48 45 45 46 45 45 44 46 53 51 50 54 63 75 80 69 70 74 109 100 81 61 42 59
50 44 44 44 43 44 44 43 44 41 44 49 45 43 46 45 45 46 47 47 50 49 50 52 49 43 61
43 42 44 41 44 49 44 43 44 43 44 44 44 44 46 45 45 45 44 45 46 47 46 43 44 47 54
