42 43 45 43 45 50 69 290 53 46 46 45 46 46 43 46 44 56 184 49 44 42 43 43 43 44 41
44 43 45 42 46 46 91 351 50 47 51 46 46 46 46 47 47 71 390 58 45 45 44 44 43 43 45
43 43 44 44 43 46 73 144 47 46 44 44 45 44 45 46 45 56 338 62 47 49 44 44 44 42 44
41 43 43 43 46 43 56 63 45 45 44 42 44 44 43 44 44 45 83 48 45 44 44 44 43 47 44
41 43 43 43 46 42 53 59 44 43 44 42 44 44 44 44 44 45 68 49 43 44 47 43 44 43 42
43 42 44 43 50 46 64 57 46 44 44 44 42 43 44 43 42 45 59 49 48 44 46 44 43 43 44
43 48 43 43 46 45 103 78 45 43 44 43 44 44 43 44 43 46 92 63 44 43 44 44 41 43 50
43 42 46 41 44 48 68 61 44 44 44 42 44 43 44 43 44 46 87 59 44 42 44 40 43 42 44
42 46 44 43 44 50 93 72 45 45 44 44 44 44 43 44 43 46 93 81 44 44 41 43 48 44 43
44 45 45 43 46 97 222 170 55 48 51 46 46 46 46 47 48 82 224 229 45 44 45 42 44 49 45
44 44 45 45 49 104 242 209 62 49 48 47 48 49 48 47 52 130 286 327 50 46 44 44 45 44 46
43 48 44 43 46 53 105 105 53 46 45 44 47 45 44 45 45 78 146 132 46 44 42 43 47 44 43
45 47 43 44 47 98 238 186 72 46 47 51 47 46 47 47 50 140 190 129 47 43 44 44 44 44 42
45 46 49 44 46 89 259 237 92 53 54 48 48 48 49 51 61 202 275 203 50 47 44 44 44 44 45
43 42 44 43 46 46 75 76 51 45 45 44 42 44 49 45 46 88 117 65 43 44 44 43 44 41 44
40 43 48 43 44 44 56 67 45 44 45 41 44 48 44 42 44 61 65 59 46 42 43 42 42 44 43
42 42 45 46 45 50 65 100 57 46 48 45 46 43 46 50 53 129 88 51 47 43 43 43 44 46 42
43 42 44 48 44 47 76 89 51 46 45 45 43 45 49 47 50 132 103 51 49 46 42 43 52 44 42
43 42 44 42 44 45 48 59 42 44 48 44 44 44 44 44 45 59 47 42 44 43 43 44 41 43 48
43 43 47 43 44 46 49 89 62 49 44 45 44 44 45 46 59 71 50 45 43 44 43 43 44 40 46
45 45 44 44 46 52 135 225 166 87 54 53 53 53 54 90 135 186 114 51 47 45 43 44 44 45 46
43 44 44 45 42 47 96 125 121 69 49 49 50 50 52 94 121 137 100 44 45 50 44 43 45 43 47
41 43 43 44 45 43 66 78 74 62 49 45 46 47 51 68 76 82 67 46 45 43 43 49 44 43 45
43 44 46 46 49 60 187 206 232 205 95 61 63 69 132 168 142 156 126 55 46 46 50 44 44 45 46
44 44 46 46 50 75 182 176 230 209 108 65 65 78 161 159 150 157 138 66 49 48 46 44 45 45 45
42 47 45 42 45 45 60 74 73 68 61 49 49 55 70 74 85 72 66 46 48 45 43 43 42 43 44
44 44 53 49 47 51 75 98 132 146 95 67 69 87 122 140 125 88 62 46 47 47 46 44 44 44 44
46 48 160 116 60 64 158 198 260 253 220 173 183 257 241 263 246 211 104 57 54 90 75 45 46 45 46
45 50 62 59 58 58 93 162 190 198 187 165 168 230 210 221 163 103 75 56 51 71 60 45 46 46 45
45 44 43 44 46 46 49 56 76 114 107 105 100 124 105 98 66 49 50 43 46 47 43 44 46 44 45
45 49 47 47 50 50 69 132 147 190 165 178 172 185 165 183 133 76 54 50 49 49 49 44 46 44 44
45 50 47 47 50 51 67 123 145 184 161 177 182 197 158 181 115 83 54 49 47 50 50 44 45 45 44
47 47 43 45 48 47 55 77 108 137 124 118 117 140 124 109 68 55 54 46 48 50 45 44 44 43 44
44 63 46 46 47 47 50 59 83 117 113 93 111 140 136 93 57 49 46 45 47 47 45 46 43 45 44
42 46 48 46 50 48 50 76 109 140 113 101 136 193 134 124 77 53 49 50 49 54 45 43 44 44 42
43 43 45 47 49 46 48 61 84 90 72 75 115 94 109 89 58 48 46 45 50 60 44 45 44 44 44
43 40 44 50 48 43 44 43 45 47 46 46 49 47 50 46 42 45 44 43 49 49 42 42 43 42 44
43 46 42 76 102 47 45 46 48 54 58 66 68 73 65 59 50 44 44 43 64 73 45 43 42 43 47
46 45 49 157 222 63 46 48 52 69 72 74 67 73 66 62 51 47 45 47 100 125 53 45 42 44 44
43 46 43 85 136 60 45 45 46 53 58 55 51 54 54 51 51 46 44 48 79 68 48 47 44 44 44
43 67 44 49 81 56 49 45 49 49 55 52 52 49 52 55 44 44 44 43 93 67 45 44 44 42 44
42 51 47 52 175 101 50 56 54 76 97 86 80 82 79 69 56 48 47 62 198 113 46 43 44 44 45
43 46 45 46 106 89 50 52 59 76 109 108 101 102 92 78 59 49 43 53 85 67 49 44 42 44 44
43 43 44 44 50 50 46 46 50 52 62 74 68 63 64 57 47 45 45 49 49 48 44 42 43 43 44
45 47 47 44 63 82 53 57 70 96 152 167 162 125 112 115 76 55 54 56 73 52 45 43 43 44 45
46 47 52 50 69 105 70 89 118 145 177 243 238 187 170 177 126 84 59 68 92 53 49 45 43 46 45
44 44 46 46 54 69 52 71 83 109 141 163 159 164 154 141 105 67 56 50 63 48 46 48 44 44 44
46 46 45 47 55 74 61 74 93 139 156 176 174 172 165 160 126 78 62 50 54 50 46 44 44 49 45
48 49 49 53 76 127 120 169 199 288 309 274 304 268 226 266 223 151 128 93 92 58 47 46 50 46 46
46 49 48 48 59 77 88 110 129 183 236 227 276 219 184 225 196 102 100 119 79 51 47 46 45 45 48
44 44 45 43 46 46 46 50 50 61 85 88 91 78 87 86 58 48 50 48 44 45 49 43 44 44 42
45 48 43 48 57 53 53 58 63 96 160 183 170 140 134 129 62 53 50 47 50 45 45 47 44 43 44
47 46 41 46 58 52 53 58 70 99 138 177 173 130 127 103 60 52 50 48 51 45 45 49 44 44 44
42 44 49 45 48 46 44 47 50 56 64 85 85 71 61 53 47 46 45 45 46 43 44 48 44 42 43
44 44 42 44 50 45 44 45 44 46 48 49 51 50 46 46 44 44 44 42 44 42 43 46 42 43 47
50 43 50 57 54 57 51 51 54 59 59 66 64 56 56 53 45 47 46 44 46 46 43 44 45 43 45
53 51 61 55 68 77 64 62 64 72 78 81 72 66 67 63 55 52 51 50 49 49 45 45 44 44 49
50 47 52 45 48 50 47 49 55 52 54 56 52 49 52 48 54 48 48 48 44 45 45 43 44 42 45
56 52 46 45 48 46 48 47 43 47 52 51 46 47 48 46 50 46 45 47 45 46 46 43 44 50 45
89 93 58 57 63 54 67 60 54 56 59 67 60 54 57 61 60 58 55 55 53 68 53 46 44 51 47
94 95 64 63 64 58 67 66 66 64 65 81 68 63 68 69 76 76 68 67 62 74 70 46 45 47 51
65 55 49 46 50 53 51 52 51 50 51 56 52 52 55 57 64 60 59 51 61 52 51 47 44 44 50
47 46 45 45 43 45 50 46 46 46 46 48 46 46 47 49 49 55 49 45 47 45 45 44 45 45 51
50 49 47 42 44 45 48 48 44 47 52 51 47 48 48 49 51 52 51 47 50 51 44 43 44 48 57
