43 49 44 44 45 44 57 437 132 50 45 51 51 47 46 47 49 93 191 58 52 41 44 48 44 44 44
44 43 46 46 47 48 65 634 158 54 47 56 56 50 51 52 55 209 543 62 50 45 49 45 44 44 45
43 47 44 42 46 47 56 131 53 46 48 46 46 45 44 45 46 81 287 57 46 45 44 43 43 44 48
43 45 44 42 44 44 51 73 49 44 49 45 44 44 43 43 44 48 76 51 43 43 44 42 43 47 44
42 43 47 44 43 44 52 69 47 43 44 47 45 44 44 42 46 51 77 49 45 42 43 44 44 43 44
44 44 46 44 50 54 86 130 48 43 45 50 45 44 45 44 43 50 101 54 47 44 44 46 43 44 45
43 43 45 44 46 46 106 138 48 44 45 45 44 45 44 45 45 52 161 73 44 44 43 44 41 44 44
46 43 43 43 46 45 66 65 44 41 44 47 44 46 44 43 43 46 92 54 44 43 44 43 43 43 44
43 44 44 44 45 55 141 106 47 45 46 44 49 45 50 46 45 62 139 125 45 45 43 44 42 44 47
44 44 44 43 47 76 156 123 58 45 46 46 46 46 47 46 46 92 197 215 47 46 43 44 44 43 45
43 44 42 44 51 67 191 139 61 46 46 46 47 46 46 48 48 109 208 250 48 46 45 42 44 44 44
44 43 44 44 44 50 117 115 55 46 44 44 46 45 45 46 51 78 133 109 45 44 44 43 44 44 43
46 50 44 44 46 100 341 287 121 57 50 48 50 50 50 52 66 222 302 203 49 44 45 46 46 45 45
43 45 47 43 45 61 215 213 106 49 49 51 48 47 49 49 69 218 288 169 47 44 44 44 44 46 45
42 42 44 43 44 45 60 71 48 43 44 43 44 44 42 44 44 59 84 50 43 43 48 43 42 43 44
43 42 43 43 44 46 63 98 53 45 46 44 44 44 44 44 49 70 70 54 49 43 44 43 42 43 48
42 43 44 44 44 48 65 86 63 46 47 44 46 45 46 44 62 132 91 49 45 46 44 43 44 42 44
40 43 49 43 44 44 50 57 46 44 44 44 44 44 44 44 45 68 63 42 44 49 44 44 43 42 43
41 43 43 43 45 42 46 56 47 46 44 42 44 44 44 44 44 51 46 47 44 46 44 42 43 43 43
43 42 44 43 45 43 46 94 63 54 45 44 45 46 45 47 50 67 50 43 45 46 44 46 44 42 44
44 45 45 45 46 44 54 118 94 57 45 47 51 47 45 55 81 121 60 46 47 45 46 44 42 44 44
43 45 44 42 44 44 50 66 62 50 51 45 45 45 45 61 71 76 56 47 45 42 42 44 41 43 49
43 44 44 44 47 47 89 124 111 106 58 52 49 53 63 109 110 112 78 50 46 43 46 42 43 49 44
46 44 46 45 46 52 99 129 121 152 73 63 54 60 95 114 99 122 92 50 47 45 43 45 44 43 44
43 44 49 44 45 49 83 100 113 109 61 56 51 56 88 95 90 102 78 47 46 44 44 44 44 46 44
42 44 44 43 45 46 60 72 74 66 55 48 48 52 63 78 84 68 55 44 45 44 44 43 43 48 44
48 42 48 45 48 59 118 135 165 170 118 73 74 77 161 204 175 130 104 50 48 47 44 44 48 44 43
56 56 51 51 56 56 140 186 241 267 180 161 157 249 277 313 283 236 130 64 52 58 49 45 46 46 46
49 49 55 51 53 55 78 140 177 187 153 145 162 241 214 232 164 100 65 50 50 49 46 44 45 45 45
46 52 43 47 52 54 68 99 83 116 115 112 110 144 129 114 97 82 51 51 47 46 46 42 43 45 45
44 57 44 47 46 50 91 112 108 129 121 118 136 152 122 129 101 93 53 47 47 46 46 44 48 47 46
45 65 43 46 50 50 78 127 127 166 139 123 149 193 143 153 99 94 54 47 49 46 46 52 52 45 46
46 46 45 46 49 50 60 105 125 206 143 148 164 169 182 142 81 72 52 46 49 46 46 45 47 44 48
46 46 49 46 53 55 61 110 120 159 199 296 276 291 231 200 108 70 59 50 53 50 48 45 45 44 45
45 46 47 49 54 54 63 117 129 190 200 236 235 304 198 180 115 76 50 51 58 52 70 52 43 45 46
43 45 48 51 48 50 57 83 102 122 104 115 164 125 120 107 73 51 48 42 46 51 92 47 44 45 44
40 45 52 54 49 45 45 46 49 56 56 54 56 59 54 51 45 43 44 38 43 54 67 43 43 46 43
42 47 68 118 98 51 46 49 52 60 66 72 62 72 68 63 56 46 44 44 53 88 135 43 43 46 44
44 51 60 140 122 57 48 53 52 67 76 70 57 74 66 60 56 43 45 50 67 111 137 43 43 44 44
44 46 45 104 106 51 45 45 45 54 59 55 51 54 57 53 45 45 42 43 72 89 66 44 42 43 44
43 48 44 48 108 54 44 45 42 50 63 53 49 52 57 54 46 43 42 45 87 100 50 44 44 44 42
44 47 48 52 300 148 51 53 58 90 130 108 91 114 102 89 65 51 48 57 228 233 52 44 44 44 45
43 54 43 48 166 108 52 55 60 85 140 132 109 122 116 90 60 51 47 59 108 121 51 44 44 42 44
48 46 44 44 52 53 46 45 48 51 64 69 65 58 61 54 46 45 45 46 54 48 44 48 44 42 44
43 42 45 44 71 101 56 53 76 92 96 101 95 80 81 80 70 54 49 59 79 61 46 43 44 46 45
45 43 46 50 80 126 71 84 117 121 103 121 122 99 98 109 99 84 57 75 106 71 51 44 46 44 43
44 50 45 48 56 83 58 80 84 107 101 101 103 99 100 113 94 78 59 61 86 56 46 42 43 44 42
44 48 45 47 55 76 59 86 95 127 139 141 143 140 144 152 100 74 58 51 58 49 46 44 44 42 45
48 50 49 51 84 163 135 186 212 303 358 311 352 311 264 319 233 143 124 100 119 61 54 48 46 47 47
44 46 48 47 58 75 80 93 94 127 202 199 236 197 170 196 122 80 88 104 86 50 48 44 45 47 43
43 43 45 44 46 49 46 46 47 52 69 76 63 59 67 59 48 49 55 49 47 44 44 44 44 43 44
43 47 43 43 50 45 47 52 49 57 76 84 72 67 66 58 46 47 47 44 46 44 44 45 41 43 49
45 49 48 44 51 54 51 53 61 65 78 108 100 76 71 63 51 47 50 46 49 46 44 44 44 41 44
44 47 43 43 46 44 46 53 49 51 57 72 73 59 55 52 46 45 40 44 51 44 43 44 42 43 44
45 44 43 44 42 46 50 45 45 48 49 54 54 47 48 51 44 45 44 38 44 50 44 46 43 42 43
47 44 46 47 49 56 45 51 59 59 62 68 66 57 57 52 47 46 47 42 46 49 44 43 44 42 44
53 46 58 54 67 81 70 74 78 89 101 107 100 86 81 76 63 56 56 60 52 48 48 43 46 45 46
46 51 48 45 52 54 55 54 56 63 73 82 71 68 68 60 56 52 50 56 49 45 46 42 44 45 46
47 46 46 45 48 46 48 49 49 53 60 63 61 58 55 52 49 50 45 47 53 46 45 44 42 46 49
55 58 54 50 58 54 61 60 58 61 69 83 72 66 67 61 68 59 52 54 50 57 53 45 44 49 48
59 76 62 68 69 68 65 76 85 81 83 109 95 82 87 87 101 93 74 65 64 73 63 48 48 47 59
60 56 50 56 56 56 55 57 61 60 62 68 65 61 65 72 89 83 78 55 61 53 53 49 50 46 55
46 46 44 45 46 46 47 45 46 51 47 49 49 46 50 51 52 50 52 43 49 49 45 44 46 44 59
45 41 46 48 46 50 49 46 49 49 50 53 52 51 51 52 57 52 49 45 51 53 46 44 44 48 58
