42 44 50 45 45 47 114 556 64 53 51 50 49 50 51 54 56 98 715 160 53 45 46 42 44 48 45
44 47 44 43 45 42 54 78 47 44 45 44 46 46 45 47 48 66 415 62 44 44 44 44 41 44 44
43 43 44 44 45 44 53 80 44 44 44 43 45 41 44 49 46 50 118 53 46 42 43 42 43 44 41
43 42 44 45 45 46 71 138 45 46 43 44 42 44 49 44 43 46 78 48 48 44 41 43 49 44 42
42 43 44 43 45 44 53 69 44 43 44 43 44 44 41 43 43 44 76 50 47 44 41 43 42 43 44
42 43 44 44 46 43 55 56 42 43 43 43 44 41 44 49 45 44 59 48 44 43 42 42 44 41 44
44 43 45 44 45 44 95 98 47 46 45 44 47 46 44 46 44 47 76 59 44 44 42 43 44 43 45
44 44 44 44 43 47 158 157 51 48 47 46 47 44 48 51 53 55 190 123 45 44 43 43 42 43 43
43 43 44 44 44 46 68 75 46 45 44 44 45 44 44 44 44 48 125 96 46 44 42 42 42 43 44
42 44 43 44 46 48 120 108 50 46 45 44 46 42 45 51 44 55 109 104 45 43 44 40 43 49 44
48 45 46 46 46 92 367 337 116 54 51 50 50 49 52 55 60 133 287 302 49 46 49 45 45 44 44
43 43 45 45 45 63 217 260 96 51 48 48 48 49 51 50 62 168 301 296 55 45 44 44 43 44 45
43 46 49 44 43 44 63 71 48 44 45 45 44 44 45 46 45 92 146 104 49 44 43 43 42 43 45
43 44 51 44 44 45 58 83 49 45 45 47 45 45 45 44 47 91 137 71 46 50 44 42 43 43 43
47 44 43 44 44 45 58 76 51 47 46 47 46 44 46 46 54 151 184 81 44 46 46 43 44 44 45
46 44 42 43 43 43 45 46 44 45 44 45 44 42 44 44 45 64 66 49 44 44 43 44 43 43 49
42 50 46 42 44 42 44 48 45 44 44 43 46 44 43 43 47 78 56 47 46 44 44 43 43 44 45
43 47 44 42 44 42 45 55 46 45 48 44 45 45 43 44 47 96 72 49 42 44 45 42 45 45 44
40 43 48 44 43 44 44 51 48 46 45 44 44 46 45 44 51 85 50 44 44 45 44 43 48 43 45
42 43 39 42 44 44 45 52 49 46 46 44 42 43 44 45 47 63 51 44 43 44 42 42 43 43 46
44 44 43 44 47 45 67 118 93 59 49 47 48 46 50 68 91 119 65 46 45 44 44 44 44 44 44
42 46 51 48 47 50 180 270 229 157 71 64 63 68 88 170 193 228 166 63 48 45 46 44 45 46 45
44 42 45 50 46 47 109 131 149 109 64 56 55 58 95 138 148 175 138 55 47 46 43 44 45 44 48
43 41 44 49 45 44 59 64 66 63 53 49 47 48 67 75 70 79 71 46 46 44 42 43 43 43 47
46 46 44 49 58 56 172 197 214 209 126 76 73 78 175 186 157 157 136 62 48 47 47 44 44 43 46
46 51 51 63 71 70 163 216 224 212 190 111 95 156 265 245 213 184 176 78 54 55 49 44 45 43 46
42 45 45 78 62 48 63 74 101 104 82 60 65 82 112 124 116 92 70 51 54 51 49 43 43 44 42
46 56 53 76 54 54 98 173 247 222 194 146 184 268 230 260 202 165 78 56 52 105 78 45 44 44 46
45 60 77 132 54 62 109 195 226 219 214 201 214 273 203 236 190 139 82 55 53 75 62 46 45 44 45
45 45 46 60 50 55 70 117 146 181 180 171 156 176 159 165 125 90 58 50 52 70 86 46 43 44 45
44 44 44 47 47 48 50 63 86 137 143 144 159 166 119 108 68 53 51 46 50 50 47 44 42 43 47
46 56 52 54 51 53 64 153 195 250 226 229 242 258 190 244 131 72 63 51 53 54 47 44 44 46 46
49 48 51 50 49 51 63 143 186 217 186 219 210 212 183 188 123 72 60 50 50 56 47 44 45 44 45
44 44 44 50 46 44 48 56 75 91 89 103 108 115 84 89 56 47 47 47 46 49 45 42 43 43 43
45 44 43 44 45 44 47 50 65 101 74 68 83 98 86 71 49 46 49 42 46 50 43 44 46 43 44
43 48 45 46 51 46 49 56 66 103 87 86 118 105 103 73 53 47 50 44 51 66 42 44 48 43 43
43 44 44 44 51 46 44 46 45 62 71 59 70 61 55 49 47 45 44 44 47 53 44 40 43 48 44
48 45 45 51 60 46 44 44 45 43 49 54 48 48 51 47 43 42 43 43 48 51 41 43 48 43 43
44 48 44 115 203 68 47 48 46 56 73 69 58 73 65 56 45 45 45 45 87 107 49 49 44 43 46
43 45 46 93 238 72 48 46 46 48 56 58 51 57 57 49 46 46 45 47 86 99 51 46 45 49 44
41 67 48 51 102 57 43 44 46 45 48 45 48 52 49 44 43 44 44 46 80 89 46 50 44 42 45
43 54 47 51 180 127 47 46 50 59 72 72 74 73 67 57 49 46 51 51 169 159 47 43 44 44 47
44 45 45 53 117 89 47 49 50 58 79 89 83 85 79 62 51 46 47 49 84 95 47 44 44 43 44
42 45 43 44 53 51 48 46 44 49 56 61 60 55 56 56 50 45 47 46 48 51 44 43 43 43 43
48 46 46 47 56 77 56 55 62 87 120 149 149 116 105 98 68 52 47 51 62 53 47 42 43 48 46
49 51 51 50 59 81 58 72 111 156 209 285 286 226 202 183 118 74 57 55 77 61 49 45 44 46 46
44 47 43 46 53 51 50 56 65 94 120 140 140 138 126 112 76 56 49 50 51 48 46 42 43 44 44
44 46 46 47 54 72 59 82 98 138 162 175 173 171 162 164 130 79 54 50 58 50 48 44 43 44 45
47 51 47 54 69 111 118 170 190 278 283 273 289 258 222 258 220 141 109 74 96 57 51 46 44 46 46
46 47 46 50 53 65 78 95 121 162 191 204 257 209 170 210 193 93 92 91 73 52 47 44 45 43 46
44 44 44 45 46 46 46 50 55 66 79 91 94 83 92 91 53 48 52 46 47 46 43 43 43 43 44
47 53 49 52 53 58 58 70 89 155 230 266 254 214 202 195 94 59 56 54 53 54 47 43 44 44 45
47 48 46 47 52 52 54 62 78 117 160 190 182 159 158 132 74 55 52 52 52 50 46 43 44 44 46
44 44 42 44 45 44 46 43 48 58 59 70 70 59 57 55 48 44 48 43 44 45 42 44 48 43 43
44 45 45 43 46 45 45 46 46 48 51 61 55 48 50 47 45 44 44 44 44 44 43 44 46 44 42
48 44 52 51 57 67 56 60 61 71 81 91 85 72 72 66 63 51 46 50 47 46 45 43 45 47 45
53 48 53 48 58 61 59 57 62 70 74 81 75 68 71 65 57 54 50 51 50 46 48 44 46 44 44
47 46 44 44 51 46 45 46 46 47 51 50 51 54 50 47 46 46 46 45 46 42 44 48 44 43 44
57 54 51 46 51 53 51 51 50 50 55 59 56 53 55 51 49 49 49 49 48 49 45 47 44 46 44
95 102 69 68 71 63 71 71 72 72 81 100 87 80 80 69 78 68 63 68 59 74 55 49 44 51 49
79 69 56 63 61 57 61 64 71 70 74 91 89 75 78 77 84 67 67 62 58 62 60 46 44 46 48
61 48 46 50 48 45 48 48 50 51 51 56 59 52 54 54 59 53 56 46 48 49 46 47 45 44 47
47 46 44 45 51 46 47 47 45 46 48 49 51 51 50 50 54 50 48 45 47 49 46 45 41 44 57
52 53 49 45 43 47 58 52 48 50 50 55 56 52 55 60 65 57 46 48 54 53 47 42 43 54 64
