42 44 46 46 46 48 96 353 63 55 54 52 50 51 62 62 99 492 206 47 46 43 44 44 44 45 43
44 43 46 43 46 47 76 123 47 47 52 45 45 46 46 47 50 309 163 46 47 45 43 43 43 43 46
43 42 45 43 50 47 103 168 50 46 46 45 46 44 46 47 50 142 109 55 46 45 48 44 43 43 45
42 42 44 44 44 44 63 81 51 46 44 44 44 44 46 42 49 94 86 45 46 42 43 48 44 42 44
42 43 42 43 44 44 62 57 45 44 46 44 44 44 43 43 45 55 53 42 45 43 43 47 44 42 43
42 43 43 43 46 46 71 57 44 49 44 42 44 43 44 44 44 53 56 43 44 48 43 42 43 42 44
43 39 44 43 46 56 159 111 48 47 46 46 46 46 46 46 48 94 102 45 45 47 44 42 43 43 44
47 41 44 45 46 55 107 94 48 45 46 44 45 45 46 47 47 95 102 45 45 44 44 44 43 44 43
42 43 43 44 48 49 86 71 44 46 42 44 44 45 44 46 46 70 78 44 47 41 43 44 42 43 45
43 47 46 44 48 82 219 173 79 51 52 48 49 48 47 51 75 142 169 59 43 44 45 44 44 45 48
42 44 50 46 48 103 307 277 126 57 54 53 52 54 54 61 140 222 289 99 49 45 44 46 44 45 46
42 44 48 44 44 52 106 121 67 47 47 49 46 46 47 46 72 120 116 49 45 43 44 44 44 47 44
42 51 44 44 46 45 81 92 53 44 45 44 45 45 43 46 51 84 62 46 45 44 44 44 44 48 44
43 44 46 43 47 57 156 187 83 51 49 48 48 50 52 51 86 205 96 52 45 45 42 45 49 44 44
43 42 44 48 45 44 64 96 53 46 45 45 44 45 49 46 57 94 60 44 45 46 44 44 44 44 44
43 42 46 49 44 43 45 46 44 44 43 44 44 44 46 44 43 48 50 44 44 44 42 43 43 43 44
42 44 42 44 48 44 54 63 48 45 45 43 44 42 44 48 46 60 56 46 44 44 44 42 43 44 44
44 44 42 44 50 44 61 102 63 49 47 45 46 46 47 50 63 71 53 51 44 44 45 42 43 44 43
42 43 44 41 44 47 46 57 49 44 44 44 44 44 43 45 47 58 47 44 44 41 43 43 43 44 41
43 43 46 44 44 47 50 61 54 45 45 50 45 43 45 46 50 65 50 44 44 42 43 43 42 43 42
44 44 46 42 46 54 143 277 196 120 64 59 56 62 73 110 175 195 116 51 46 46 43 44 48 44 44
45 46 45 46 47 54 155 250 235 162 71 63 63 65 82 168 200 212 123 50 50 46 47 45 43 44 45
43 45 44 45 44 48 73 100 110 80 60 51 51 53 62 82 107 125 96 46 47 46 44 47 45 42 47
44 46 44 49 52 95 245 263 256 258 153 85 78 99 183 193 172 194 161 64 53 51 46 48 45 44 46
44 46 46 51 56 95 279 258 270 266 204 113 99 120 216 198 191 212 191 113 58 60 46 45 45 45 46
45 43 46 49 49 55 129 155 169 165 132 79 76 118 183 192 198 176 144 75 54 57 45 43 44 44 45
45 44 46 60 49 51 104 135 183 189 133 83 97 116 203 210 153 123 74 50 49 64 47 44 43 44 44
50 57 55 195 87 101 306 401 471 469 407 367 386 488 437 456 408 390 150 60 75 128 47 48 50 47 50
48 54 48 98 95 106 204 300 416 347 370 379 324 408 350 337 276 218 108 58 103 109 51 50 46 52 49
50 46 46 51 49 54 85 148 201 222 268 268 244 274 216 190 162 100 62 53 50 50 46 42 45 50 46
47 46 47 49 48 62 125 186 159 201 201 184 204 203 167 188 157 141 70 48 51 46 46 48 45 45 47
44 50 46 52 50 65 117 177 176 187 185 165 172 219 163 192 139 122 66 51 57 48 46 44 44 48 46
43 43 45 50 52 52 86 126 127 148 115 98 107 129 123 122 96 80 53 47 53 47 43 44 48 44 45
44 45 44 45 45 46 56 63 79 99 78 68 78 104 105 101 60 52 47 45 46 44 44 44 43 44 48
45 43 44 53 50 49 56 79 112 127 109 115 119 143 107 132 72 61 54 49 63 49 43 43 44 44 45
43 45 44 47 70 68 60 69 97 129 136 152 127 142 131 117 66 58 52 56 82 59 44 44 40 44 48
43 42 44 42 59 56 44 46 45 49 53 51 54 50 49 48 50 43 43 51 59 51 44 41 43 47 44
48 44 46 46 163 131 52 49 50 53 58 62 54 56 63 56 49 46 47 60 111 72 44 43 44 44 44
44 48 45 44 192 156 51 51 48 56 55 49 48 51 52 51 46 50 46 52 140 78 46 44 44 44 45
43 52 53 47 87 148 46 46 43 45 49 46 44 44 45 45 41 44 49 46 77 47 42 46 44 44 44
43 56 62 50 59 74 46 42 44 50 46 44 46 44 45 46 44 43 41 43 52 44 44 49 44 45 50
44 57 46 45 49 46 44 43 44 45 44 46 50 46 45 45 39 43 44 45 44 44 43 43 45 41 44
44 48 45 43 47 64 50 51 53 67 91 86 68 76 78 69 58 50 46 43 48 49 44 47 46 42 45
42 46 43 44 46 50 47 44 49 61 65 72 59 59 59 56 51 46 45 43 46 50 44 42 44 42 44
44 42 44 45 45 49 47 52 57 68 88 96 95 92 88 82 62 51 47 45 46 48 45 42 43 43 50
46 44 45 50 52 54 70 92 137 188 221 310 319 261 234 205 150 101 61 49 54 50 51 45 42 46 53
43 45 45 44 46 48 55 63 78 108 125 137 133 130 126 126 99 69 55 48 47 47 45 44 46 46 43
44 44 45 46 48 60 66 90 108 148 161 160 143 148 160 162 140 90 59 50 49 48 46 43 44 50 46
52 47 46 50 52 92 119 168 205 231 238 213 205 195 178 204 190 145 107 85 83 51 46 45 45 47 46
49 46 44 48 48 56 82 105 141 169 186 184 200 170 142 184 195 118 98 87 62 49 44 45 44 45 49
44 49 44 45 47 46 53 59 65 88 112 133 164 114 121 138 88 56 51 47 48 46 44 46 44 42 44
47 45 46 50 51 57 67 81 100 165 258 281 306 234 226 241 107 73 59 51 51 50 44 45 48 45 45
46 46 42 47 47 49 60 63 74 102 144 188 198 158 153 140 72 60 51 48 48 47 45 44 46 44 44
43 44 44 48 45 43 46 45 47 52 56 70 77 64 56 55 49 46 49 44 43 44 43 43 44 43 44
43 44 43 45 51 46 46 48 48 53 60 70 72 64 55 52 50 47 42 43 44 43 43 44 42 43 45
46 47 55 55 63 68 60 63 66 74 83 97 95 83 77 67 62 55 51 53 47 45 45 43 44 44 43
48 47 55 48 58 63 58 59 62 69 75 82 76 69 77 65 59 55 51 49 48 46 43 44 46 41 45
46 48 47 44 47 43 47 53 47 48 51 51 51 49 49 49 47 48 46 44 45 45 44 44 40 43 50
60 60 58 49 52 50 53 56 58 54 57 64 58 57 57 53 57 53 52 51 48 49 45 43 44 44 42
82 88 57 63 66 63 72 71 74 73 81 100 89 85 83 74 75 70 57 63 62 69 49 46 42 44 46
64 60 49 54 54 53 62 61 66 66 70 90 82 72 74 76 74 64 62 53 56 63 50 45 44 44 47
59 46 45 46 45 45 52 48 47 49 50 54 53 50 52 57 56 50 49 41 44 46 46 43 43 46 46
48 46 49 44 44 44 46 46 46 46 47 53 50 48 49 49 50 51 45 44 46 44 46 43 44 47 51
47 51 46 44 46 44 45 46 45 46 48 49 50 52 49 48 53 48 46 50 46 46 46 42 43 48 64
