41 43 45 44 46 43 42 44 43 43 44 41 44 48 44 42 44 43 42 43 43 43 44 44 44 44 50
43 43 40 43 44 43 47 44 42 43 43 43 44 41 44 48 41 43 42 43 45 44 45 43 44 49 46
42 44 42 43 49 43 42 45 43 43 44 42 44 46 45 43 42 42 43 48 44 43 45 43 44 48 48
42 43 44 43 48 44 42 44 43 43 44 41 44 48 44 43 43 42 44 48 45 41 46 50 45 50 54
44 43 43 44 44 43 44 42 43 48 44 43 44 42 44 44 43 43 47 42 44 45 44 47 56 68 68
42 43 43 44 45 41 43 49 44 43 44 42 44 44 43 44 43 48 45 44 47 49 52 68 111 169 93
43 43 47 42 44 43 43 44 41 44 48 44 43 44 44 44 42 46 52 48 63 90 97 160 128 82 63
44 42 44 44 44 42 43 44 43 44 43 44 43 44 42 44 43 47 45 48 52 60 55 53 51 47 48
42 43 43 44 43 43 42 43 43 43 46 43 48 43 43 43 43 43 45 43 44 43 46 45 44 44 46
43 41 43 43 44 43 44 43 43 43 43 43 42 43 44 43 42 43 44 39 44 51 55 47 44 43 43
41 44 43 43 44 41 45 48 44 43 44 42 44 44 44 45 46 44 47 53 47 58 165 99 53 54 44
42 42 44 43 43 43 44 44 43 43 44 45 44 42 44 44 43 41 44 49 45 45 76 63 46 46 44
43 48 43 43 44 42 43 43 43 44 42 43 47 43 42 44 42 44 42 44 50 44 57 84 46 46 44
43 44 46 44 44 44 42 44 48 44 44 44 44 44 50 46 46 50 47 52 60 63 192 312 135 62 52
43 43 44 43 44 44 44 44 42 44 48 44 43 44 45 46 51 50 51 58 56 63 209 320 247 77 54
47 43 44 44 42 43 44 43 44 41 44 48 44 44 44 45 48 46 47 48 50 50 83 200 178 70 50
46 45 44 43 44 43 44 43 44 46 44 44 45 43 45 46 47 49 55 52 55 61 121 296 272 124 56
44 48 44 43 45 43 44 45 44 44 45 44 46 45 45 48 50 49 57 59 67 81 190 314 356 333 59
43 49 44 43 44 42 43 44 43 44 42 44 47 44 43 45 46 46 49 51 53 57 85 179 231 191 56
44 43 42 43 42 43 49 44 43 44 42 43 44 43 44 46 43 45 46 46 46 47 52 87 114 99 55
44 44 40 44 46 44 46 44 42 43 44 43 44 41 44 51 44 48 49 49 54 57 71 107 162 197 100
43 44 44 44 47 44 43 43 43 44 44 42 45 49 45 45 46 49 51 53 55 59 80 145 189 240 176
41 43 46 43 46 43 42 43 43 43 44 40 44 49 44 43 45 44 45 50 49 50 58 76 91 84 92
44 43 46 44 44 47 44 42 43 44 44 44 42 45 52 48 51 55 58 65 93 137 175 205 160 128 78
46 45 46 47 46 46 46 44 44 44 44 46 43 50 59 61 71 83 114 217 262 344 339 432 327 196 85
44 44 48 43 44 44 43 44 47 44 45 44 43 47 51 55 62 70 125 197 229 240 228 184 144 82 58
44 43 49 43 44 44 42 44 48 44 44 44 44 49 54 72 96 116 148 184 265 263 204 127 80 68 57
46 46 46 46 44 46 49 46 46 46 45 45 49 70 129 274 279 287 285 332 379 403 380 251 129 91 73
44 44 44 44 45 45 42 44 49 44 45 44 46 69 168 270 233 216 185 191 168 174 155 98 69 62 57
42 43 44 44 44 41 44 48 44 43 44 42 45 57 82 167 169 136 100 88 72 61 59 50 49 49 46
44 44 45 44 45 44 44 42 44 49 45 43 53 210 227 243 210 192 129 146 97 78 64 54 54 55 48
44 49 45 43 45 43 44 44 44 44 46 44 113 266 246 226 193 154 165 115 99 88 83 57 56 54 51
43 44 49 43 44 44 44 44 44 44 44 44 71 210 237 203 156 136 86 73 64 54 52 49 48 48 47
43 43 49 44 43 43 42 43 44 43 44 45 47 140 154 149 129 78 64 50 50 54 48 46 46 44 45
48 44 44 44 43 43 44 44 44 44 44 45 57 207 177 162 148 114 63 52 53 49 50 53 47 46 47
44 44 42 43 43 43 44 42 44 48 44 44 52 182 139 124 98 78 62 49 49 51 47 46 50 45 46
42 46 44 42 44 42 43 44 42 44 44 43 46 92 92 87 84 60 56 45 46 46 45 45 46 44 46
42 48 44 42 44 42 43 44 43 44 44 43 46 75 95 113 103 68 59 51 48 47 46 45 48 45 44
43 43 41 44 43 43 48 44 42 44 43 43 46 93 123 130 120 96 82 63 50 50 54 50 47 47 46
43 45 40 43 49 43 44 44 42 43 44 42 46 71 133 133 137 121 97 61 55 50 51 56 48 49 51
42 44 47 43 45 43 42 43 43 43 44 41 44 52 60 71 89 82 64 50 48 49 44 45 45 46 46
40 44 49 44 44 43 42 43 44 43 44 41 44 53 66 95 96 86 78 54 50 46 47 46 46 48 43
43 41 44 47 44 45 44 42 43 44 44 44 42 51 77 100 107 93 100 66 55 56 59 57 58 53 50
42 41 44 47 44 44 44 42 43 43 43 44 42 46 54 63 77 74 71 53 49 48 51 53 47 54 56
43 43 47 42 43 44 41 43 48 43 43 43 43 44 46 48 59 58 58 49 46 46 48 46 49 51 53
44 44 45 44 44 44 44 44 46 44 43 44 45 48 52 70 111 102 88 79 77 95 125 145 251 183 115
46 47 47 47 46 46 49 46 45 46 45 45 47 50 60 80 118 121 136 195 213 287 370 379 673 477 265
45 46 45 46 46 45 47 44 43 44 45 44 46 47 54 64 77 104 162 177 186 218 205 164 302 308 247
43 45 45 45 46 44 45 48 44 44 44 44 46 54 56 69 138 169 200 239 306 339 210 107 118 141 81
46 46 45 46 46 45 45 43 45 49 46 44 47 58 64 76 188 246 263 354 460 330 145 112 113 129 84
46 50 47 46 45 43 44 44 44 46 44 46 51 58 64 75 136 347 317 349 354 170 112 97 112 143 121
45 45 45 44 45 44 46 42 44 45 44 44 50 52 56 63 79 231 307 177 136 94 87 85 91 93 92
45 48 54 47 45 46 45 46 46 45 45 50 47 55 61 74 99 216 280 205 180 136 147 132 152 140 106
53 52 51 52 49 48 47 51 46 46 49 46 47 51 56 64 85 110 127 138 160 141 185 180 222 223 144
56 48 46 46 49 49 48 44 44 46 44 45 45 44 47 51 56 61 68 69 83 91 110 102 124 108 134
46 51 47 46 51 51 46 44 44 42 45 50 45 44 46 48 55 58 64 66 68 72 93 86 95 73 84
56 61 56 52 53 50 48 46 43 46 50 46 45 46 49 51 53 63 65 84 83 94 131 122 110 79 65
51 54 45 47 54 47 46 46 44 44 44 46 46 47 45 52 53 58 60 72 77 91 125 111 101 76 60
46 47 44 44 48 44 47 44 42 44 44 44 45 43 46 51 48 52 53 56 61 69 76 76 65 61 56
44 46 46 44 48 44 43 44 43 44 44 44 45 46 46 47 51 58 51 58 65 71 73 69 60 58 58
47 45 46 45 43 44 49 44 43 44 42 44 46 45 48 53 56 63 58 58 70 109 101 85 70 60 64
43 44 45 44 45 42 44 47 44 43 44 42 44 45 46 46 49 53 51 54 59 72 77 71 66 55 65
43 41 44 48 44 43 44 42 43 44 43 44 44 43 46 44 44 44 45 43 46 48 47 48 47 48 68
43 43 46 43 44 43 41 43 48 43 42 43 43 43 44 42 43 44 44 44 44 43 45 45 43 47 62
