44 69 51 47 46 44 44 43 43 44 43 43 44 43 44 43 42 43 44 43 44 43 43 43 43 43 44
50 193 201 72 56 51 49 47 46 44 44 44 44 43 44 43 44 44 42 43 44 43 44 40 43 48 44
55 86 209 142 60 55 49 47 46 42 44 49 45 42 45 43 43 43 45 42 44 44 43 44 44 44 44
47 55 81 132 63 54 46 45 45 43 44 48 44 43 44 42 44 43 44 42 44 42 43 44 42 45 49
44 50 53 79 86 78 47 44 44 44 43 43 48 44 43 43 40 43 45 43 44 43 42 43 43 43 44
53 75 77 205 370 374 67 61 56 51 43 44 49 44 44 44 43 42 44 43 44 44 43 44 47 44 45
61 88 106 796 151 112 68 59 55 49 45 45 42 44 48 44 43 43 44 45 44 44 46 44 46 44 43
51 55 53 73 50 46 45 44 43 44 41 44 47 44 46 44 42 43 43 43 44 43 41 43 46 44 47
45 64 77 56 52 46 46 43 44 43 44 48 44 44 44 42 43 42 43 48 44 43 44 42 43 43 43
74 143 125 64 52 51 54 46 45 44 42 43 45 43 44 45 42 44 43 49 44 43 44 42 43 44 43
113 201 128 58 56 58 50 47 46 43 43 44 44 44 45 44 42 43 43 42 48 44 45 44 42 43 44
105 101 62 49 48 47 46 45 44 43 44 42 44 43 43 44 42 48 44 43 44 42 43 44 43 43 44
373 324 124 68 62 59 55 52 46 46 48 44 43 44 43 43 40 44 49 44 44 44 43 43 44 43 45
270 280 111 68 58 56 54 50 48 46 42 44 47 44 43 44 41 44 49 44 44 44 42 43 44 43 44
74 63 48 46 46 45 42 44 48 44 42 43 43 43 44 41 44 43 43 40 44 41 43 48 44 42 44
63 58 46 45 47 44 45 41 44 43 44 44 44 43 43 43 43 43 45 38 42 43 44 43 44 43 43
77 62 69 48 47 46 44 45 44 43 44 42 44 46 44 42 44 44 44 44 44 42 43 44 42 44 42
56 46 50 50 45 44 44 42 43 43 43 43 44 43 44 44 43 43 42 44 42 43 47 43 44 44 42
47 46 46 43 45 44 43 44 46 43 44 43 42 43 44 43 42 43 44 44 46 43 46 43 41 43 43
54 53 56 48 51 46 44 44 43 43 44 41 44 48 44 43 42 42 43 44 43 43 45 43 46 43 42
92 106 107 62 62 53 48 47 46 44 44 41 44 48 44 42 42 42 44 42 44 46 44 45 43 42 43
65 84 106 64 53 52 49 46 46 42 44 48 44 43 44 42 42 43 44 43 47 43 43 42 43 41 44
109 158 210 138 112 83 67 57 54 46 46 49 44 43 44 43 43 44 45 42 44 43 44 44 41 44 49
139 183 192 160 143 145 112 71 62 57 44 45 49 44 43 44 39 44 43 45 45 44 45 43 43 44 42
143 271 339 206 186 197 168 140 79 63 45 44 49 44 44 44 44 43 45 44 45 46 42 44 48 44 44
66 104 171 201 210 231 184 142 89 62 47 44 46 44 43 44 42 44 42 44 50 44 44 44 44 44 49
116 274 451 455 493 593 553 407 324 143 59 48 46 46 45 46 44 46 49 46 48 46 45 46 45 46 46
140 304 442 593 527 773 908 797 711 416 97 48 46 47 47 47 50 47 48 46 49 47 49 50 47 48 48
88 159 205 281 350 492 525 604 576 346 79 46 46 50 46 46 44 46 45 49 47 46 46 44 45 46 45
59 64 70 74 94 132 159 160 159 104 52 44 44 44 48 44 43 43 44 44 49 44 44 44 42 43 44
54 66 71 85 92 113 139 176 121 136 81 43 44 45 43 44 43 46 44 43 44 42 43 44 43 44 47
57 69 80 90 82 117 174 187 176 186 107 46 43 44 44 44 41 43 48 44 44 44 42 43 44 43 44
54 70 72 75 78 94 183 360 149 142 84 44 44 44 43 44 42 44 44 44 42 44 49 44 44 44 42
55 69 68 77 85 101 215 324 305 154 52 44 45 43 44 46 42 44 43 43 45 43 44 46 44 45 44
59 71 78 80 91 103 193 258 216 175 57 44 43 44 44 43 43 43 44 38 43 44 44 43 44 46 44
82 80 86 85 108 150 220 265 211 123 50 46 44 45 44 42 44 44 44 43 45 47 44 45 44 42 44
58 59 57 58 68 81 119 118 89 55 45 45 44 42 43 44 43 43 41 43 45 42 43 44 42 44 46
81 121 85 88 122 117 117 109 95 56 44 44 47 43 44 44 43 43 44 42 44 45 43 44 44 44 46
78 114 108 95 124 123 114 125 93 57 46 44 44 44 49 44 42 44 41 44 49 44 44 43 42 43 44
95 137 141 119 131 118 116 120 84 54 46 42 44 46 44 43 43 43 45 41 44 48 44 44 44 42 44
77 159 167 115 99 101 96 92 60 48 45 48 44 44 44 44 42 44 42 43 45 43 44 42 44 47 44
153 478 438 381 233 268 257 187 100 69 50 49 45 44 45 45 45 45 49 42 46 49 46 44 44 44 45
216 649 471 477 320 383 311 206 114 78 51 46 46 46 44 46 45 43 46 47 48 46 46 46 45 46 44
146 415 347 345 220 209 186 111 80 63 46 45 48 45 44 44 44 43 45 46 46 46 43 45 49 45 45
101 264 279 264 180 160 140 85 68 57 45 44 45 44 45 47 43 44 45 45 45 44 44 44 42 44 50
178 398 354 358 273 215 171 107 79 63 46 44 45 43 45 48 44 45 44 45 46 46 46 42 44 49 46
192 402 353 362 358 263 144 102 81 63 48 45 46 46 45 46 44 45 44 45 46 46 46 45 43 45 46
140 427 487 465 360 231 129 106 84 65 49 44 46 49 46 44 46 45 45 49 46 45 46 44 44 45 43
236 854 639 554 550 307 173 135 103 74 50 46 44 46 50 46 46 46 46 47 52 49 48 46 45 47 47
144 461 534 482 275 165 125 100 79 63 48 45 43 45 49 45 44 45 46 46 52 46 45 44 44 46 46
54 71 69 66 54 50 52 46 44 44 43 43 44 41 44 48 43 43 47 43 43 43 42 43 44 45 44
70 98 66 57 55 53 46 47 50 44 44 44 43 43 44 43 45 43 46 43 43 43 43 43 44 42 44
169 130 98 91 69 62 59 52 50 51 44 44 44 42 44 44 43 44 44 47 45 43 44 42 43 45 43
148 152 103 100 77 67 59 57 57 49 46 46 44 43 45 42 44 43 45 40 46 49 44 43 44 42 44
80 77 70 65 59 51 52 53 46 44 44 43 44 44 42 44 44 44 41 44 45 44 49 43 43 43 43
84 81 73 67 64 58 54 46 47 50 44 42 44 42 44 44 44 44 40 45 44 45 50 44 43 43 44
208 149 114 92 86 73 64 58 59 50 45 47 44 43 47 44 43 47 44 54 57 49 51 48 43 43 46
159 120 90 74 69 65 58 54 51 47 45 47 46 45 48 46 44 46 44 50 55 57 55 47 43 44 45
86 72 64 54 52 50 47 46 46 44 44 45 44 45 45 42 44 45 46 42 46 55 48 44 44 43 45
76 67 56 52 50 49 47 46 45 44 44 44 47 44 43 44 46 52 45 44 48 51 49 51 44 44 47
90 73 60 55 52 50 49 46 46 49 44 46 47 43 46 47 55 57 53 46 53 79 58 47 50 45 57
66 60 52 47 48 45 46 46 44 45 45 46 46 44 47 48 53 51 55 51 53 65 54 43 49 47 60
47 45 46 41 44 49 44 43 44 42 44 44 43 44 47 44 44 49 44 43 45 44 44 44 46 46 69
44 44 44 42 44 44 43 44 41 43 48 44 42 43 44 44 43 43 43 44 42 44 48 43 44 47 57
