42 42 44 44 44 42 43 43 44 44 45 46 76 56 44 43 42 44 42 43 49 43 43 43 42 43 44
42 43 48 44 43 44 42 43 44 44 46 48 103 58 45 44 43 43 51 41 44 47 44 44 43 43 43
48 43 44 44 42 43 43 43 44 42 46 61 119 64 49 49 47 45 46 42 44 44 42 44 44 43 44
42 44 41 43 49 44 43 43 42 44 45 60 94 52 46 47 43 44 45 47 44 42 44 43 43 46 44
47 43 42 43 42 43 44 42 44 43 45 66 66 45 44 44 42 43 46 41 43 43 42 44 42 43 47
43 48 44 43 44 42 44 44 44 48 52 204 181 52 46 47 46 45 46 45 44 44 42 44 48 44 42
44 44 42 44 45 44 46 44 48 51 85 355 289 60 51 50 50 50 49 46 46 45 45 47 46 44 47
42 44 40 44 42 43 44 44 49 46 67 152 127 56 46 46 44 46 45 45 44 44 42 45 47 44 45
42 43 45 43 49 44 43 44 42 46 77 101 110 57 49 46 44 44 45 43 44 43 44 44 43 43 44
41 43 46 44 45 44 42 44 44 46 137 107 153 83 50 46 46 47 46 48 45 43 44 44 44 44 41
43 43 45 45 44 46 44 43 45 47 121 119 140 79 55 48 46 47 46 45 45 45 46 45 44 42 44
43 42 44 46 44 44 44 43 46 44 53 71 70 55 50 45 43 45 45 42 44 43 44 45 42 44 49
44 42 43 43 43 43 43 44 50 45 68 95 64 55 46 45 45 44 47 44 43 43 43 44 44 43 44
43 42 44 45 44 42 43 43 44 46 59 98 74 58 45 46 43 45 45 45 46 44 47 44 42 43 43
42 45 44 42 43 42 43 44 42 44 53 62 52 46 43 44 42 44 43 44 44 43 44 42 44 48 43
42 42 44 43 44 43 41 44 49 44 46 53 49 46 45 42 42 43 44 40 44 47 44 42 43 42 43
41 43 44 43 44 41 44 50 48 44 60 58 53 59 43 46 44 44 43 45 42 43 49 44 43 43 42
42 43 44 43 43 43 44 42 45 54 67 70 53 52 46 47 45 45 44 45 43 44 48 44 43 43 42
42 42 43 43 43 43 41 45 49 48 54 61 50 47 46 43 43 44 42 44 49 44 44 43 42 43 45
43 43 44 44 44 43 44 43 44 62 87 78 64 47 50 48 45 46 44 45 48 44 44 44 42 43 44
43 44 49 44 43 44 43 44 53 110 187 152 94 53 65 58 65 63 54 48 46 50 46 46 44 42 44
48 43 43 44 43 44 44 44 51 87 138 127 76 52 54 53 77 74 51 46 46 42 45 52 44 43 44
44 44 43 44 44 43 45 42 51 109 148 127 92 53 62 60 79 82 70 49 47 47 44 47 48 44 44
43 46 44 44 45 43 46 47 72 176 164 132 114 63 97 93 99 112 113 79 50 45 48 53 44 45 44
44 44 45 42 46 49 45 45 68 174 171 134 84 69 85 113 117 146 133 153 55 47 53 52 44 44 45
43 45 49 43 46 45 45 48 63 151 157 126 95 106 129 180 171 168 148 93 52 49 52 54 47 44 43
44 45 43 49 47 46 51 49 79 157 225 215 192 192 205 283 218 227 175 105 60 50 56 61 46 48 46
48 50 49 49 51 48 49 59 166 266 341 404 401 431 410 506 379 430 383 291 118 60 68 85 51 47 49
44 48 51 46 48 46 47 50 110 193 246 285 285 394 405 370 260 304 225 198 78 57 62 75 49 45 47
43 44 43 44 45 44 45 43 53 75 94 115 134 151 133 183 136 180 111 73 50 47 53 52 45 45 48
44 42 45 49 46 44 45 46 51 107 118 137 127 130 120 139 130 150 106 107 53 49 49 53 42 44 49
45 43 44 44 44 44 43 48 60 93 107 127 122 131 120 123 115 111 92 95 57 49 50 51 44 44 46
44 43 45 44 44 44 45 45 50 78 90 95 96 111 105 113 89 86 74 64 46 45 48 48 44 45 44
43 46 42 43 45 43 44 42 45 53 54 62 71 82 72 99 70 78 62 49 46 44 45 46 44 43 44
43 44 44 44 46 44 47 45 49 56 63 81 134 175 136 140 101 96 78 60 49 50 49 51 44 43 46
42 44 44 43 45 43 45 48 50 54 64 90 107 164 118 118 104 91 73 60 47 47 53 52 45 44 44
42 43 44 43 44 44 44 47 45 46 49 58 73 101 64 71 75 67 60 47 43 45 51 50 43 43 43
43 42 43 43 44 44 42 43 48 46 46 53 65 72 59 53 63 62 56 46 48 44 45 58 44 43 44
43 40 44 43 44 43 44 43 45 48 48 70 84 83 70 66 72 68 75 53 49 45 54 158 64 43 44
44 44 48 45 42 44 49 45 46 50 50 68 91 95 85 77 81 72 70 58 46 46 99 311 113 49 44
43 43 44 44 44 43 44 45 43 47 54 56 77 89 73 70 76 70 63 49 46 43 74 210 67 44 44
43 44 43 44 44 44 44 42 47 56 54 63 106 139 108 98 101 92 75 57 47 48 99 195 65 44 44
45 47 46 46 46 46 46 47 56 63 78 118 217 270 202 190 181 175 161 105 64 63 226 391 81 47 46
44 45 45 44 45 45 46 47 51 63 78 126 187 181 141 141 166 143 194 145 78 56 155 192 65 45 44
44 44 40 42 44 44 44 44 47 54 68 83 110 88 74 78 83 85 86 75 55 53 74 58 45 44 43
44 44 40 45 50 44 45 46 55 88 99 95 121 130 99 110 114 113 121 127 129 115 103 76 46 44 47
42 46 50 46 46 46 45 50 97 136 182 204 152 131 117 114 120 120 125 139 147 218 198 69 50 50 46
46 46 47 45 44 45 45 52 114 142 231 202 159 116 99 102 109 107 105 113 98 117 91 58 43 44 50
44 44 46 50 47 45 49 90 311 231 151 148 113 80 71 80 87 83 89 72 78 66 52 51 43 46 50
43 45 45 48 46 44 50 93 147 94 72 78 88 69 65 67 69 71 76 65 58 59 52 49 46 44 45
42 44 43 44 50 45 46 62 68 55 52 48 53 55 49 49 47 52 48 47 46 46 45 45 43 46 49
43 45 45 44 45 45 51 53 54 53 47 50 51 47 49 48 48 46 44 45 44 44 45 42 44 49 46
43 56 50 51 52 51 56 60 63 61 61 65 64 57 62 55 53 50 48 47 48 45 44 45 44 42 47
46 63 60 64 67 60 72 72 83 79 92 104 85 84 87 80 71 63 57 59 62 50 49 49 44 45 46
51 49 54 50 57 56 59 59 63 63 77 83 73 66 63 64 60 57 49 52 54 49 46 50 44 42 46
53 50 50 51 55 56 57 53 55 59 65 72 66 57 61 60 55 54 55 53 49 48 44 46 42 44 50
77 94 71 66 72 68 70 62 64 70 73 85 78 71 72 75 65 62 62 67 57 53 50 47 44 44 46
80 97 66 58 64 67 62 60 63 66 72 80 68 68 73 72 67 67 65 67 59 66 54 48 44 44 46
62 57 52 47 49 49 51 50 50 49 52 61 53 51 54 52 54 52 51 58 49 51 49 43 43 45 46
53 51 50 48 50 49 51 50 51 49 48 53 51 49 51 48 54 56 50 46 49 51 45 48 44 43 46
70 56 52 52 56 52 58 51 50 56 50 57 58 51 58 61 70 72 60 59 52 62 47 45 45 45 49
54 50 52 53 51 51 53 51 53 51 51 63 58 51 60 66 74 68 67 55 53 55 45 46 51 46 58
45 44 45 43 45 44 44 45 43 45 49 46 45 45 47 47 47 46 46 45 43 45 48 44 46 46 63
43 44 43 44 44 48 44 43 44 43 44 45 44 44 49 44 44 45 44 44 44 44 47 43 42 49 56
