43 44 41 44 49 43 44 43 42 44 44 43 46 46 54 53 53 44 43 43 43 43 44 44 48 275 121
43 44 44 43 46 43 44 45 44 42 44 44 43 47 56 53 46 47 43 44 42 44 48 44 59 310 118
43 47 44 42 44 42 44 44 43 45 45 43 46 46 76 57 44 45 44 46 44 42 46 46 68 337 72
42 42 43 43 43 43 44 43 44 44 43 44 49 48 73 47 46 45 44 47 47 42 43 44 58 110 60
42 43 43 44 41 43 48 43 43 44 43 43 45 57 61 48 43 43 44 38 44 48 43 43 55 52 55
41 43 43 43 44 41 44 48 44 44 44 44 48 90 72 44 42 43 44 42 44 41 44 50 58 58 49
42 42 48 48 43 44 43 44 46 45 48 51 79 163 119 46 44 43 46 42 44 48 46 61 149 62 48
45 39 44 44 44 48 44 44 45 44 45 44 70 110 75 46 44 45 45 43 44 44 46 73 151 60 45
43 43 44 43 44 42 43 43 44 45 44 48 77 90 59 44 39 45 44 44 42 44 49 65 74 44 44
42 44 47 45 47 44 44 46 47 48 49 49 174 154 113 49 45 44 44 44 49 51 101 166 149 46 45
43 44 45 46 49 45 46 46 46 48 48 52 125 137 87 50 45 44 44 49 47 104 233 273 188 51 44
42 43 45 42 44 46 44 45 44 43 44 45 53 55 45 44 42 44 44 44 47 70 134 147 85 45 44
42 46 43 43 44 43 44 43 44 46 44 44 51 46 44 44 43 47 45 43 45 74 118 85 47 48 45
44 43 47 44 44 45 44 43 46 45 46 55 81 51 50 45 43 44 44 44 51 170 207 134 52 45 44
42 43 44 42 44 44 44 46 45 43 44 53 47 46 42 44 43 43 40 44 50 86 92 57 43 44 44
42 42 43 44 44 43 42 43 47 44 43 45 48 44 44 41 44 43 43 44 51 60 48 47 44 43 44
42 42 43 44 44 44 44 43 46 45 44 48 49 46 44 42 44 44 45 44 71 72 48 49 44 42 44
41 43 43 43 45 43 44 42 44 50 48 56 48 47 45 44 45 43 49 46 78 63 46 46 43 43 43
41 43 42 43 44 43 44 44 44 48 50 50 45 44 44 44 44 43 46 46 48 50 44 42 43 42 43
43 41 44 46 44 43 44 44 45 56 68 73 58 46 46 45 44 50 54 53 47 46 48 44 42 43 43
43 44 45 45 44 49 46 47 52 79 114 114 69 53 56 50 53 108 129 93 58 45 49 44 42 43 43
43 46 45 42 44 44 46 46 48 74 84 73 56 49 47 50 57 116 115 89 46 43 46 43 45 46 44
43 44 45 44 45 43 45 50 61 100 94 72 59 51 49 53 60 83 78 65 45 43 46 41 44 48 44
49 44 49 47 46 49 51 73 146 185 200 132 80 67 71 83 111 131 128 90 50 50 47 45 44 43 44
44 46 53 49 50 51 65 104 180 258 222 194 98 94 120 159 151 152 144 133 57 45 50 51 46 44 45
43 42 50 46 48 52 52 61 130 185 223 169 97 110 152 136 120 102 80 58 46 47 46 46 50 45 44
45 46 51 50 47 50 55 98 162 198 206 176 183 192 172 201 115 76 64 49 47 49 49 48 51 46 45
46 46 62 59 56 56 77 185 257 297 300 312 322 314 316 297 259 196 105 59 51 53 60 54 51 47 46
44 46 57 51 53 53 65 160 213 215 228 259 223 285 259 232 174 133 65 53 48 50 54 51 49 44 46
42 45 51 47 50 46 49 62 88 132 130 138 149 170 129 127 76 53 47 51 46 43 49 51 46 45 44
44 46 51 49 50 50 54 85 132 145 170 223 194 216 163 206 124 73 49 48 46 48 52 46 47 50 45
44 51 52 50 50 47 58 97 130 165 163 186 176 203 182 212 116 87 51 47 47 47 51 49 46 46 49
44 44 52 45 46 47 47 57 108 87 95 153 121 138 137 124 76 49 47 49 46 45 47 45 45 45 42
42 42 51 42 44 44 44 46 56 48 50 58 52 74 87 62 46 44 47 43 43 43 43 43 44 42 44
43 44 68 46 46 45 50 56 58 62 63 87 79 125 85 58 47 46 46 44 44 44 46 45 47 45 42
43 46 277 55 47 48 53 64 73 87 81 74 87 111 90 68 50 46 47 42 45 49 51 50 47 46 44
42 46 134 48 45 44 46 47 52 60 57 49 63 72 59 49 45 44 44 43 44 44 48 44 47 46 44
42 53 175 76 46 43 46 49 49 56 54 48 56 70 56 47 44 42 44 47 45 47 60 56 47 43 43
46 69 332 184 51 50 52 58 84 118 107 89 103 112 88 63 49 49 46 47 49 74 222 152 51 45 45
47 63 240 170 64 65 53 70 122 160 142 128 143 131 96 64 54 52 47 48 64 216 443 260 49 45 46
44 44 69 70 86 52 48 54 78 99 100 93 103 95 74 56 52 47 47 48 63 138 159 62 47 45 45
43 44 68 102 85 50 50 64 97 109 99 97 102 85 64 54 51 47 46 51 61 64 56 46 44 46 44
49 62 85 134 120 79 97 195 236 198 201 175 175 174 113 76 59 55 53 61 108 85 58 51 44 45 49
45 52 69 82 108 100 156 248 224 215 187 198 187 146 108 78 59 56 58 77 87 56 54 54 46 44 46
43 46 51 48 58 75 65 77 92 82 81 85 85 79 78 62 49 47 55 55 50 46 44 45 49 44 43
47 48 52 59 100 135 160 140 165 145 127 177 184 158 126 102 60 60 65 58 50 48 53 48 46 46 43
44 48 60 59 94 132 162 159 201 166 183 223 248 227 203 158 99 72 87 60 51 57 60 51 49 46 45
43 43 47 45 47 48 52 65 72 68 76 99 103 96 98 84 68 63 57 46 44 45 45 44 45 43 46
42 45 44 44 49 45 45 50 52 53 55 59 59 56 51 53 49 50 45 50 45 43 44 42 43 44 42
42 46 48 43 46 52 49 51 53 52 54 60 65 51 51 58 51 48 46 48 49 42 44 43 43 44 42
43 44 46 49 47 50 53 53 54 52 51 52 51 47 53 49 46 46 45 44 46 43 43 44 41 43 52
44 46 49 46 48 51 55 56 58 51 48 48 48 46 45 45 44 44 44 42 45 43 44 44 40 43 57
48 50 58 55 56 64 77 84 75 59 52 50 49 46 47 45 48 44 46 44 43 44 44 43 44 41 54
50 69 78 83 87 100 139 131 106 76 63 59 55 52 51 50 47 47 41 46 51 45 46 45 42 43 48
53 54 60 63 74 95 117 91 82 61 55 54 51 48 49 50 46 46 46 40 47 50 45 45 43 42 46
46 51 54 57 78 99 95 76 65 53 49 47 48 46 46 46 44 45 44 44 44 40 45 48 43 44 52
72 100 87 80 102 121 106 83 69 58 53 51 49 49 48 48 46 45 47 53 49 46 47 43 43 44 46
85 106 74 75 94 105 91 78 62 58 54 55 55 50 49 50 47 51 48 51 53 58 51 44 44 42 46
58 64 55 51 61 59 60 58 47 49 51 46 47 46 46 46 45 51 45 48 50 48 48 44 42 43 47
50 50 54 49 57 55 56 53 48 46 47 46 45 45 46 46 51 51 45 48 46 49 46 44 41 44 51
57 48 60 52 58 56 59 54 51 47 47 47 46 46 49 50 57 57 50 46 48 51 46 46 45 46 56
51 51 50 57 55 56 60 53 52 50 47 50 50 46 53 58 59 57 56 46 53 52 45 44 47 47 61
46 44 44 45 44 44 46 44 45 47 44 44 45 44 47 46 43 44 45 42 45 47 44 46 45 43 63
42 40 44 45 44 46 44 43 44 43 43 44 42 44 49 44 43 42 43 44 43 43 43 43 46 46 56
