41 43 48 43 43 44 57 52 44 43 44 45 44 44 44 44 44 62 47 43 44 42 44 42 43 46 43
42 45 43 43 46 42 70 67 45 43 44 42 44 44 42 45 50 54 47 41 44 43 42 44 41 43 47
43 44 45 44 49 51 164 93 45 46 44 44 45 42 46 51 60 86 56 46 44 41 43 42 43 44 42
43 42 44 46 46 53 110 65 44 44 44 44 42 45 49 44 62 81 50 42 47 43 42 43 42 43 45
42 43 44 43 44 49 67 57 44 42 44 43 44 44 42 44 49 51 46 43 46 43 42 43 42 43 44
42 44 42 44 49 104 143 111 46 46 45 46 46 43 46 50 76 85 55 43 42 43 43 43 44 41 44
42 46 43 44 51 142 168 129 50 49 51 46 46 46 46 51 114 110 66 44 42 43 43 43 44 41 44
43 49 42 43 53 99 153 110 58 51 46 46 47 44 46 53 100 109 59 45 44 42 43 43 43 44 41
42 44 43 43 46 66 97 85 49 45 45 45 48 44 46 52 58 67 46 42 44 46 43 42 43 42 43
42 45 46 45 48 84 199 164 67 54 55 48 49 49 52 145 188 166 55 44 45 43 44 44 41 44 49
46 50 49 48 48 111 303 242 80 56 52 51 51 52 56 190 243 214 57 44 45 43 44 44 41 44 48
44 46 44 44 45 45 82 71 46 45 42 44 49 44 44 54 72 59 44 42 44 43 41 43 47 44 43
43 42 42 43 43 45 69 56 46 44 42 43 44 44 44 49 61 52 46 43 46 43 42 43 42 43 44
43 44 48 44 44 47 109 77 57 46 47 50 46 46 46 63 98 54 46 42 44 46 43 42 43 42 43
46 43 42 43 43 45 70 66 51 46 45 46 45 43 45 54 77 49 47 43 43 44 45 43 42 43 44
42 43 41 43 48 44 47 49 43 44 44 43 44 44 44 47 46 44 44 46 44 44 43 41 43 43 43
42 43 44 41 44 48 53 61 49 43 44 44 44 44 44 57 52 46 41 43 44 41 43 43 42 43 46
43 46 44 42 44 50 85 101 74 49 50 46 47 49 57 96 76 54 44 47 42 42 44 42 43 46 44
41 43 48 43 43 48 60 68 57 45 45 47 45 46 51 64 54 45 42 43 44 43 43 43 45 43 43
43 44 40 44 50 49 84 88 77 52 47 46 48 49 80 84 66 46 44 43 44 40 44 48 43 43 44
44 44 46 45 45 72 147 131 130 86 54 54 52 66 128 130 115 59 51 49 45 43 44 44 43 44 44
42 46 50 46 46 66 137 139 134 102 55 54 53 70 121 136 103 69 49 45 45 42 44 43 43 44 44
43 42 45 49 45 51 76 78 76 71 52 49 47 60 87 87 76 61 44 43 46 44 42 43 43 44 44
45 49 48 46 51 105 171 181 243 172 73 68 65 88 212 168 128 106 48 46 47 44 43 44 44 44 45
49 55 48 49 62 142 258 224 290 253 134 103 107 171 247 207 183 100 55 48 46 45 46 44 45 43 46
50 55 50 50 51 76 140 194 302 223 187 147 171 231 263 209 159 70 47 48 49 46 47 46 43 44 45
48 50 47 47 50 55 105 134 155 171 161 120 158 189 143 147 83 52 52 46 47 46 45 47 44 43 44
50 55 50 49 51 87 199 192 188 216 210 190 227 236 198 210 163 92 47 50 47 48 46 44 45 45 52
47 52 49 47 50 79 168 197 176 171 176 135 163 202 177 168 120 70 43 46 49 45 47 45 43 45 60
46 49 47 46 48 55 125 138 130 170 129 114 129 160 125 113 84 55 42 44 46 44 44 44 42 45 54
48 58 49 48 50 54 80 126 143 202 214 226 213 202 122 123 65 49 46 46 46 45 43 44 48 44 44
51 57 50 50 51 62 132 195 226 265 223 258 206 245 148 180 108 62 55 48 49 46 44 44 44 44 46
46 47 50 46 45 50 62 107 126 128 114 168 103 105 96 81 59 47 46 46 45 46 44 42 44 43 44
43 44 44 47 45 43 46 48 57 57 52 64 58 63 62 48 44 41 44 47 44 45 44 42 43 43 43
45 46 43 44 44 44 48 55 67 81 71 69 70 70 54 49 45 43 48 47 44 45 52 42 43 44 43
45 49 46 43 46 51 53 77 86 95 75 76 76 91 67 54 46 44 47 44 46 65 88 46 48 44 43
45 49 46 43 44 44 47 62 70 74 65 67 65 73 52 47 46 44 43 48 44 64 68 42 43 47 44
49 53 47 44 43 44 45 54 69 63 53 59 59 59 49 44 44 43 43 44 49 48 44 44 48 43 43
174 184 51 47 52 51 64 131 144 143 120 108 124 106 62 54 49 47 46 85 130 57 49 49 44 43 44
276 398 93 48 53 64 82 177 205 206 161 153 157 129 73 62 55 50 50 135 111 47 47 44 45 48 45
68 144 79 46 46 51 59 95 155 135 109 106 98 80 57 51 51 46 49 67 51 49 44 44 44 42 44
47 92 79 49 49 59 73 109 118 117 111 93 102 86 58 52 48 47 53 59 46 44 44 44 43 43 43
54 144 118 72 76 127 134 149 129 120 118 114 105 100 74 57 53 58 74 73 49 45 43 45 43 43 45
49 74 87 77 80 150 153 184 133 131 111 135 116 95 77 63 60 59 63 51 45 45 44 44 44 44 45
48 47 51 51 50 67 84 113 104 89 86 96 86 67 63 50 53 51 45 44 43 43 44 43 44 44 44
56 65 106 123 148 170 213 266 233 185 162 224 230 178 110 98 91 75 51 46 49 48 45 46 44 43 46
50 57 74 121 143 173 213 198 178 125 134 160 166 137 111 95 86 66 49 51 47 46 45 43 44 44 44
44 47 47 46 47 51 57 56 57 49 55 58 54 53 49 50 44 44 39 43 48 43 45 43 41 43 44
43 44 46 46 46 43 49 54 51 48 52 50 51 47 45 46 44 43 38 43 48 43 44 43 41 43 44
45 46 47 48 49 49 57 53 54 53 52 51 53 47 46 46 45 43 43 39 42 43 44 42 44 43 44
42 45 45 46 48 46 49 51 56 51 52 49 48 46 45 45 41 43 48 43 44 43 42 43 43 43 44
44 44 46 44 44 45 47 47 50 46 49 52 46 44 44 43 43 41 44 47 44 44 44 42 43 43 44
45 48 49 52 50 51 60 67 74 73 70 63 55 53 49 46 46 42 44 48 44 44 44 42 43 44 44
46 61 62 64 59 66 83 93 111 111 108 93 66 56 55 54 53 47 50 44 45 45 42 44 47 44 44
46 54 53 49 52 57 67 69 76 75 77 68 55 49 49 48 46 46 45 44 43 44 45 43 45 43 42
45 47 49 47 54 61 65 64 65 65 63 61 49 48 47 46 48 46 44 48 46 43 42 43 43 43 45
62 70 74 67 81 91 92 84 93 96 90 95 66 59 57 56 52 52 46 57 54 46 46 44 42 43 44
58 69 65 63 71 79 76 77 75 78 75 78 60 62 56 52 51 51 49 53 53 51 45 47 44 42 44
55 47 52 47 52 56 56 55 52 51 51 54 47 50 49 47 49 49 45 46 46 45 45 42 43 46 45
50 47 51 46 49 50 55 54 51 47 48 56 49 48 48 47 53 52 48 46 46 46 44 44 42 44 50
57 46 51 52 55 55 60 58 54 53 49 56 62 50 54 57 67 72 53 52 50 51 47 42 44 44 48
48 48 47 54 53 54 57 56 54 52 48 54 60 49 53 63 60 58 51 51 46 45 49 43 44 45 54
43 42 44 44 45 45 43 46 50 44 44 45 44 45 46 46 45 46 44 44 44 43 44 43 42 45 63
46 42 43 44 42 44 49 44 43 44 43 44 45 43 44 48 43 44 42 43 44 42 44 40 43 50 53
