42 43 44 42 44 47 44 44 44 42 43 44 44 44 44 43 42 48 44 43 44 41 43 43 43 44 42
44 43 44 42 44 44 43 45 41 44 49 43 43 43 43 43 40 43 47 43 45 43 42 43 43 44 44
42 43 44 43 45 45 43 46 44 42 43 44 44 44 41 44 42 43 40 44 46 43 46 43 42 44 43
44 42 43 44 44 44 42 44 47 44 42 43 44 44 44 41 44 44 43 40 43 44 43 43 44 42 44
43 44 44 42 44 44 43 44 42 43 46 44 43 43 43 43 43 43 44 40 44 45 43 46 43 42 44
42 44 42 43 45 43 44 42 44 46 44 43 44 43 43 44 43 42 44 44 44 46 44 42 43 42 43
43 44 44 44 49 45 48 44 42 43 44 44 45 41 44 49 42 43 46 42 46 46 44 45 44 42 43
43 41 44 42 44 46 44 48 43 44 44 43 44 42 43 42 41 43 42 43 46 43 45 43 48 43 42
41 44 44 44 44 43 44 43 44 43 44 44 43 43 42 43 43 43 40 43 52 43 42 43 42 42 44
42 44 43 44 41 43 50 43 43 43 43 43 45 42 44 47 42 43 44 38 51 44 44 42 44 46 43
42 44 48 44 43 43 45 44 43 44 43 44 49 43 44 44 45 44 44 48 110 47 44 41 43 48 44
43 44 46 44 43 43 42 44 44 41 44 48 44 43 44 42 41 43 43 43 102 46 44 45 43 44 44
42 44 44 44 44 44 43 46 43 43 44 43 44 43 44 42 41 43 43 43 93 51 44 47 44 44 44
42 42 44 42 46 47 44 45 44 42 44 43 44 44 42 44 43 42 44 60 267 71 43 44 46 44 45
43 42 44 44 44 46 44 42 43 43 44 44 44 44 44 44 44 46 46 63 143 57 45 44 43 42 44
41 43 43 43 44 42 44 46 45 45 45 42 44 44 45 46 47 49 50 46 57 44 46 43 44 44 43
44 43 45 44 46 46 50 55 64 76 89 79 96 166 183 190 184 167 296 74 118 62 45 44 43 44 45
44 46 44 46 52 50 59 70 128 237 224 232 180 230 203 193 148 123 73 51 72 60 45 43 44 44 44
43 44 45 42 46 58 62 74 130 126 95 75 63 57 54 51 46 46 46 43 45 44 42 43 44 43 44
46 51 48 48 95 164 246 247 252 216 146 106 76 63 57 54 47 47 46 44 46 47 44 46 44 43 44
46 44 48 48 118 279 274 199 158 126 96 71 61 53 58 57 46 52 46 44 46 46 44 43 43 46 44
47 44 46 46 47 86 179 140 114 69 56 58 51 47 48 46 44 45 45 42 44 43 44 44 42 43 49
43 47 45 50 49 52 123 136 132 117 79 59 59 50 48 48 42 44 45 45 43 43 44 43 43 44 42
46 48 50 53 53 66 352 291 371 365 302 190 121 78 85 80 56 52 52 42 47 49 45 46 45 44 45
45 49 51 52 55 63 187 334 371 413 354 324 231 160 140 129 66 60 52 49 49 47 46 44 45 47 46
44 45 47 46 46 49 59 92 128 175 216 217 196 134 119 110 58 50 47 50 45 45 44 42 44 44 44
44 46 46 46 47 46 55 64 80 170 174 183 196 172 153 145 70 57 46 44 47 44 46 44 42 44 44
47 50 53 52 50 54 72 89 145 260 335 372 326 380 364 341 285 182 63 46 49 48 47 46 47 46 45
45 46 47 46 47 50 57 66 77 115 170 218 217 325 329 308 289 198 65 50 47 45 45 43 45 48 45
44 44 44 45 45 44 47 50 51 55 60 80 117 163 185 176 165 127 51 46 45 44 44 43 44 46 44
48 44 44 45 44 46 49 52 54 58 65 102 120 238 173 164 152 191 112 46 46 42 44 48 44 43 44
43 42 45 46 46 46 50 53 57 61 63 78 128 196 208 201 150 178 140 48 46 44 44 47 44 42 44
45 42 45 44 45 50 48 49 52 54 57 70 111 188 207 193 140 157 94 45 44 44 42 43 48 44 43
44 43 41 44 42 44 46 46 47 50 50 51 58 80 185 179 123 73 49 44 44 43 43 43 46 44 42
44 43 45 48 46 44 48 51 52 57 58 76 108 194 188 178 194 118 55 45 44 44 44 43 44 43 45
42 44 43 45 50 46 47 51 51 56 58 87 108 160 154 140 110 80 48 46 43 43 44 43 44 41 44
40 44 48 43 45 44 44 46 46 47 49 51 67 110 86 81 78 52 45 46 44 42 43 43 43 44 41
43 42 44 47 45 47 49 46 47 49 51 67 81 102 99 94 65 49 44 43 44 43 44 41 43 48 44
43 48 46 47 60 61 94 69 58 59 69 107 127 141 106 102 63 52 46 42 44 43 43 46 41 44 49
45 45 51 49 70 131 144 86 67 62 67 124 128 146 97 93 54 49 46 46 45 42 44 43 43 44 42
43 44 47 44 66 100 79 74 53 50 54 67 77 77 55 51 46 45 39 43 49 43 44 43 42 43 44
45 47 86 100 106 97 137 171 115 90 74 105 141 118 62 61 50 48 46 44 44 44 44 44 45 44 43
50 68 134 161 72 74 153 311 280 232 151 165 188 153 77 77 55 52 48 40 46 49 46 48 44 43 45
48 68 62 53 54 57 92 270 256 243 159 121 156 90 59 58 51 46 46 44 45 44 46 44 42 44 46
45 48 46 46 47 50 63 136 172 172 150 81 85 56 51 51 46 46 44 46 45 43 44 42 43 44 42
49 58 51 49 52 61 74 249 244 220 211 249 207 115 64 62 55 50 46 44 46 46 45 44 44 44 45
49 50 51 52 56 59 80 295 328 262 279 267 250 99 67 67 56 52 47 45 45 45 47 44 46 45 45
45 46 48 47 50 53 65 132 242 247 296 255 153 68 62 59 55 49 46 45 45 44 44 44 44 44 45
46 48 52 52 54 59 79 145 410 459 382 297 184 78 69 66 62 52 47 44 46 45 45 47 45 49 45
49 52 51 52 53 58 79 123 398 386 327 221 122 69 63 61 54 51 49 46 46 46 45 43 44 46 45
45 46 53 50 49 50 52 61 91 104 107 65 54 49 46 45 43 44 44 43 45 46 43 45 44 43 44
47 44 50 54 54 55 51 46 51 50 53 49 44 44 49 44 43 42 43 44 43 44 44 43 46 44 42
58 78 71 77 88 79 86 76 67 58 54 53 51 47 43 46 43 43 44 44 42 44 46 43 45 44 44
62 104 105 116 137 121 129 104 76 64 57 56 59 51 47 48 46 46 49 45 44 44 44 44 44 42 45
62 60 71 78 95 104 97 64 59 52 53 50 47 46 49 46 43 44 44 48 44 44 45 43 44 42 45
48 59 68 72 102 122 98 64 55 51 51 47 48 49 46 44 44 45 44 47 46 43 44 43 43 44 47
114 133 124 127 174 178 129 75 63 61 54 54 51 48 49 51 47 48 46 57 51 49 52 46 44 47 47
121 144 94 93 108 111 89 68 57 54 51 51 49 49 47 49 48 49 47 50 51 56 54 47 42 44 52
72 68 60 54 58 59 51 51 52 47 46 46 46 45 46 45 46 47 46 46 46 46 46 44 41 44 51
59 65 56 52 54 59 53 51 47 45 46 46 46 45 46 46 46 48 41 47 54 50 47 44 42 44 47
78 76 64 64 61 57 60 52 50 47 46 47 49 47 50 49 59 61 50 51 54 66 48 44 44 45 55
65 63 59 62 54 53 59 49 46 47 46 47 49 46 52 56 55 52 57 42 50 59 47 43 50 46 61
46 46 46 45 46 42 45 49 44 43 45 43 45 45 44 45 44 44 42 44 47 45 42 43 45 47 67
44 45 43 44 44 43 45 42 44 49 44 43 45 43 44 44 43 46 44 45 44 42 43 42 44 49 56
