42 47 44 42 44 42 43 44 43 44 44 46 46 51 65 58 43 42 45 47 46 44 50 65 46 44 46
43 43 43 44 47 43 44 43 42 43 44 44 44 45 115 56 42 43 43 44 46 44 48 73 51 47 44
42 45 46 43 46 43 43 44 43 43 45 45 46 64 178 58 44 44 45 48 49 45 48 97 61 48 44
42 43 42 43 44 43 44 42 44 46 44 43 48 66 111 52 44 43 47 43 46 47 47 69 58 49 43
42 43 43 42 43 43 43 44 41 43 47 46 46 57 70 46 46 44 43 46 43 44 45 62 56 44 44
42 43 44 42 44 43 43 44 43 44 47 50 45 96 114 53 43 46 44 44 44 44 51 85 65 49 43
43 45 40 42 44 43 44 44 42 44 49 52 57 126 162 69 46 47 49 46 49 47 60 123 112 50 46
43 43 44 43 45 44 49 44 46 45 45 50 54 122 136 72 48 46 47 48 53 47 67 117 90 49 43
43 43 44 42 44 41 44 40 44 42 44 45 45 66 82 64 43 45 44 56 43 49 59 62 68 47 44
40 44 44 44 44 43 43 44 43 44 44 42 46 99 146 102 49 49 55 55 51 57 118 178 170 62 50
44 47 45 46 45 43 44 44 45 45 43 46 54 191 298 263 65 60 54 55 54 69 205 239 238 78 49
42 44 44 43 44 44 44 43 43 42 44 44 42 66 108 82 46 43 46 45 47 50 63 94 77 51 44
42 42 41 43 41 43 47 44 43 43 42 43 45 46 63 55 45 44 45 44 44 44 54 72 56 49 44
42 46 42 43 44 42 44 43 44 44 44 44 44 52 104 84 52 46 46 46 45 46 53 107 64 51 46
42 43 41 43 49 43 44 43 42 43 44 43 45 45 74 69 53 44 45 49 45 45 54 70 51 46 44
42 43 44 42 44 47 44 44 43 42 44 44 44 44 53 54 44 44 44 48 44 43 48 71 52 46 42
43 43 44 42 43 47 44 42 43 42 43 44 42 46 53 51 44 45 44 43 50 45 46 57 50 48 44
42 46 44 42 44 42 43 44 43 44 48 43 44 45 51 84 55 56 41 44 51 47 50 76 56 51 46
42 42 43 44 42 43 48 43 43 44 42 43 44 43 48 65 47 46 49 44 45 45 47 70 61 44 45
43 43 45 43 42 43 43 43 44 41 44 48 44 43 54 74 66 51 43 45 50 49 65 90 65 46 47
43 44 43 44 43 43 44 44 44 46 44 45 45 45 85 124 115 99 54 53 52 66 112 128 99 59 49
42 44 44 43 44 43 44 44 45 47 44 43 46 47 97 141 114 113 60 51 53 68 124 136 93 59 50
42 43 43 43 44 42 44 45 44 45 44 42 44 45 67 78 78 74 56 48 47 59 85 92 79 55 46
43 43 44 42 44 44 44 46 45 44 46 45 44 49 98 126 114 112 75 60 57 85 140 199 155 129 63
45 44 45 44 45 44 44 48 49 46 47 46 46 70 166 190 194 187 143 97 89 140 222 320 226 204 89
44 45 43 44 47 44 44 46 46 45 46 43 47 63 110 144 175 157 140 103 95 165 197 227 149 104 71
44 44 49 44 44 44 43 47 47 46 46 46 46 51 64 98 111 136 137 163 211 248 200 145 100 68 62
49 45 46 45 44 44 45 49 49 45 47 51 48 54 130 175 164 193 209 229 263 323 276 243 155 112 70
43 45 49 44 46 44 43 46 46 46 46 44 46 53 108 137 123 149 148 148 143 175 174 166 108 99 63
43 48 44 44 44 42 44 45 45 45 42 45 49 46 55 101 92 119 119 125 114 135 125 102 83 66 55
44 44 45 44 45 44 44 46 46 46 46 46 45 49 63 110 120 179 178 185 195 200 156 127 102 73 59
45 45 43 45 43 44 49 49 47 46 46 46 48 49 80 182 142 205 213 227 200 233 171 157 130 101 66
43 46 44 44 44 44 43 45 46 45 43 45 50 46 54 84 92 100 123 132 150 150 106 97 117 82 62
43 43 47 43 42 43 43 43 44 42 44 48 44 44 45 46 54 57 56 53 63 62 57 52 48 46 48
46 43 43 43 43 43 44 44 44 44 43 43 45 42 48 56 58 74 66 78 78 92 90 57 54 52 51
43 42 44 45 44 46 44 44 45 44 44 44 42 45 56 57 66 70 70 64 79 109 117 70 61 59 73
42 43 43 44 43 43 46 46 45 44 44 44 44 44 44 49 57 64 62 55 67 81 78 56 55 53 88
42 43 44 42 43 43 43 46 42 44 48 43 43 44 44 46 52 59 51 48 50 59 68 47 45 46 67
44 44 39 44 49 44 44 103 63 45 46 45 46 47 51 63 100 95 99 93 100 128 174 72 58 71 233
45 46 44 45 45 44 46 277 179 54 47 47 47 48 57 80 112 121 123 142 136 180 245 108 65 127 440
42 43 43 43 45 43 44 86 92 51 46 43 45 46 50 54 69 72 72 78 78 103 102 62 52 86 266
42 43 43 43 44 42 44 63 102 77 54 43 46 46 51 59 70 70 76 89 87 108 122 62 51 71 99
43 41 44 48 44 44 44 53 103 111 87 49 48 52 66 76 79 80 98 104 100 135 168 109 63 91 87
44 43 44 43 44 44 43 49 65 104 83 56 46 57 67 82 88 83 98 101 116 169 179 126 61 98 108
44 43 45 44 46 44 43 46 46 50 54 49 49 54 60 77 88 87 86 90 102 151 146 84 58 65 73
46 47 50 46 46 46 45 53 54 51 65 81 84 111 144 198 223 206 228 241 322 534 332 202 167 106 89
50 47 46 45 45 46 45 52 52 47 69 95 115 135 177 186 205 183 210 220 306 397 264 193 349 182 92
47 44 44 44 43 43 44 44 45 42 50 63 77 71 84 78 70 70 72 78 88 76 65 62 77 101 68
43 46 44 44 44 42 44 43 44 44 42 49 72 57 59 59 56 58 58 69 76 61 50 52 54 54 47
42 47 44 42 44 42 44 44 43 44 46 45 50 47 48 53 61 61 56 77 72 60 53 57 59 69 48
40 43 48 43 43 43 42 43 44 43 44 44 46 46 45 46 51 55 50 57 54 50 51 48 50 67 46
43 44 44 43 40 43 42 43 47 44 42 44 44 44 46 46 48 52 52 52 53 50 50 46 47 55 46
43 45 45 44 45 43 44 48 45 44 45 45 46 46 49 54 61 64 59 66 69 61 51 47 46 48 49
45 46 48 49 47 45 49 46 45 46 46 47 49 46 59 66 78 79 76 95 101 74 66 51 52 50 46
47 45 46 49 48 48 47 44 45 44 45 46 44 46 54 55 62 65 66 74 75 65 57 48 47 46 47
45 48 46 47 50 47 46 49 45 43 44 45 45 47 50 56 62 65 66 83 68 63 56 48 47 46 49
58 68 52 54 59 52 50 47 46 47 47 50 48 50 63 75 90 89 95 113 89 78 74 58 56 45 51
61 76 50 48 52 51 48 47 46 48 50 53 48 53 62 72 85 85 85 96 83 81 76 60 53 46 53
53 52 45 44 46 44 46 43 44 49 44 45 46 46 50 54 58 66 60 63 58 60 57 50 46 46 46
47 46 45 43 45 42 46 49 44 44 45 46 46 46 50 50 57 65 61 59 58 67 56 49 46 45 51
62 46 47 45 46 45 48 49 46 44 45 50 51 50 57 71 88 106 77 72 74 103 80 58 50 49 59
51 44 45 44 45 44 43 45 52 47 44 51 52 49 62 79 89 84 84 64 71 78 71 54 49 50 57
44 42 43 43 43 43 44 44 47 44 43 44 45 45 48 47 49 48 50 46 50 48 45 44 44 46 56
43 43 48 43 43 43 43 43 44 42 44 46 45 45 45 45 44 44 44 45 44 44 48 44 42 46 49
