41 44 49 45 44 45 45 46 47 66 238 59 46 46 46 44 51 47 43 42 44 43 44 42 43 46 44
44 44 47 45 47 52 51 50 66 104 507 75 48 49 51 56 296 162 42 44 49 44 44 44 42 44 45
44 43 46 43 46 48 50 51 131 112 134 57 46 46 46 62 134 119 45 46 44 43 44 40 43 48 44
42 43 46 44 44 43 44 46 54 53 54 44 44 44 42 44 51 48 43 43 44 41 44 46 43 44 44
46 43 43 44 44 44 45 45 53 51 46 44 44 42 44 44 44 44 47 41 43 44 42 43 45 43 45
43 48 45 44 48 47 48 64 93 61 46 49 46 46 46 45 44 44 44 41 44 47 43 44 43 42 43
45 40 43 44 46 48 50 86 113 63 46 51 47 44 45 45 45 42 43 48 44 43 43 42 43 44 43
44 43 43 44 48 44 47 68 70 48 44 44 45 46 44 44 43 48 44 44 44 42 43 42 42 43 43
43 44 49 45 50 50 61 125 83 50 49 46 49 49 50 46 49 46 46 48 44 43 44 40 43 48 44
51 49 48 48 53 67 149 233 194 68 56 57 87 124 160 157 133 110 134 122 59 51 46 44 45 46 45
43 46 51 46 50 66 124 178 113 63 52 54 60 89 127 136 116 110 118 106 49 45 45 44 44 46 44
44 42 44 49 47 50 100 108 63 48 46 47 47 49 54 53 47 47 46 46 44 43 44 42 44 46 44
43 47 48 46 48 66 136 134 73 49 51 62 66 85 98 80 87 74 66 55 45 46 46 42 46 44 45
45 44 45 48 48 55 107 78 55 51 47 59 78 100 108 91 95 111 93 65 51 43 47 44 44 44 43
43 43 44 42 46 52 51 46 44 43 44 45 44 46 58 50 51 48 44 46 48 43 44 43 42 43 44
42 44 43 44 46 63 53 45 44 45 43 44 46 46 49 53 47 46 46 44 40 44 44 46 43 44 43
43 45 46 46 68 106 62 50 48 47 47 50 58 74 93 123 94 83 63 48 44 49 45 46 46 46 43
42 43 44 43 48 61 61 50 46 43 46 44 46 49 51 56 57 53 49 44 42 42 44 48 45 42 44
42 42 44 44 47 59 51 50 44 43 44 43 44 45 43 45 44 44 44 47 44 42 44 42 43 44 42
45 52 47 48 67 100 85 53 50 50 49 51 55 54 64 60 56 54 46 45 50 44 43 44 44 44 46
46 50 52 53 99 142 126 65 59 54 57 55 61 66 75 72 63 65 63 47 49 46 43 44 44 45 45
46 59 46 48 73 85 92 55 66 49 46 46 46 48 51 46 48 46 45 44 44 42 44 47 45 43 44
47 53 56 66 160 223 175 89 127 63 56 54 59 58 55 50 51 50 47 46 46 42 45 50 44 44 50
57 60 60 170 298 418 323 199 336 108 100 104 123 145 146 112 69 62 65 49 51 51 52 45 49 49 49
55 56 59 128 234 344 292 176 270 82 78 82 86 88 102 74 59 51 49 51 49 51 46 45 44 47 52
46 43 48 61 82 139 161 110 116 65 59 56 55 55 58 50 47 46 50 45 42 44 48 43 45 46 46
49 49 56 72 117 136 143 133 138 101 88 86 88 92 76 73 59 52 48 45 46 46 46 46 44 45 49
54 63 62 76 108 214 229 208 264 176 185 162 138 150 128 144 105 87 68 59 52 49 51 46 45 46 46
54 61 59 63 88 192 198 214 207 171 214 161 118 133 92 78 59 58 48 46 46 45 46 43 44 48 46
51 53 55 57 65 152 216 228 179 172 134 103 81 94 63 56 51 50 48 46 45 44 44 44 44 45 47
58 57 57 65 92 245 261 276 232 292 271 242 147 132 90 90 59 53 48 47 47 46 46 46 45 46 46
58 58 61 59 94 147 213 278 275 313 283 247 150 157 105 98 63 56 50 47 46 46 46 46 46 45 48
50 47 50 49 56 74 103 149 137 172 140 104 71 65 55 50 46 44 45 44 44 44 42 44 46 44 46
47 46 47 48 59 65 94 122 102 117 92 96 74 72 56 47 50 46 45 44 43 44 45 43 44 45 47
46 47 46 49 54 64 88 114 91 93 87 88 83 104 74 65 50 56 49 46 46 45 50 43 44 45 51
44 46 46 46 51 63 72 78 66 80 76 82 70 73 64 59 45 46 45 43 44 47 46 42 44 43 47
42 44 45 44 48 49 60 64 55 57 54 50 49 50 43 44 43 43 43 42 43 41 44 46 43 42 44
46 47 48 49 62 85 116 126 98 86 71 64 60 57 50 50 47 48 45 47 45 42 44 43 43 44 43
52 56 52 55 79 124 161 185 162 141 110 97 90 87 71 66 58 53 48 48 46 50 50 44 44 43 46
50 54 50 49 63 91 138 175 148 137 100 89 78 71 57 52 46 47 48 46 47 45 44 44 43 44 45
46 45 46 45 51 62 76 100 89 76 60 53 49 48 46 46 47 45 43 45 44 44 44 44 47 44 43
48 48 50 50 58 96 110 130 127 99 97 81 82 68 55 48 48 46 45 42 46 43 44 48 44 43 44
50 51 50 51 63 120 132 141 129 116 112 91 100 86 66 59 52 50 52 44 45 46 45 45 44 44 45
50 51 48 53 60 102 141 157 129 119 101 92 76 59 51 50 46 46 46 43 44 49 44 44 44 42 44
67 53 52 62 64 104 161 187 168 144 118 92 76 58 53 50 47 47 45 45 42 44 49 44 43 44 45
355 262 100 71 117 236 326 373 307 241 210 204 173 125 86 67 55 53 50 48 45 47 50 46 45 48 46
288 275 170 127 145 265 371 351 274 223 179 146 122 95 70 61 56 53 51 49 46 51 46 46 46 46 47
51 72 89 90 98 116 109 85 73 70 58 56 57 50 47 46 45 46 43 44 44 44 45 42 43 49 44
84 122 152 138 177 190 156 148 138 119 111 97 87 69 60 56 51 50 49 45 46 44 44 46 44 46 50
60 84 164 186 197 191 169 140 133 116 114 105 114 97 74 72 63 59 52 52 49 45 44 50 44 54 52
52 60 83 175 175 175 171 115 116 98 84 74 72 60 54 55 48 46 46 46 46 45 44 45 47 55 56
54 62 64 97 360 268 179 109 90 75 64 59 57 55 52 51 47 46 46 44 45 45 42 44 49 59 55
71 67 84 137 263 224 211 165 128 92 71 69 61 56 54 51 50 48 45 45 44 44 46 42 44 51 48
53 65 63 78 92 95 95 96 79 69 58 57 51 49 51 46 44 45 49 44 43 43 45 43 44 43 44
50 47 46 49 62 63 56 61 52 50 49 45 46 48 44 44 44 44 44 49 44 42 44 41 43 45 43
48 51 56 55 74 99 75 74 67 57 55 51 48 46 46 45 46 44 44 50 45 42 44 42 43 44 42
73 94 109 94 131 176 165 145 138 112 95 78 62 57 61 56 52 55 51 52 49 45 44 44 44 45 46
60 70 77 76 87 110 117 111 102 86 78 69 54 53 53 51 49 48 47 55 47 45 45 42 43 44 44
49 49 52 51 55 59 62 62 57 52 52 49 45 45 45 44 42 46 50 44 44 44 42 43 44 43 44
56 56 54 54 61 62 68 70 63 53 49 52 48 47 47 44 48 49 46 44 45 46 40 43 47 44 43
78 80 89 83 87 85 98 98 95 73 64 73 63 57 58 59 71 78 55 47 55 57 46 47 44 43 49
74 72 62 70 72 74 79 72 70 68 59 63 58 51 57 75 77 65 55 53 54 52 44 42 44 48 54
44 46 44 45 49 46 48 46 46 48 46 45 46 45 46 48 46 44 45 44 44 47 44 42 44 43 56
44 41 45 48 46 45 48 46 47 46 46 47 52 48 46 46 45 44 44 44 44 43 44 43 43 45 56
