48 44 43 44 44 45 54 74 83 100 48 47 45 42 44 43 41 43 44 43 44 42 44 47 44 42 44
45 44 46 47 52 55 69 142 417 471 62 52 50 48 47 48 43 45 45 44 45 42 45 48 44 44 45
42 46 51 46 50 56 63 203 349 176 57 51 49 50 47 44 46 44 44 45 45 42 44 44 43 44 43
43 41 44 48 45 46 48 73 78 51 45 44 45 48 44 43 44 43 44 42 44 42 43 44 41 44 49
43 43 44 47 46 47 59 64 53 47 43 45 49 46 44 44 40 43 44 43 43 43 42 43 44 43 44
42 45 43 46 55 56 95 110 74 50 49 47 46 47 46 45 43 42 44 42 44 44 43 44 42 43 47
44 45 47 46 49 59 120 128 85 53 47 49 46 46 46 44 45 44 46 45 44 43 43 43 44 41 44
43 44 43 47 47 51 87 93 59 46 45 45 45 45 44 44 40 43 43 44 44 43 44 42 43 42 44
44 45 46 49 51 91 187 175 68 46 48 46 50 48 46 46 44 44 50 44 43 44 43 43 46 44 45
47 53 49 58 69 212 370 305 108 63 58 62 72 91 68 62 51 50 48 46 47 48 46 46 44 45 45
46 50 50 52 65 195 327 253 86 54 57 61 61 65 54 52 46 50 43 45 46 45 46 44 44 45 50
44 51 48 48 54 137 167 125 57 49 46 49 63 50 45 45 44 44 44 46 44 44 44 42 43 45 47
45 48 48 49 84 183 156 154 66 56 58 51 62 100 51 48 46 47 51 44 44 45 44 43 44 43 45
46 48 49 49 67 146 137 112 67 54 53 56 63 100 60 56 62 53 60 48 46 48 49 44 42 43 45
43 43 44 45 52 60 71 51 56 51 44 45 46 48 71 43 46 46 44 41 44 42 44 49 44 43 45
42 44 43 45 54 66 67 46 49 52 45 43 45 45 49 54 44 43 47 47 44 43 43 43 44 48 44
43 46 46 46 62 122 68 51 49 52 47 45 47 54 57 77 74 46 53 54 44 45 44 42 44 46 42
44 44 45 46 59 71 49 45 50 45 45 45 46 49 52 58 55 48 51 44 48 46 42 45 44 43 44
42 43 46 44 50 67 54 46 49 45 47 45 43 44 46 46 44 45 45 44 42 43 49 43 42 43 43
44 46 43 67 81 108 71 53 51 47 47 46 47 54 47 54 55 57 52 44 48 44 44 48 44 43 45
46 47 52 60 76 143 138 78 62 51 48 51 55 55 55 68 61 81 69 53 56 46 50 51 44 43 47
43 47 53 57 65 100 116 81 96 48 49 51 49 49 48 45 48 53 54 46 46 49 47 44 43 45 48
48 54 52 61 118 193 197 124 141 58 58 52 54 59 50 48 49 47 51 46 46 47 45 45 41 45 55
58 70 65 108 284 414 399 254 276 90 76 99 102 100 96 69 57 62 63 71 47 65 59 52 46 45 54
59 66 72 78 196 326 392 252 259 94 74 104 89 102 99 71 59 53 52 65 62 69 52 50 53 52 95
46 51 48 52 79 128 160 135 148 70 60 66 60 54 54 51 48 46 44 45 46 47 46 42 46 49 56
48 60 56 54 103 143 154 160 117 90 95 97 95 79 88 71 56 50 47 46 51 53 58 44 48 50 46
51 57 53 68 109 170 201 218 151 127 154 136 131 133 162 134 106 90 70 67 79 116 110 57 47 50 50
52 57 58 55 81 172 181 238 202 124 128 105 122 118 109 91 67 61 48 52 50 54 62 46 44 46 47
61 63 56 58 74 139 238 373 213 138 95 146 102 81 72 61 51 48 47 45 51 48 48 45 44 45 47
56 64 60 68 94 138 347 357 325 264 167 260 214 179 122 107 79 64 57 52 50 55 55 47 46 46 53
53 58 56 61 74 101 253 245 268 243 185 240 203 190 150 147 97 81 77 61 51 58 65 45 46 45 49
47 49 49 50 56 66 113 123 179 163 98 128 111 84 62 56 49 47 44 45 50 46 46 44 42 44 48
46 48 47 49 53 66 92 135 96 119 89 110 113 98 81 70 56 49 47 50 46 49 47 43 44 45 46
44 47 46 47 52 57 80 78 94 114 87 100 109 98 86 82 68 70 63 55 55 81 59 42 44 50 52
43 46 45 46 51 56 74 93 80 70 79 94 81 77 72 60 56 53 49 50 51 65 51 44 44 46 60
45 45 46 51 52 68 89 100 83 64 64 71 58 58 56 48 45 45 45 46 46 46 46 44 44 43 48
47 49 50 51 61 86 130 143 130 87 109 95 86 88 75 68 56 52 49 55 49 48 49 45 43 44 46
50 53 51 56 69 107 168 174 134 115 123 97 93 98 73 67 63 59 71 57 55 53 50 50 46 46 57
48 52 58 51 60 92 126 140 103 85 85 73 62 60 52 47 46 46 48 44 46 50 46 46 44 44 54
51 50 49 49 55 86 99 109 95 69 70 69 59 51 48 46 46 45 46 42 44 44 45 46 44 44 46
54 59 50 53 65 110 115 122 123 100 98 89 91 72 59 57 53 46 49 44 46 47 46 50 42 46 51
56 76 53 58 96 136 132 133 127 92 100 95 96 74 59 62 46 46 47 47 44 50 50 46 44 43 46
56 58 53 59 72 129 143 122 88 62 76 71 56 52 54 48 45 43 45 44 44 46 43 44 48 44 44
79 87 66 77 143 230 236 239 133 97 129 96 82 64 56 56 49 47 46 46 46 46 52 42 45 50 47
238 292 161 148 334 380 438 437 243 154 182 172 145 111 80 66 59 57 49 54 53 51 51 47 49 51 51
214 277 222 279 377 429 413 340 150 99 126 102 92 75 63 60 57 51 50 51 48 51 50 44 47 51 51
57 96 113 140 164 160 126 106 67 54 61 54 54 48 48 53 46 45 46 48 45 44 44 43 56 50 43
61 204 161 186 238 207 148 147 104 72 98 91 82 65 64 58 50 49 47 47 51 52 45 45 45 47 48
68 175 216 231 250 224 167 145 105 82 116 106 116 86 66 66 56 52 51 49 53 52 46 46 44 51 48
63 97 163 227 349 213 168 138 87 68 83 70 65 55 53 56 50 48 49 48 49 46 45 44 46 48 46
63 95 107 500 595 220 155 114 84 68 67 63 61 56 51 51 51 48 48 46 46 47 46 45 46 45 48
76 106 131 185 204 153 149 112 85 73 64 59 56 51 49 49 46 47 46 48 46 46 46 43 44 48 54
56 115 85 99 108 98 106 94 78 65 56 53 51 49 47 46 44 44 45 40 44 49 52 44 45 53 46
47 58 56 54 66 65 65 69 57 48 47 45 46 46 43 44 44 43 41 44 42 44 50 44 43 44 43
59 58 55 58 76 90 74 68 69 55 50 48 46 46 46 46 44 48 45 44 44 44 43 44 46 43 45
93 108 108 104 152 189 179 158 144 110 95 73 63 56 56 53 50 49 46 50 51 46 47 45 43 46 46
116 117 104 93 110 148 151 145 129 102 85 70 62 60 54 50 48 49 48 47 45 46 51 44 44 45 44
56 56 62 61 63 66 73 71 65 55 51 52 48 48 46 44 44 46 47 43 45 50 44 43 44 42 44
57 55 56 60 69 69 82 76 64 55 51 56 50 46 46 47 47 48 48 44 45 46 44 44 43 44 44
78 82 85 88 102 101 113 112 100 77 67 72 66 54 56 64 64 71 55 53 53 49 46 43 44 44 48
93 85 72 78 86 93 96 94 80 66 62 65 59 54 56 72 71 62 48 50 52 48 45 44 46 45 52
49 54 48 48 54 50 52 51 49 47 49 48 50 47 46 48 46 44 44 46 44 44 43 44 49 44 54
44 45 42 46 46 49 56 49 49 47 49 49 51 49 48 52 46 47 43 44 44 43 45 41 43 45 56
