42 43 41 44 53 55 62 50 46 48 45 43 44 44 44 45 47 43 43 43 42 43 43 43 43 43 43
44 42 45 50 51 56 87 203 242 295 76 53 51 47 46 46 43 44 44 45 43 44 48 44 43 43 43
44 48 46 47 54 59 68 165 378 635 192 60 51 51 47 47 45 45 44 46 46 44 47 45 43 45 45
43 40 44 47 46 44 47 64 78 88 49 45 50 44 43 44 44 42 42 47 43 42 44 40 43 49 44
45 43 45 44 43 44 47 79 57 46 45 50 45 42 44 42 43 43 45 42 44 42 43 44 41 43 48
43 44 45 46 53 52 87 223 98 59 51 50 46 51 46 44 42 43 44 43 45 41 44 48 43 43 44
43 41 48 46 47 53 136 178 68 52 48 56 46 45 45 43 43 43 44 43 44 47 44 42 43 42 43
43 39 42 44 46 46 73 73 48 51 45 46 45 42 44 42 43 41 43 40 44 49 44 46 43 43 44
43 44 44 46 47 81 174 144 63 51 48 49 45 45 44 44 43 43 46 45 43 43 43 43 44 41 43
42 44 47 48 58 159 238 195 71 56 51 52 46 47 51 46 44 45 49 45 43 44 43 43 44 41 44
43 44 44 47 65 129 188 137 56 52 49 47 46 50 46 45 43 44 44 49 45 43 44 42 43 44 42
43 43 45 44 54 100 123 90 52 48 46 47 46 44 45 49 46 44 42 43 43 43 44 42 43 47 44
43 54 51 53 191 285 273 166 76 61 53 53 48 49 48 48 45 49 46 44 45 44 45 45 43 44 46
46 44 48 48 100 170 182 99 61 52 51 49 46 46 46 45 43 47 45 43 44 43 44 45 43 43 47
42 43 44 43 49 51 49 47 44 42 43 43 44 44 42 43 42 43 40 43 45 43 46 43 42 43 43
42 42 43 45 52 51 46 45 48 44 42 43 44 43 45 44 43 44 43 42 40 43 44 42 46 44 42
43 47 46 46 85 67 58 49 50 45 43 45 45 45 45 42 45 45 44 40 44 44 44 46 44 42 43
42 44 42 43 50 48 46 43 44 47 44 42 44 43 44 44 43 43 44 43 44 42 43 40 42 46 44
41 43 42 43 47 46 46 44 43 46 44 43 45 45 46 45 43 43 44 44 44 46 44 42 43 42 43
43 42 44 45 61 63 61 56 47 46 46 50 57 59 62 64 53 55 46 45 45 44 44 46 44 42 43
43 49 45 45 60 92 82 57 50 50 47 56 69 65 74 70 60 66 53 51 55 45 44 44 42 44 44
43 43 44 44 51 72 80 56 46 47 51 51 51 53 57 52 50 50 47 50 46 45 44 44 44 44 48
44 44 47 54 94 200 195 126 84 64 58 69 69 76 84 72 61 61 61 55 50 48 46 42 44 48 44
50 48 53 68 152 336 298 234 203 100 68 98 99 106 122 110 78 75 71 61 62 65 49 45 44 45 45
50 46 47 54 78 163 212 168 145 82 58 69 66 69 86 70 62 55 55 56 53 53 47 51 44 43 44
43 42 47 49 60 108 172 152 133 76 59 61 58 60 67 53 50 45 46 46 45 46 42 44 48 45 43
46 48 50 65 93 263 349 307 270 220 125 100 101 99 100 105 76 63 61 58 57 62 51 49 49 45 44
48 49 55 74 94 223 387 418 363 351 341 265 197 177 154 168 132 105 77 71 70 74 66 53 46 45 47
45 47 50 58 69 102 180 281 277 208 189 145 87 135 94 78 61 58 53 49 47 48 47 46 45 42 44
44 46 49 55 68 84 183 251 189 197 171 172 106 122 78 66 55 50 46 51 48 47 47 44 44 44 42
51 54 58 69 90 131 299 349 304 297 259 4095 208 191 138 139 98 81 63 63 58 60 56 49 49 51 49
46 51 48 56 68 85 183 246 238 242 213 254 190 163 115 111 76 72 58 52 52 54 49 48 46 45 49
44 45 50 51 60 71 102 181 203 215 172 149 79 81 68 61 52 52 47 44 46 46 46 46 42 44 49
45 45 50 51 61 73 104 208 194 183 174 197 118 106 93 77 64 58 53 49 49 48 46 45 45 45 44
44 46 47 54 62 76 130 214 199 187 184 170 106 109 100 90 64 60 51 54 58 54 51 48 44 45 45
43 44 45 49 51 59 75 124 131 141 118 99 61 67 65 62 49 49 48 42 48 52 48 44 45 42 44
41 43 44 44 47 46 59 71 75 66 51 48 47 49 48 46 46 44 45 40 44 49 45 43 44 42 43
42 44 46 49 57 61 95 132 135 119 71 62 55 69 61 59 52 47 49 52 48 50 57 45 43 44 44
44 50 46 49 57 66 96 145 149 130 78 67 61 71 62 58 55 50 50 46 50 60 69 55 45 42 43
44 49 46 46 53 63 76 121 113 97 60 58 50 55 50 50 48 45 47 46 46 47 46 46 48 43 44
44 45 47 57 62 74 109 192 179 137 76 67 54 59 59 53 48 49 46 48 47 47 47 46 43 44 46
46 48 50 61 74 105 186 272 249 216 147 91 81 87 71 62 58 52 54 56 56 67 75 60 45 47 45
51 48 51 62 76 111 200 292 266 238 139 94 74 79 70 61 56 53 58 54 53 63 74 65 45 44 45
48 45 46 53 59 72 103 165 182 131 74 69 52 54 51 49 45 45 46 45 46 45 46 50 44 42 44
45 45 50 64 84 163 212 269 252 232 118 82 61 63 57 54 49 51 47 48 47 46 47 47 44 44 45
49 46 59 87 147 259 278 325 295 243 127 94 64 66 62 57 51 50 49 49 46 49 52 47 46 44 43
46 55 58 74 156 203 231 285 240 162 84 78 62 59 55 53 51 48 49 46 45 48 47 46 45 44 44
45 45 61 116 171 181 164 160 164 99 63 63 49 52 55 49 47 46 47 46 44 45 46 44 44 42 44
49 57 119 265 437 440 357 334 319 202 89 90 64 68 62 58 54 52 49 52 50 49 50 47 45 46 43
52 55 113 381 438 394 341 307 262 137 81 85 62 60 59 60 53 52 49 50 50 48 48 46 45 46 44
48 48 57 165 298 308 215 167 125 85 62 64 50 53 56 50 47 48 47 44 46 46 46 46 42 44 50
45 50 73 150 226 143 126 105 80 69 53 53 49 47 47 47 45 45 45 43 45 45 44 44 41 44 49
50 55 66 80 95 105 130 127 106 80 61 61 48 48 50 46 49 45 46 45 44 44 44 43 44 41 44
45 55 57 68 74 72 85 84 75 64 54 51 48 47 44 45 44 44 43 44 47 44 43 43 42 44 44
44 48 48 52 62 62 64 59 56 52 47 46 46 42 45 50 42 43 45 40 44 47 44 42 43 42 43
46 60 63 74 86 123 104 80 78 64 56 53 46 46 49 43 44 44 44 42 44 47 44 43 44 43 44
64 94 123 123 171 236 202 159 143 107 84 76 59 55 53 54 51 50 50 53 48 46 46 44 45 44 44
56 79 79 79 102 123 122 106 89 74 63 61 51 49 50 46 47 51 46 49 45 45 45 43 43 44 42
55 54 53 56 59 62 65 61 53 52 52 48 46 46 44 44 44 45 44 44 48 45 44 44 42 43 46
67 73 63 66 78 79 82 76 66 58 53 54 47 48 49 47 49 51 45 46 45 54 49 44 44 44 44
100 111 101 104 108 104 110 104 96 75 63 68 56 54 56 57 68 75 58 55 58 63 54 49 45 46 53
83 77 63 75 76 73 74 71 64 59 53 56 51 47 51 58 65 59 63 50 51 52 46 43 46 47 59
49 48 45 47 49 48 49 46 46 49 46 46 46 44 46 47 46 45 46 43 46 47 44 45 45 43 61
45 42 47 49 47 51 50 47 48 47 48 49 46 50 53 47 49 48 45 46 47 44 45 44 43 49 61
