130 52 46 45 45 43 44 43 44 53 68 74 45 43 44 42 43 42 44 40 44 48 43 43 43 42 43
468 132 47 50 44 43 44 42 43 50 54 50 46 44 46 44 43 43 44 44 42 44 48 43 44 44 42
490 194 57 46 46 42 43 44 44 48 49 64 58 48 45 42 44 43 48 42 44 45 42 44 47 44 44
149 145 47 43 44 42 43 44 42 44 48 51 51 46 43 43 44 43 43 46 42 42 44 42 44 46 44
54 54 49 43 43 43 42 42 43 43 44 46 49 44 44 43 44 43 42 47 46 42 43 43 41 43 44
50 66 50 44 42 43 48 43 43 44 42 49 71 48 44 45 40 43 49 44 44 43 42 43 44 43 44
65 173 69 45 42 44 49 44 44 46 45 78 219 95 47 46 49 45 44 44 44 44 45 43 44 46 44
54 130 60 45 45 44 45 44 44 45 46 57 148 103 46 45 44 44 45 41 44 43 44 44 44 44 44
42 53 47 44 44 43 45 43 48 44 45 45 62 64 47 44 43 43 44 39 44 43 45 42 43 43 43
44 108 156 81 46 45 44 43 44 44 47 60 134 122 68 46 44 44 46 44 46 43 42 44 43 44 44
45 182 302 233 68 45 48 45 44 46 50 74 178 196 93 55 46 46 47 44 45 45 49 44 44 45 44
43 75 100 89 61 44 45 44 42 43 44 45 57 66 49 48 46 43 45 44 42 43 43 43 45 41 44
43 54 97 108 80 46 43 43 42 43 44 43 46 57 46 45 41 43 44 43 44 44 43 43 44 43 44
49 57 212 223 206 63 45 42 44 47 45 43 47 66 56 48 44 49 44 44 44 42 44 44 43 44 43
42 46 62 79 88 46 45 48 43 42 44 43 44 58 53 45 44 44 41 44 42 43 48 43 43 44 44
41 43 48 44 56 48 43 47 44 42 43 42 44 44 42 44 42 42 40 43 43 43 48 43 42 43 42
42 44 46 47 110 90 44 46 48 43 43 43 43 44 49 44 45 44 44 40 45 41 43 48 43 43 44
42 45 44 44 65 67 48 48 42 44 48 44 43 47 64 55 49 43 45 40 44 42 43 47 44 42 43
42 43 42 43 46 45 44 42 44 48 44 42 44 44 53 55 44 43 44 41 44 48 44 43 43 42 43
43 42 44 43 49 49 48 46 48 44 44 44 43 46 66 70 49 45 43 43 44 43 44 42 43 48 44
43 46 43 44 49 74 127 108 57 51 48 47 49 65 142 132 83 55 47 45 45 44 44 46 43 45 48
42 43 44 44 45 57 112 102 72 47 48 53 49 59 138 124 95 57 50 46 46 45 42 47 49 45 44
42 44 44 42 44 44 58 62 63 51 51 46 45 49 78 73 64 58 45 50 43 44 44 42 44 48 44
44 44 46 44 44 61 109 127 144 110 56 55 58 58 145 127 114 107 74 54 45 46 46 45 46 51 46
47 45 46 44 44 74 140 163 204 188 99 79 68 76 177 223 175 172 95 56 52 46 50 60 47 56 54
43 44 45 43 46 53 59 71 98 86 76 64 63 89 148 186 187 163 88 56 48 44 49 56 46 51 56
44 44 45 45 44 47 51 61 92 100 137 121 105 140 168 198 123 111 80 63 48 51 47 51 46 47 46
46 50 49 48 49 57 89 182 172 249 296 321 297 324 315 363 310 277 206 139 62 61 54 58 53 55 53
46 47 49 50 46 52 61 96 153 180 249 247 224 300 237 272 186 173 156 108 67 51 50 52 51 51 48
43 46 43 45 50 47 48 49 53 83 107 128 133 162 135 160 103 131 61 51 50 46 49 47 45 46 46
44 46 44 45 50 48 50 52 71 118 169 197 183 175 164 196 125 102 95 56 47 53 48 47 48 46 46
44 48 43 46 49 49 51 54 112 173 140 192 178 204 165 182 139 104 121 66 54 52 47 48 51 48 48
43 48 44 44 46 46 49 49 56 96 128 149 157 148 124 136 77 78 72 49 47 47 46 50 48 48 48
43 43 47 42 44 44 43 44 43 55 59 66 62 55 51 56 43 46 47 44 45 44 44 42 45 47 44
42 44 45 43 45 47 46 49 47 51 60 108 122 123 81 74 67 68 57 50 47 46 48 45 56 91 64
43 43 44 44 45 47 46 46 52 49 52 74 90 124 98 70 77 72 61 47 48 48 48 50 106 189 109
42 42 44 43 44 45 46 44 46 45 44 49 62 83 61 49 58 60 53 44 46 46 45 48 94 155 69
41 43 42 43 46 45 44 42 44 47 45 44 55 67 54 49 55 58 52 44 44 47 45 44 58 62 48
43 44 47 45 56 65 49 45 47 45 48 63 79 101 91 74 88 81 81 57 46 48 50 56 143 138 55
44 42 46 50 108 197 61 47 48 49 48 55 87 120 105 98 98 85 82 69 48 47 63 98 152 128 55
43 44 48 44 67 239 62 46 46 44 46 51 55 75 73 64 65 60 65 53 47 46 46 94 84 58 51
43 46 45 44 50 215 129 55 45 47 51 49 56 84 93 78 74 70 71 67 51 47 48 85 70 54 46
44 46 48 46 49 249 335 123 60 53 53 67 86 136 144 134 111 107 129 154 108 80 73 189 95 57 49
44 45 48 45 46 62 153 108 63 49 55 74 94 104 103 102 106 98 128 182 134 123 79 151 77 50 48
43 44 44 44 44 47 58 62 57 48 49 58 84 77 68 75 69 72 84 96 63 61 66 90 57 44 45
44 44 47 44 47 57 56 68 78 67 65 117 159 163 147 145 141 137 162 186 120 165 149 115 85 50 47
45 44 47 50 46 51 53 54 71 80 86 123 187 179 173 135 134 134 175 141 121 163 157 77 79 49 47
42 43 44 43 45 42 46 51 48 53 63 65 84 77 81 76 70 69 74 60 53 50 60 46 49 47 44
42 42 44 43 44 44 42 44 50 47 55 54 55 55 58 61 48 52 53 48 46 46 45 44 48 47 45
42 44 45 44 47 44 43 44 45 46 49 46 51 58 53 56 53 52 56 55 51 47 47 44 50 59 44
43 43 44 42 44 47 44 43 44 44 45 46 47 47 48 51 54 51 49 50 47 45 46 44 47 54 47
42 46 42 43 45 42 45 47 44 45 45 44 46 46 47 52 53 56 51 48 49 45 44 54 42 46 54
43 44 46 43 44 45 45 44 47 46 46 47 47 47 54 57 63 63 57 60 57 48 46 47 44 45 49
42 47 49 51 49 50 50 47 50 47 49 51 52 53 63 71 81 84 72 80 90 63 54 51 44 44 48
43 45 47 48 46 47 51 46 50 46 46 48 50 49 57 61 72 70 67 73 73 63 51 48 48 44 44
44 45 46 48 47 48 52 46 47 46 45 47 49 48 54 59 67 66 65 68 62 60 51 48 44 42 46
51 56 54 52 54 51 51 51 48 49 50 50 52 55 63 71 78 82 80 102 80 65 62 50 44 44 47
53 63 54 49 52 54 51 49 48 50 51 55 53 56 66 74 77 88 79 100 82 78 71 50 47 45 47
50 49 48 44 48 49 46 49 44 44 46 47 48 51 50 55 58 64 59 63 56 63 58 47 46 44 46
46 46 45 45 47 45 48 46 44 47 46 45 47 47 50 54 58 62 60 56 54 64 54 46 50 44 47
60 45 48 45 47 47 49 47 45 46 50 51 51 51 56 63 82 92 69 65 60 91 70 44 48 44 53
51 45 48 46 46 47 48 47 50 49 50 53 54 53 63 80 93 89 91 67 67 83 69 46 51 48 58
49 44 45 44 43 44 44 44 45 42 44 48 46 45 49 51 51 49 54 46 49 48 46 48 46 44 62
43 43 44 42 43 44 49 44 42 43 43 43 45 43 44 50 42 43 46 43 45 44 44 46 44 44 56
