44 43 44 44 43 44 47 46 47 46 45 51 49 62 345 111 51 46 46 45 44 44 45 42 44 49 44
44 43 45 42 45 50 47 46 48 48 49 56 64 197 602 102 61 50 48 47 47 47 43 45 49 44 45
43 42 46 51 44 44 44 45 46 46 47 56 125 125 161 57 44 45 46 47 45 44 44 43 43 45 44
43 41 44 48 44 43 44 42 44 46 49 82 100 93 65 46 42 44 45 44 45 44 42 43 43 43 44
42 44 42 44 49 45 45 46 45 48 88 150 192 224 57 52 47 45 46 48 45 44 45 45 44 43 43
44 46 44 46 51 46 48 50 51 55 147 562 459 299 86 62 59 51 49 47 46 47 49 47 45 44 45
44 46 43 44 43 43 45 44 46 51 52 89 267 101 55 49 46 46 46 48 46 44 46 43 44 45 44
42 45 42 43 43 42 43 43 43 43 45 43 54 54 45 46 43 43 42 43 42 42 42 42 43 44 44
42 44 43 43 44 43 47 44 43 45 47 48 83 110 70 47 44 43 44 44 45 42 43 44 43 44 44
42 43 43 43 45 43 46 42 45 51 50 48 75 132 105 54 47 45 42 45 44 44 49 44 42 44 44
42 42 44 44 44 44 42 45 49 45 46 49 69 152 109 51 49 46 45 44 46 43 44 49 44 43 44
42 43 43 43 44 42 42 44 44 43 46 44 44 55 51 46 41 43 47 43 45 43 42 43 43 43 44
43 44 48 45 46 45 45 46 47 46 49 56 61 147 218 177 60 49 49 48 46 49 46 44 43 43 44
45 44 46 46 46 47 48 49 49 52 54 57 70 168 389 311 156 66 56 52 53 54 49 46 44 43 44
47 44 43 44 44 44 46 45 47 48 47 51 51 78 174 181 108 54 54 47 47 47 46 45 44 44 47
43 48 44 43 45 43 46 45 45 46 48 53 49 81 119 109 100 55 51 45 46 46 42 44 49 44 44
44 46 45 43 47 44 47 47 45 48 53 50 52 125 120 143 176 95 54 60 48 46 47 44 46 48 44
44 44 48 44 44 45 45 46 47 48 48 49 50 65 111 159 210 116 54 55 51 48 47 45 45 47 45
48 43 44 43 43 43 44 43 44 42 44 48 45 44 49 58 91 64 48 46 46 42 44 48 43 43 44
43 40 44 42 44 50 44 44 45 44 45 46 47 47 52 62 111 148 61 48 48 43 45 48 43 43 45
43 43 46 43 46 50 46 47 47 47 48 50 51 53 62 82 269 275 93 58 56 51 45 46 48 44 45
44 42 45 47 45 45 45 43 45 45 45 46 44 48 55 69 106 102 57 48 48 46 45 42 43 44 43
43 48 48 50 46 45 46 44 46 47 45 48 50 47 55 73 65 59 53 46 46 46 42 43 44 43 44
45 57 68 58 64 67 67 62 73 74 70 77 67 62 100 130 102 90 109 56 49 50 47 47 42 43 45
44 51 54 51 59 65 72 71 97 102 93 126 98 75 134 136 107 124 122 65 52 50 50 47 46 46 45
44 48 48 46 46 47 50 49 56 63 60 75 63 68 76 94 81 77 73 51 48 46 46 45 43 44 45
44 61 80 66 65 84 86 86 94 109 92 132 143 110 153 172 86 76 65 52 51 49 49 48 44 45 47
56 56 72 78 72 95 124 137 159 165 157 221 244 266 221 261 215 289 171 80 69 62 58 55 46 47 48
45 47 49 45 49 61 64 72 86 99 104 146 149 182 168 179 155 156 84 66 61 53 52 50 43 45 46
44 45 50 52 48 59 67 71 66 73 67 90 76 94 96 100 78 61 51 44 47 51 46 46 44 44 45
44 50 68 67 56 63 87 102 89 100 98 111 99 94 92 118 88 88 69 52 50 49 46 46 46 45 46
46 46 66 53 49 53 78 104 104 114 102 125 106 132 106 129 93 86 63 58 51 51 50 46 44 47 50
44 45 44 46 47 47 47 70 89 99 97 153 105 114 95 108 91 72 53 49 50 48 49 47 44 65 96
45 50 53 52 50 50 69 108 113 154 146 232 192 189 160 140 97 64 57 51 52 53 53 51 44 46 53
47 50 53 56 57 58 98 118 142 259 255 299 253 285 205 191 135 87 64 58 57 59 62 55 47 49 47
45 46 49 48 53 55 74 93 163 152 227 261 256 226 188 180 129 77 60 57 56 56 57 54 46 56 51
48 45 46 46 49 53 54 62 69 84 80 106 226 117 93 84 63 52 48 47 48 47 49 49 45 49 45
48 49 51 54 62 75 71 79 77 80 70 76 95 80 76 82 56 48 47 46 47 46 46 52 46 43 44
43 42 50 55 56 65 66 83 88 99 85 78 96 98 73 83 64 50 48 45 47 50 50 67 56 43 44
44 41 45 49 48 54 57 67 77 84 73 80 88 95 85 76 71 52 48 47 47 49 54 125 67 44 43
44 45 47 50 50 53 53 71 66 68 69 84 137 127 78 81 64 52 50 45 47 48 57 105 45 44 47
45 67 54 61 61 81 81 123 136 127 129 125 205 170 102 107 70 58 53 54 50 56 133 136 46 43 45
47 52 55 54 57 77 83 107 120 123 126 134 162 159 117 124 85 64 57 58 55 120 430 424 48 44 46
42 46 51 46 49 52 54 60 57 64 75 83 77 89 91 84 68 53 48 49 50 103 294 161 46 49 45
50 60 53 56 68 67 73 88 70 81 85 79 81 83 83 81 77 57 52 49 48 66 80 53 45 42 44
54 71 71 72 93 87 98 122 104 100 98 103 111 106 97 102 99 82 62 57 68 171 119 54 42 45 49
45 49 54 50 65 75 79 101 93 94 95 97 101 108 110 104 108 92 70 67 102 188 172 53 46 49 45
47 53 51 52 52 56 56 67 67 74 77 72 64 83 89 96 90 73 70 62 92 129 81 48 49 45 45
55 70 63 74 84 97 102 128 115 115 133 121 108 156 184 218 195 152 117 140 221 229 87 55 46 48 51
52 55 56 67 69 77 89 123 119 107 125 124 121 162 211 289 304 281 265 350 392 369 158 60 48 60 49
49 50 52 50 50 52 54 61 65 68 66 73 68 81 111 184 234 261 315 340 291 268 93 53 46 48 48
47 47 47 48 45 45 48 46 51 58 51 53 52 53 59 74 93 138 190 183 158 78 51 48 44 46 46
51 52 52 50 51 52 57 60 59 63 66 71 69 87 119 212 287 361 393 336 249 85 58 51 45 48 52
55 52 48 49 49 51 57 59 61 65 62 70 70 84 113 205 287 351 301 322 221 79 63 51 46 50 47
47 44 45 44 45 46 46 46 50 47 49 53 50 54 63 78 99 89 71 70 61 50 51 47 43 50 46
50 53 49 46 50 48 49 48 46 49 52 51 55 58 58 69 74 67 60 64 54 46 48 48 43 46 52
70 76 56 51 62 69 62 56 56 63 57 72 74 83 88 108 105 99 88 75 65 58 50 50 44 46 50
57 62 50 49 51 57 60 56 51 56 57 69 69 83 94 127 118 123 115 104 78 74 54 50 45 49 52
58 54 46 51 46 50 49 47 48 49 50 54 52 61 75 89 95 108 112 96 72 68 51 46 46 49 50
72 76 48 54 47 49 51 49 49 49 51 53 52 59 64 77 96 103 103 84 69 65 46 47 45 48 53
80 87 62 63 59 57 59 57 63 57 60 67 71 79 88 132 186 213 151 134 99 84 53 47 46 51 54
57 59 55 56 54 53 55 59 63 59 62 70 69 78 102 156 207 300 241 170 124 93 57 50 51 59 54
43 47 50 46 45 46 45 46 48 47 49 52 52 57 62 84 85 127 101 87 73 61 49 46 55 58 51
43 48 43 43 45 43 45 49 45 45 47 49 48 51 51 56 55 63 56 63 58 47 46 49 52 56 53
