68 46 43 43 45 44 52 46 47 58 54 49 48 46 56 68 78 81 80 51 64 54 49 46 46 43 50
52 40 43 48 44 44 46 43 47 55 45 45 44 44 51 46 46 51 47 44 51 43 44 44 42 44 50
47 42 44 48 45 46 47 50 75 153 47 46 45 45 49 46 48 49 50 48 46 44 42 43 43 43 44
46 47 46 46 51 52 65 127 198 323 79 54 53 49 50 75 118 68 54 45 45 44 45 45 43 44 46
47 47 43 46 52 55 61 112 162 163 68 53 52 51 50 77 232 170 129 51 46 46 45 42 44 44 44
45 44 44 42 45 50 52 64 57 58 50 46 45 47 47 49 98 113 71 53 45 44 44 44 43 43 44
46 46 42 43 44 44 47 54 50 53 45 44 45 43 44 49 64 79 50 49 45 44 46 42 43 44 41
56 59 44 43 48 46 56 93 48 48 47 45 46 45 44 45 49 60 49 47 44 43 44 42 43 44 44
50 51 43 45 46 54 106 190 57 50 49 47 50 50 49 54 68 138 59 49 45 45 44 42 43 44 43
43 44 44 44 45 51 65 84 48 44 45 45 46 46 45 48 80 193 67 44 48 45 45 44 42 43 44
44 44 44 45 46 47 91 95 46 46 50 46 45 46 44 45 53 76 48 40 44 42 44 48 44 44 44
46 49 46 47 55 80 298 297 86 65 55 55 58 56 54 56 102 126 63 43 46 50 45 44 44 42 44
45 54 47 47 52 94 229 246 84 60 56 56 55 56 59 68 223 258 172 49 49 44 45 42 45 48 45
46 48 43 44 46 63 72 68 49 49 46 44 46 46 47 55 129 181 128 44 45 42 43 44 43 44 46
44 48 47 48 56 172 336 203 81 56 55 60 58 56 55 58 115 131 75 46 44 48 43 44 48 44 43
50 56 60 56 66 334 529 410 168 81 74 74 74 74 73 149 360 396 174 57 47 48 47 43 46 50 46
53 52 49 47 49 91 161 115 68 59 53 54 59 56 59 139 420 403 241 57 45 47 47 43 44 49 46
43 44 46 44 44 45 47 46 45 42 44 48 44 43 44 45 60 74 55 43 44 42 44 45 42 44 47
43 44 44 48 52 54 63 51 46 45 45 45 46 45 45 46 48 56 52 43 45 41 44 50 43 42 43
43 44 46 42 46 57 61 56 48 44 45 46 46 47 51 56 72 104 66 44 44 45 42 44 48 44 43
43 43 42 44 42 47 54 48 44 44 43 43 45 44 44 47 62 73 52 44 44 45 42 43 48 44 42
43 42 44 51 47 54 63 60 47 45 45 45 46 44 46 48 48 49 50 44 44 43 42 43 44 43 44
45 50 49 52 73 174 247 194 107 65 61 60 62 66 80 119 125 84 56 47 46 44 46 45 42 44 45
46 50 46 50 65 136 187 178 139 71 63 63 65 84 176 217 191 168 85 53 46 46 46 47 45 47 45
51 49 48 46 58 125 142 107 88 64 54 56 56 57 91 118 120 122 60 46 45 47 43 45 44 44 46
48 68 51 51 120 269 226 213 234 136 77 76 98 123 155 173 172 83 56 47 46 46 45 46 43 46 51
52 55 54 51 95 202 177 175 158 135 92 88 139 153 192 211 138 113 68 49 46 48 48 46 45 45 43
46 46 53 44 52 85 85 86 88 76 70 63 92 120 150 161 132 151 62 46 54 48 51 44 42 46 45
50 53 66 54 88 238 245 243 211 130 89 84 92 97 106 81 82 94 54 44 46 50 47 47 44 46 45
60 64 66 84 226 307 305 258 224 234 173 165 195 237 200 222 127 93 60 46 49 56 56 51 46 44 46
55 65 64 63 92 171 223 270 231 274 212 239 220 258 223 259 200 116 64 63 51 54 48 55 46 45 46
57 66 56 56 72 113 163 224 210 221 173 210 183 220 170 131 99 65 55 56 49 51 46 55 45 46 44
138 86 55 56 71 93 134 183 188 196 165 209 179 158 163 156 117 64 52 53 51 50 48 47 43 45 48
68 66 52 46 62 81 110 163 161 170 129 149 173 168 132 127 98 62 54 52 68 113 63 45 43 48 47
51 50 48 46 53 70 91 140 110 97 83 87 174 134 115 66 60 54 44 46 83 236 59 44 42 44 45
56 64 59 59 79 171 273 291 313 297 217 186 304 318 137 84 82 71 58 52 49 58 47 46 45 48 46
54 58 51 52 62 129 168 195 138 142 106 141 224 236 115 98 66 59 54 46 48 48 45 45 43 44 48
46 59 45 45 49 54 71 72 60 56 51 51 72 119 57 48 44 45 45 43 45 44 44 47 44 43 44
47 45 49 48 54 64 77 98 87 105 68 57 85 117 64 52 48 46 46 46 45 46 42 45 48 44 43
44 46 44 44 43 46 55 54 50 50 47 46 60 65 48 46 44 42 44 46 47 44 42 47 47 44 42
46 49 46 47 45 45 53 56 49 47 44 47 56 53 47 46 44 44 49 45 44 43 42 43 44 42 44
44 51 43 44 49 46 50 57 50 46 46 46 51 54 49 45 43 44 46 47 42 43 43 43 44 41 44
76 245 56 47 50 57 75 98 78 59 58 60 81 64 52 47 47 48 48 55 46 43 43 43 43 44 41
109 418 64 52 54 67 101 136 113 99 89 112 91 80 62 54 52 53 66 138 62 46 44 44 44 42 44
46 66 46 44 47 45 55 67 60 59 58 58 59 54 47 46 44 46 56 176 82 44 44 44 41 44 49
51 102 86 51 58 79 120 174 180 160 144 156 131 85 64 58 57 56 61 74 49 47 45 44 44 45 42
51 70 67 52 65 101 159 223 223 190 217 213 207 137 93 67 64 64 94 84 56 50 46 45 43 44 45
46 49 50 46 47 63 83 99 79 71 72 83 82 66 57 50 50 47 55 46 45 45 44 43 44 44 42
54 90 131 69 77 185 195 218 196 172 176 168 162 123 84 71 65 69 63 46 46 53 46 46 45 44 45
52 77 149 122 140 235 226 234 199 179 190 197 199 170 126 95 86 115 115 65 48 49 47 46 46 50 46
45 52 57 59 65 89 129 129 105 94 102 119 139 119 94 69 71 79 72 59 46 46 46 42 44 44 44
51 66 126 194 149 172 240 196 129 106 103 117 116 96 71 63 61 62 51 49 50 46 46 46 44 45 46
69 100 117 184 280 390 530 503 375 302 265 339 362 283 195 145 121 105 69 60 55 56 50 49 46 47 50
58 72 66 88 143 246 318 297 237 206 176 241 229 205 132 108 90 75 61 54 48 50 49 45 46 50 46
55 55 49 52 84 122 120 103 103 95 86 92 81 72 60 57 57 54 47 46 45 43 45 46 43 45 45
67 74 67 80 117 188 174 153 150 141 103 108 111 86 76 67 63 63 54 46 46 47 44 45 45 45 46
93 122 87 99 172 247 232 216 215 208 174 184 165 150 114 97 85 75 64 54 50 53 46 48 45 45 46
71 70 59 65 80 104 117 123 113 126 110 128 93 97 82 76 66 62 58 56 49 50 46 44 47 47 45
64 60 45 50 54 62 62 71 63 61 57 61 55 57 52 56 52 51 51 50 46 46 46 44 46 44 43
85 91 55 69 62 67 74 76 72 69 62 66 64 59 56 58 60 57 62 52 47 46 43 43 45 42 46
101 94 76 81 84 92 102 110 121 103 94 104 89 85 76 87 103 106 80 66 56 47 45 44 46 45 46
56 60 59 62 63 66 73 79 87 77 75 83 74 72 71 87 81 118 102 65 51 45 45 45 48 47 48
45 45 45 53 46 49 52 51 56 51 52 53 52 49 52 66 51 66 53 48 46 43 45 42 48 53 50
43 47 44 43 46 45 50 54 51 49 50 51 50 53 47 55 49 51 47 43 44 43 43 46 45 49 54
