45 43 44 41 44 48 44 44 46 45 44 45 44 44 44 44 46 51 44 43 44 41 43 43 42 44 42
44 46 45 42 46 44 45 50 63 65 56 51 44 44 46 45 44 48 49 43 45 43 42 43 43 45 44
44 45 45 44 46 46 50 51 108 161 60 48 50 52 50 51 65 58 44 45 50 44 46 43 42 45 43
44 45 45 45 45 47 52 54 71 380 56 49 51 50 49 51 222 127 60 46 46 45 44 48 44 43 44
44 46 46 44 45 46 48 51 102 281 63 48 48 48 48 52 69 64 50 41 44 46 44 46 43 42 44
51 47 46 46 48 51 60 73 171 276 80 55 55 51 51 63 330 216 61 48 46 48 45 43 44 44 44
46 43 45 44 45 46 50 62 63 69 65 48 51 50 46 52 104 155 59 46 46 50 45 42 44 42 44
44 39 45 42 44 48 44 47 51 45 45 43 44 43 45 46 52 67 49 42 44 45 43 46 44 44 46
43 46 44 46 44 44 49 71 68 43 46 44 46 47 45 42 54 68 44 41 45 41 43 48 43 43 44
44 47 44 45 46 47 56 140 122 56 50 46 51 46 48 51 120 138 59 44 44 44 41 44 48 44 46
44 46 45 43 46 46 54 117 95 50 47 46 51 46 46 51 148 200 60 49 46 44 45 42 43 49 45
48 44 43 44 43 44 54 82 55 43 45 48 45 43 44 44 64 69 45 43 45 42 43 48 44 42 44
45 47 49 46 50 64 224 292 136 55 52 52 53 53 52 61 110 115 52 46 46 43 44 48 44 43 44
48 53 52 50 57 67 290 359 195 64 56 57 58 59 62 127 268 307 98 51 46 45 43 46 49 45 45
45 44 46 50 46 50 105 127 74 53 48 48 50 48 50 97 247 303 113 48 45 44 44 46 43 45 47
46 50 50 54 52 103 313 237 164 63 54 56 59 56 57 93 181 137 60 47 45 44 43 44 44 44 45
46 55 49 51 61 122 319 242 213 76 60 58 60 62 88 217 294 332 82 54 47 43 47 46 43 46 46
44 48 45 47 52 59 141 133 91 57 51 49 51 55 64 190 288 277 70 54 46 44 45 43 44 45 44
42 43 45 42 45 51 54 61 48 44 44 44 44 44 47 51 75 63 46 43 44 43 42 43 45 42 43
43 50 44 44 46 51 65 97 61 47 46 44 45 46 46 57 63 59 46 42 44 42 43 44 41 43 48
43 45 48 42 44 47 56 86 58 48 46 46 44 45 46 58 95 78 51 44 44 44 44 44 43 43 41
42 43 44 41 44 48 47 53 47 44 44 44 43 44 46 52 55 47 41 43 49 43 45 44 41 43 44
42 43 45 44 43 46 58 67 55 47 44 44 45 44 50 56 55 46 44 40 44 46 44 44 43 43 43
44 48 49 47 46 64 122 134 124 67 51 51 53 56 89 105 81 55 47 40 45 49 44 46 44 42 43
44 48 46 46 48 53 84 118 112 66 52 50 53 63 147 137 113 66 49 49 44 45 45 44 44 43 44
43 44 44 43 47 46 50 60 53 49 47 43 46 56 64 80 71 45 45 48 44 44 44 42 43 43 44
45 54 50 49 50 67 138 145 117 75 52 54 62 80 127 123 66 53 45 46 48 44 46 44 42 44 47
47 54 51 52 50 79 151 154 152 102 81 66 81 131 152 171 121 83 53 50 45 45 42 44 49 45 44
45 50 48 45 47 58 81 94 92 79 64 54 60 105 132 104 85 87 46 50 44 43 46 41 43 49 44
47 46 46 46 50 72 87 85 74 71 55 54 60 63 64 63 56 47 44 46 45 43 46 43 43 46 44
53 57 56 54 59 104 134 142 116 132 110 105 112 132 106 118 88 58 49 47 47 48 47 48 44 43 44
48 56 58 56 54 74 120 138 139 148 125 130 132 157 119 152 107 63 50 52 48 48 55 57 44 44 44
45 47 49 48 48 56 68 94 106 103 90 104 95 93 110 77 71 48 46 47 45 45 48 54 47 45 44
61 63 58 56 56 70 121 180 192 200 154 178 159 195 130 72 64 55 50 52 46 45 47 46 46 45 44
57 71 63 64 65 90 150 233 230 238 193 250 193 267 219 121 103 66 58 54 47 46 53 45 45 44 46
52 70 62 62 66 106 177 200 225 238 211 213 242 282 176 97 122 65 54 56 47 52 71 46 45 44 46
47 55 56 50 52 76 106 131 106 101 82 81 132 140 70 63 56 50 47 49 46 42 45 45 44 45 42
54 62 59 63 58 130 159 145 124 126 87 102 133 129 96 97 58 53 50 49 45 45 44 44 44 42 44
49 79 55 53 54 76 120 134 121 162 111 86 127 132 82 75 54 53 49 46 48 51 46 45 42 45 49
46 60 54 46 46 52 59 72 75 68 63 64 96 95 71 49 46 46 45 49 52 47 45 43 43 44 41
50 106 66 45 47 59 65 84 72 58 54 56 65 71 56 48 46 45 40 47 55 44 44 44 42 43 44
115 356 169 59 60 99 132 170 165 122 106 93 125 154 82 63 58 55 53 72 72 48 47 44 43 46 48
93 395 138 59 60 76 120 163 161 137 129 114 163 119 82 62 59 56 66 174 143 53 48 44 45 48 46
50 353 88 52 51 63 80 118 110 110 104 110 96 88 63 51 51 51 64 136 105 46 44 44 44 44 45
61 360 206 69 58 74 104 156 143 142 133 123 125 101 71 57 56 56 68 131 63 44 45 44 44 45 43
59 201 191 90 65 82 135 178 174 154 152 150 162 135 91 62 59 62 112 179 71 46 45 45 45 46 45
47 74 93 64 59 68 108 149 138 138 148 141 149 115 93 58 55 59 103 120 50 45 49 44 45 46 43
47 66 87 70 55 67 89 124 113 112 120 122 113 94 70 52 54 53 60 60 46 43 45 45 44 46 45
56 116 156 139 85 152 188 236 227 212 224 209 214 150 93 74 70 76 80 63 50 44 46 48 45 48 46
58 86 134 175 121 209 236 232 214 201 220 228 237 200 142 118 90 114 137 95 52 46 46 46 49 54 48
46 55 67 73 58 70 87 85 84 81 87 96 113 116 97 78 65 78 83 58 46 47 45 45 45 46 45
53 68 174 273 159 182 212 168 133 112 104 113 100 96 83 70 64 63 59 54 46 46 46 45 46 46 48
65 102 125 235 262 324 401 355 297 252 224 281 275 229 169 155 125 119 67 63 50 48 51 49 49 49 57
57 79 71 97 127 187 234 234 193 178 152 196 159 158 115 110 87 73 60 55 47 46 47 46 46 44 47
53 55 54 58 86 108 108 91 92 81 74 78 69 64 61 57 54 51 47 49 43 43 46 43 44 46 46
53 69 75 78 105 170 146 119 113 100 78 75 76 70 63 59 58 57 49 49 47 42 44 44 43 46 51
87 122 95 116 189 266 223 196 189 185 153 154 131 118 98 85 75 68 57 56 50 46 46 45 45 53 51
71 88 70 82 103 131 139 156 125 134 114 122 90 91 78 77 66 61 57 51 48 48 44 44 44 53 54
68 64 58 60 62 78 79 92 81 74 61 63 57 58 56 56 53 51 51 45 47 45 43 44 43 46 50
124 99 72 90 82 101 106 108 97 80 67 69 60 61 62 58 56 55 49 49 52 44 44 45 42 46 50
196 159 123 157 146 179 195 190 187 141 107 110 92 86 76 84 96 96 67 62 48 45 50 46 45 49 50
78 96 84 102 116 127 161 144 150 119 101 102 85 76 77 97 92 130 97 59 49 51 46 44 49 55 50
58 60 52 59 58 57 66 74 75 61 60 56 54 56 51 63 55 72 51 49 50 44 43 44 47 53 50
59 72 56 60 62 62 63 56 58 60 55 53 53 53 50 56 52 56 46 46 46 42 44 44 48 53 51
