44 43 44 43 48 43 42 43 44 56 60 50 56 54 45 43 42 44 43 43 44 40 43 48 43 43 44
44 43 44 41 44 47 44 44 44 47 71 80 81 71 49 46 44 42 43 43 43 44 41 44 48 44 44
44 42 49 46 45 44 44 44 44 47 74 174 152 134 70 49 48 46 45 43 45 43 43 44 42 44 49
43 42 44 47 45 42 44 42 43 44 44 54 59 83 53 46 41 44 45 44 44 44 42 43 44 43 44
42 44 42 43 48 43 43 43 43 44 44 46 46 64 51 44 39 44 44 44 43 43 42 42 44 42 44
42 44 43 44 48 43 43 43 42 43 45 44 55 119 52 46 47 44 43 43 42 43 44 42 44 46 43
44 46 43 44 44 44 45 42 44 45 47 52 69 385 108 60 54 49 45 45 45 44 44 43 45 48 44
45 46 43 43 44 43 44 44 44 43 46 48 55 262 119 58 48 47 44 45 44 44 44 43 44 44 46
43 43 45 43 44 42 43 43 43 44 44 45 48 100 83 58 45 44 45 42 44 48 43 44 44 42 43
41 44 44 43 46 42 46 49 45 43 47 46 59 143 136 94 50 46 43 46 44 44 48 44 43 44 43
43 42 45 45 45 46 42 46 50 45 47 50 82 205 196 145 55 51 49 48 44 47 46 44 47 45 42
43 43 44 45 44 44 46 45 46 44 45 49 58 171 203 131 55 50 51 47 49 45 43 43 43 43 44
43 43 49 46 45 45 45 46 46 44 51 58 67 299 350 144 71 55 52 51 51 47 46 44 42 44 45
45 46 49 48 47 47 49 50 48 47 57 66 102 508 535 313 164 66 62 64 56 52 47 44 44 45 45
44 44 45 46 48 46 48 46 47 51 53 58 71 329 473 273 137 64 62 56 54 51 46 42 45 48 44
42 44 43 44 45 43 45 43 44 48 46 46 51 131 172 97 54 50 50 46 45 46 42 43 48 44 42
43 44 47 43 46 44 44 46 42 45 53 50 54 157 164 123 63 54 49 52 46 45 46 45 44 44 48
43 42 44 43 45 44 45 45 43 45 52 51 57 138 140 143 74 56 55 51 46 45 49 43 43 48 44
48 43 44 44 43 44 44 44 44 42 46 51 50 108 110 98 55 49 47 46 46 42 44 48 43 44 44
42 44 41 44 49 44 43 44 42 45 46 46 62 77 134 108 82 51 49 47 47 44 44 47 44 43 45
44 41 47 45 47 51 48 49 46 46 52 58 102 152 331 241 194 125 64 59 55 52 44 44 48 45 45
46 45 45 47 50 47 49 53 48 47 56 57 82 159 362 333 277 193 83 65 61 56 47 46 43 46 49
44 46 45 46 46 44 46 46 46 46 48 54 67 94 156 139 133 136 89 60 51 51 44 44 45 42 44
44 44 45 45 46 51 47 46 46 45 50 57 78 151 178 140 123 143 116 83 54 58 46 45 46 42 44
43 44 47 46 48 47 46 49 46 46 53 55 89 164 175 149 139 129 145 125 69 69 48 48 46 50 44
44 47 44 47 47 46 47 49 46 46 50 54 68 155 170 170 147 130 161 151 79 68 49 43 48 49 44
44 48 44 45 46 44 48 54 46 46 49 49 54 68 102 164 200 179 208 194 105 83 50 46 42 44 49
46 47 50 48 52 55 58 64 55 53 62 75 88 164 284 415 469 446 401 537 463 251 70 52 47 47 46
45 45 47 46 49 53 54 56 50 48 55 60 65 127 192 292 295 323 294 326 280 217 79 58 45 45 46
44 44 44 45 43 46 52 49 46 45 47 49 51 60 73 115 151 160 205 219 222 150 85 51 44 44 45
43 44 45 45 44 44 50 47 44 45 45 47 50 53 76 105 95 129 128 132 144 112 75 50 45 43 45
44 44 46 45 44 44 46 46 47 45 47 50 53 56 74 101 102 112 114 122 118 130 104 66 46 45 45
43 43 44 44 43 44 45 45 45 46 45 47 47 49 58 69 81 88 108 113 108 119 117 65 46 45 43
45 44 45 44 45 42 44 46 44 44 45 45 48 49 49 55 59 90 122 146 131 135 105 52 46 43 44
43 44 44 44 46 44 47 49 46 47 46 46 49 56 60 70 88 181 192 182 205 285 124 48 50 44 44
44 43 45 43 45 45 46 49 46 46 49 49 49 68 74 81 88 127 172 170 180 291 111 48 44 45 54
43 42 44 43 44 44 44 46 45 44 46 46 46 54 58 65 72 81 108 105 127 159 74 46 44 48 46
47 44 43 44 43 43 45 44 44 43 45 47 46 47 54 62 63 65 80 76 71 63 47 44 46 44 42
43 44 48 44 44 45 44 46 44 44 47 45 47 55 64 67 71 73 82 85 84 81 50 47 44 42 43
43 40 44 48 44 44 45 44 44 43 45 46 45 51 62 68 69 70 74 87 78 71 48 45 43 44 44
48 43 43 44 43 44 45 47 46 42 45 49 47 50 56 64 76 73 77 78 65 50 44 44 41 43 48
43 48 44 46 45 44 53 70 50 46 45 48 56 74 84 96 114 101 86 78 53 51 45 44 44 44 44
45 43 47 50 49 59 234 462 145 51 55 59 64 95 140 173 174 176 167 104 60 56 49 45 45 43 45
42 44 49 44 47 51 129 219 116 53 53 52 59 80 104 131 161 151 135 84 56 53 48 42 44 48 45
44 44 44 44 48 70 98 121 89 63 56 53 56 64 76 86 106 98 65 54 49 48 54 41 44 48 46
46 48 45 46 55 168 189 127 142 135 108 108 96 94 112 118 128 121 91 56 54 50 47 45 42 45 54
45 44 47 47 72 220 117 57 100 135 123 127 127 112 128 117 119 108 77 59 57 48 46 43 45 45 43
45 44 48 49 60 63 52 49 51 90 122 147 166 191 168 139 141 104 60 58 57 50 45 44 43 44 47
45 45 49 52 124 73 51 51 49 81 202 249 263 207 160 150 104 67 57 55 54 49 44 44 44 45 48
49 48 56 74 198 67 59 60 54 104 367 428 518 368 287 268 234 114 73 66 62 58 49 46 46 47 48
48 48 59 76 80 56 57 59 55 66 244 443 511 398 324 294 240 110 76 71 62 57 48 47 46 54 54
46 45 58 62 54 49 49 49 48 51 72 181 378 283 204 135 89 60 56 58 51 48 46 43 44 53 48
46 51 161 174 66 47 47 47 46 48 61 106 284 179 115 96 64 57 51 51 48 45 45 44 44 47 45
49 71 334 425 100 46 47 49 45 46 53 77 93 80 68 63 58 48 47 47 44 45 47 44 45 45 45
45 56 70 77 50 46 44 45 46 44 50 63 60 56 53 49 49 46 44 46 42 44 48 43 44 44 44
46 44 56 53 46 49 46 47 50 45 51 58 56 52 50 47 51 45 44 44 44 43 44 46 43 45 47
63 46 55 50 48 54 55 54 54 54 63 68 68 59 56 53 50 47 47 48 43 44 49 43 44 44 43
74 53 63 50 56 56 67 63 64 66 89 107 93 89 83 69 67 60 56 50 52 50 45 44 44 43 44
89 46 56 54 52 50 58 56 56 58 74 86 82 87 81 73 70 66 62 58 49 46 46 49 44 44 45
80 62 48 49 49 50 54 52 53 51 58 64 62 62 60 60 60 59 57 48 46 46 44 44 44 45 47
86 76 53 57 54 57 61 61 60 55 60 64 66 63 59 64 63 70 57 53 48 46 46 44 44 48 47
74 70 58 57 61 60 63 74 74 65 78 81 82 76 81 93 110 128 96 71 51 50 47 46 45 46 49
49 58 53 48 50 48 50 57 59 52 59 64 62 66 70 81 83 113 86 67 51 49 46 46 46 47 50
45 45 40 44 50 46 49 47 47 47 50 51 51 51 51 57 51 57 51 51 46 44 45 47 48 48 55
