57 46 47 52 66 55 46 46 44 44 48 43 42 43 43 43 42 43 43 44 45 44 47 44 42 43 42
54 46 43 48 70 97 72 59 47 46 48 45 44 44 44 42 43 42 44 47 46 43 44 42 43 44 43
47 46 52 56 56 106 130 122 55 52 49 48 47 44 43 44 44 42 45 43 44 44 43 44 46 44 43
45 44 45 44 48 62 83 80 50 47 49 45 43 47 44 43 45 44 43 44 44 44 45 44 46 43 42
44 43 45 42 45 47 49 51 46 46 46 44 42 43 43 43 47 44 42 45 43 42 44 42 44 46 43
56 44 43 45 46 46 54 59 47 44 46 47 44 42 43 43 43 43 44 43 42 44 47 43 44 44 42
56 45 48 44 51 47 52 63 47 45 49 42 44 49 44 44 42 43 45 42 45 44 43 47 44 42 43
50 44 44 44 45 44 52 68 49 48 47 43 44 43 44 43 42 43 44 43 45 44 44 40 43 45 43
44 43 45 46 45 46 56 80 51 45 46 44 44 44 44 46 44 44 43 46 42 43 44 42 44 48 43
48 44 47 46 47 55 99 136 83 49 52 52 46 43 44 42 42 43 44 42 44 44 44 43 43 44 41
46 51 49 48 55 71 189 180 123 61 54 52 51 46 44 45 40 44 45 48 43 43 44 43 45 42 44
43 45 49 46 54 68 168 160 85 57 53 48 47 50 44 42 43 44 42 46 44 45 45 44 44 44 44
52 50 46 55 77 236 415 356 122 77 68 60 52 44 44 49 42 44 43 44 45 44 45 44 44 46 57
62 60 55 68 110 558 654 607 309 114 95 79 61 51 44 46 44 46 46 44 45 45 45 46 45 46 47
54 51 51 58 79 307 446 364 161 83 72 64 54 45 45 49 44 44 46 47 45 43 45 43 44 46 44
46 45 46 47 66 149 135 122 67 53 51 49 44 44 49 43 43 43 41 43 48 43 43 43 42 43 44
48 48 47 55 95 183 189 179 97 67 60 53 48 46 42 44 43 43 43 44 47 43 43 44 43 44 45
46 47 46 50 109 168 156 117 72 62 54 50 48 43 45 50 44 43 43 40 44 47 44 43 46 42 44
42 44 45 46 75 89 84 64 56 49 47 46 43 43 44 43 40 43 48 43 44 43 42 44 45 43 44
52 49 51 61 153 267 225 101 76 63 58 56 48 44 44 44 44 41 45 48 44 44 44 42 43 44 44
60 55 55 96 253 429 390 242 154 93 79 71 54 48 46 44 44 47 45 46 46 44 44 43 44 46 43
55 53 52 71 132 276 391 258 207 98 78 66 55 48 46 45 44 46 46 44 44 44 47 44 46 45 44
48 46 48 56 99 142 149 146 128 86 62 56 49 44 44 44 43 43 42 44 42 44 49 44 43 44 43
51 49 53 78 139 181 170 175 178 151 95 66 52 47 45 42 45 44 44 42 45 42 46 49 44 45 45
54 53 64 72 159 202 211 184 190 194 151 82 60 49 47 45 43 45 43 45 48 44 45 45 43 44 45
54 52 56 59 92 183 190 210 214 177 163 102 57 50 45 44 44 44 45 42 45 49 45 44 44 43 46
60 52 56 70 117 237 305 321 310 254 197 113 66 52 45 46 43 45 45 44 46 42 45 49 45 46 46
78 72 65 89 176 410 518 527 479 467 469 406 144 66 47 46 47 47 50 44 46 47 46 46 46 48 51
66 69 60 72 113 244 343 432 385 389 452 408 207 73 46 46 45 46 46 49 48 45 46 44 46 46 46
54 58 51 55 70 102 136 181 211 266 292 304 175 63 44 44 42 45 44 47 42 43 46 45 44 44 45
46 50 55 52 63 101 120 126 160 181 167 171 132 118 47 43 44 44 44 44 44 44 44 44 47 45 46
50 50 45 54 68 84 115 139 196 188 148 171 132 119 49 48 43 44 44 43 45 43 45 46 44 45 45
49 49 48 50 59 73 85 114 155 191 159 178 124 110 47 45 43 43 44 42 44 44 44 44 44 43 44
50 50 50 50 62 78 86 109 182 246 210 241 163 80 45 44 44 42 44 43 44 44 42 44 47 44 46
54 54 52 63 71 94 115 178 203 317 266 296 231 122 51 45 45 45 45 45 47 44 44 44 45 45 45
56 53 53 62 73 101 125 169 267 291 264 373 215 77 51 45 43 45 46 44 48 45 44 44 44 45 46
45 46 44 48 58 64 73 79 87 97 100 132 74 52 44 48 42 43 43 43 44 46 44 42 43 43 44
47 46 48 53 76 79 96 98 97 91 90 87 79 49 45 42 47 43 45 43 42 43 43 43 44 42 44
49 48 48 51 66 83 100 108 105 102 99 83 81 55 44 44 44 46 44 45 45 42 44 42 43 45 42
47 49 47 50 60 68 84 115 113 103 94 95 76 48 44 43 43 47 44 45 44 42 43 43 43 44 42
47 51 48 50 62 71 86 132 166 147 101 87 59 47 44 44 42 44 43 44 42 44 48 44 44 44 43
66 76 64 74 96 138 186 322 388 324 270 177 76 55 46 46 46 45 42 45 46 45 48 45 44 46 46
80 100 72 84 113 168 239 419 453 413 354 180 88 58 46 44 46 46 47 42 46 44 46 48 45 46 47
59 58 51 56 70 91 111 187 192 222 180 96 62 49 44 44 43 44 45 44 47 44 43 44 44 44 46
146 140 78 60 65 78 105 138 121 121 98 70 52 47 44 42 43 44 45 42 44 49 44 43 44 43 47
275 346 255 137 116 107 147 147 151 140 125 107 59 49 45 47 46 45 46 45 45 47 45 43 46 44 52
201 291 206 193 173 144 162 170 154 140 132 100 59 48 46 46 46 45 48 43 45 45 44 45 47 46 47
130 145 111 124 112 95 92 111 119 100 96 62 51 47 44 44 44 44 46 42 44 44 42 44 47 46 50
194 128 134 388 517 405 413 311 301 233 157 100 69 54 46 47 48 48 46 50 44 46 46 45 46 50 50
110 96 96 310 571 518 452 458 390 302 217 128 79 60 47 48 44 50 48 46 47 46 45 46 47 48 49
91 82 73 121 326 464 486 465 410 292 189 122 76 57 47 46 46 47 46 47 47 47 46 49 52 57 50
79 69 61 80 191 341 382 332 251 149 110 84 63 51 43 46 45 46 46 46 44 44 46 42 45 59 48
107 90 78 113 305 619 714 634 478 259 169 128 80 59 50 48 47 48 48 47 47 47 44 47 51 50 52
92 76 69 100 167 422 569 520 354 224 142 113 72 55 49 46 45 48 47 46 46 46 46 44 47 47 48
63 46 47 58 66 86 119 106 84 63 58 54 48 44 46 44 42 44 44 44 46 44 42 43 43 43 45
112 54 46 53 71 66 64 57 51 49 47 45 46 43 43 46 42 42 44 47 44 43 44 43 43 43 43
314 102 67 102 132 143 107 89 74 63 59 53 49 46 44 46 49 44 45 45 43 43 45 43 45 43 45
220 98 84 149 172 159 146 110 92 79 69 61 54 49 48 48 47 51 46 46 48 42 44 44 44 45 45
84 64 61 81 95 83 85 75 66 61 56 52 49 47 47 49 47 52 47 45 45 42 44 44 44 45 43
79 84 62 81 88 77 73 73 61 54 53 48 47 47 43 47 47 47 44 47 42 43 50 44 44 46 42
111 126 109 122 116 104 90 83 71 65 57 52 50 47 46 51 50 57 43 46 49 43 49 46 43 45 46
95 102 100 104 103 101 93 89 78 64 61 59 53 52 55 61 78 88 73 48 46 46 45 49 46 44 49
57 75 58 60 60 56 58 57 56 52 53 50 48 50 52 64 57 87 69 53 46 45 43 45 45 46 50
53 53 52 50 50 50 52 50 50 46 48 52 48 49 46 48 49 52 49 47 44 49 46 42 47 46 57
