46 45 43 43 44 42 44 46 45 46 49 51 52 62 103 66 57 51 52 51 47 46 44 42 44 44 46
44 44 44 46 44 42 43 43 44 45 44 47 54 62 159 46 43 44 44 44 44 43 44 43 43 42 44
42 46 46 43 47 43 46 49 47 47 54 58 84 193 142 51 47 44 43 46 43 43 48 44 42 44 43
44 44 45 45 44 44 43 46 57 59 120 159 216 393 96 53 50 46 49 46 47 42 44 45 44 44 46
43 44 48 44 44 44 42 44 51 50 59 78 90 223 58 45 46 44 45 42 44 44 43 43 44 42 44
42 45 44 43 47 44 42 44 43 44 47 48 56 69 46 44 46 43 42 43 43 43 44 42 44 47 44
43 46 42 43 49 44 47 44 42 44 44 46 52 47 46 49 42 42 44 42 44 46 44 44 44 42 43
43 42 43 44 43 44 42 43 45 44 46 50 59 46 46 46 46 43 48 45 48 44 44 43 43 44 42
43 46 44 44 44 45 44 43 43 44 44 47 56 47 46 44 43 43 42 46 42 43 49 43 43 45 42
43 43 43 43 43 44 42 43 49 44 45 50 63 46 45 43 45 44 44 42 44 41 43 48 43 43 44
45 44 44 44 45 44 45 44 47 51 52 100 156 66 52 47 45 44 45 48 44 43 45 42 44 50 44
44 43 46 44 43 43 44 45 48 48 53 81 148 94 54 46 42 43 47 45 46 42 44 46 44 46 44
43 42 44 42 45 43 43 44 45 46 46 55 84 68 48 43 42 42 43 43 45 40 44 47 44 44 44
44 43 44 42 44 48 44 46 50 52 59 97 174 168 59 50 45 43 46 44 45 44 43 45 47 44 44
44 44 46 47 45 48 46 48 61 71 85 193 313 432 101 65 50 47 50 53 49 42 45 46 43 46 43
44 42 44 47 45 46 45 45 53 59 63 110 197 262 86 54 46 46 49 47 48 44 43 45 44 44 44
42 43 42 44 46 43 46 44 45 47 52 59 91 102 57 46 43 43 48 44 45 44 42 44 43 43 44
44 46 44 45 49 44 46 48 55 65 72 106 217 324 124 61 47 46 49 53 47 45 44 45 44 44 44
42 44 45 43 44 46 45 49 53 58 64 78 149 289 178 59 45 47 51 48 48 44 43 45 43 45 45
43 45 42 43 43 43 44 42 46 53 49 51 65 98 105 52 44 48 44 45 46 42 43 43 43 44 41
44 44 44 43 44 42 44 45 44 49 56 56 68 96 125 65 48 44 45 48 45 43 44 42 43 44 43
43 45 46 44 45 44 45 51 56 62 68 82 124 223 280 154 54 48 46 51 49 44 49 46 43 45 44
43 42 44 44 44 44 42 46 54 55 57 70 105 145 181 87 50 47 46 45 46 44 42 43 44 45 42
44 48 44 44 46 42 44 45 49 54 56 83 127 116 98 80 50 45 47 47 44 43 43 43 44 41 44
44 48 50 45 47 46 46 53 71 84 106 199 324 254 404 233 63 52 53 58 52 44 46 49 45 46 45
46 49 51 48 45 46 48 57 82 102 128 291 428 447 536 223 71 55 59 63 56 49 46 50 45 46 48
45 41 44 48 44 43 46 47 58 68 80 168 187 198 170 106 53 48 48 51 46 44 49 46 44 45 45
46 48 46 46 46 46 50 59 87 132 267 400 328 360 319 150 66 57 61 60 53 46 44 50 50 47 47
47 51 48 45 46 46 50 66 112 145 345 335 324 457 362 252 102 59 62 68 54 46 47 49 46 52 48
45 45 47 49 46 44 48 54 81 139 247 207 240 302 238 143 67 51 55 58 49 44 46 46 45 50 47
43 45 48 44 44 45 46 53 68 181 155 160 175 183 108 62 48 47 48 49 48 43 45 46 44 48 45
45 50 47 47 46 47 58 87 234 317 242 330 308 360 229 96 59 54 57 59 54 44 46 53 46 48 48
47 48 46 45 47 48 57 169 359 283 269 369 338 345 274 113 67 57 60 61 54 46 47 52 47 48 50
46 45 46 44 45 45 48 78 174 159 161 265 266 179 125 65 51 48 52 53 49 45 43 48 49 46 45
44 42 45 49 45 45 52 86 210 174 137 138 214 106 74 56 48 47 54 50 48 44 43 46 44 44 46
45 47 44 47 51 48 108 226 296 295 271 291 232 142 102 66 54 52 58 55 49 45 45 49 46 44 47
44 45 44 44 48 45 51 74 193 211 178 155 173 114 75 56 51 47 51 55 48 43 45 45 44 46 44
42 42 44 41 44 48 44 50 62 117 61 68 58 54 49 51 46 44 43 44 43 43 44 42 43 48 44
43 47 43 43 44 43 50 88 121 124 95 78 68 61 54 48 44 48 46 44 45 42 44 45 42 44 48
43 45 48 42 44 45 58 119 138 146 131 122 101 84 70 52 47 49 49 46 46 43 44 46 42 44 50
43 43 45 42 45 46 46 75 112 146 127 117 101 82 63 52 46 46 43 48 49 44 46 46 42 46 46
43 43 43 44 43 44 44 47 74 98 102 87 77 63 55 48 44 44 46 46 42 43 45 44 46 44 45
45 45 44 46 44 45 51 60 127 205 255 191 168 111 78 57 51 49 52 49 49 46 44 50 44 44 50
44 46 44 45 46 45 50 62 123 304 320 303 249 160 99 67 56 53 57 58 54 45 46 50 43 46 48
44 44 44 44 43 44 46 50 64 111 193 178 156 94 70 55 49 45 50 55 47 44 45 44 44 45 45
44 48 44 44 44 43 45 49 60 93 141 171 135 84 64 53 46 47 50 48 47 44 44 48 44 43 45
44 46 44 45 46 45 49 57 105 196 288 280 240 144 96 65 57 53 63 57 51 45 45 49 49 46 46
47 46 46 43 45 46 47 56 90 154 236 259 227 149 95 68 80 109 173 71 54 46 46 49 45 49 51
44 43 45 42 44 44 44 48 57 88 115 114 96 77 62 57 76 87 133 66 47 44 45 43 44 50 46
49 46 45 45 43 44 46 49 74 113 138 136 119 118 107 90 119 95 118 117 58 45 44 47 45 56 46
53 49 48 48 48 48 51 61 134 188 211 237 343 304 276 204 213 130 231 436 237 46 47 58 47 60 50
46 45 47 45 46 50 49 58 95 156 173 280 350 315 266 163 99 59 76 193 173 47 44 52 50 55 50
44 45 44 43 46 40 46 56 65 94 130 172 184 141 106 65 51 47 51 56 57 45 44 46 48 49 46
49 50 47 50 46 46 50 62 126 255 301 371 349 301 190 82 63 57 66 65 58 47 46 52 46 55 51
47 48 46 46 47 55 56 68 126 245 327 368 335 287 161 82 64 57 65 65 55 49 49 53 50 51 51
43 46 47 45 46 45 47 58 79 115 170 202 185 130 87 60 54 50 52 56 50 43 46 48 47 50 52
45 50 45 45 46 46 50 57 69 85 87 96 92 70 61 56 48 47 46 47 46 44 46 47 46 50 54
69 73 55 54 58 65 70 82 102 126 129 155 138 126 95 65 61 61 60 56 50 45 53 107 52 47 64
65 67 53 62 51 59 68 79 84 100 103 130 125 126 108 74 78 86 78 70 55 52 94 375 57 57 67
54 66 51 50 50 51 53 58 58 61 64 70 72 71 67 59 63 61 51 53 49 58 55 88 44 59 62
78 59 54 56 52 53 52 58 63 62 65 72 74 70 70 64 71 74 56 52 50 55 47 58 43 55 63
78 92 78 73 73 74 88 88 104 106 119 147 141 123 134 128 160 204 131 77 57 55 51 52 48 63 73
61 64 56 50 50 54 60 65 83 78 95 103 98 98 99 99 115 119 91 65 57 46 46 47 53 61 63
52 48 46 45 45 47 50 48 55 51 56 62 58 58 58 57 65 53 50 56 46 45 46 43 52 51 58
