45 42 43 42 43 44 44 45 49 46 49 49 45 45 46 44 43 44 42 43 51 43 45 43 42 43 43
43 43 44 43 46 44 43 45 48 54 76 68 56 60 50 45 42 43 44 41 47 45 43 42 43 43 44
43 44 48 43 46 45 46 52 56 62 76 380 112 96 64 50 51 47 44 45 45 43 44 42 43 47 45
51 53 60 56 52 53 62 77 87 95 111 2146 1104 119 78 72 67 54 52 47 48 46 46 46 44 46 48
42 45 51 44 45 44 45 48 49 53 62 248 253 68 51 47 46 44 47 42 44 43 43 44 43 43 46
43 49 50 44 45 42 45 47 52 63 91 163 128 70 51 50 46 43 44 44 44 44 42 43 47 44 43
44 44 47 44 44 43 45 51 50 58 106 134 93 57 51 47 46 44 44 46 44 44 42 43 47 44 42
44 42 41 43 44 43 43 44 48 49 69 68 52 46 44 44 42 43 43 44 43 43 41 43 44 43 48
42 43 44 43 44 43 44 43 45 52 68 50 46 46 44 44 43 43 41 44 41 43 48 43 43 43 42
42 42 44 43 44 44 43 51 58 109 130 50 50 46 47 44 46 45 43 42 44 41 44 46 43 44 44
44 44 43 44 44 43 45 48 63 146 119 50 56 47 50 50 46 44 46 47 45 42 43 43 43 44 41
43 42 44 46 44 44 44 43 54 89 73 47 46 45 49 44 43 45 44 41 44 42 43 44 42 43 48
43 44 48 43 45 45 45 59 164 178 117 58 51 49 49 49 45 45 44 42 45 43 43 44 41 43 48
45 46 52 46 47 47 51 125 342 319 221 120 63 61 60 55 55 47 46 45 44 43 43 43 46 42 44
43 44 46 46 43 45 51 60 150 174 156 69 52 52 51 49 46 45 42 44 47 43 43 43 43 43 44
42 44 45 45 44 44 51 60 151 140 104 56 51 48 49 53 44 43 44 40 44 47 44 42 43 42 43
41 44 47 44 46 42 52 73 153 142 99 55 51 51 50 48 47 46 43 42 44 41 44 47 43 44 44
42 44 44 44 45 42 46 56 115 132 84 55 49 49 48 47 46 46 42 44 44 43 49 43 43 44 42
42 42 43 42 44 44 42 45 63 59 53 47 44 44 45 43 43 43 44 40 44 47 44 43 43 42 44
42 47 45 42 44 42 44 49 65 76 59 46 46 46 44 44 42 44 43 43 48 43 42 43 42 43 44
42 44 50 44 43 44 44 54 88 92 74 55 47 49 50 46 45 44 44 43 44 43 47 43 42 43 42
43 43 44 42 44 44 44 54 75 81 63 48 44 46 48 46 47 44 43 43 44 43 44 45 43 45 44
46 44 44 44 43 44 50 67 112 99 89 52 49 48 51 50 46 44 47 42 43 44 43 43 43 41 43
46 46 47 47 46 47 58 118 174 173 140 63 58 70 86 78 51 46 49 43 45 46 42 45 46 43 46
44 50 49 47 48 47 59 115 186 181 153 74 64 102 150 109 66 50 46 47 46 45 44 44 44 44 44
44 41 46 49 46 46 52 76 125 120 91 61 54 74 119 91 54 47 45 45 44 44 45 43 45 44 42
44 45 46 48 49 46 76 130 172 153 89 60 61 83 99 97 57 47 44 44 47 43 44 43 44 46 45
46 48 54 58 53 62 176 173 223 179 135 102 101 209 215 206 144 83 51 50 44 44 44 44 45 45 46
42 48 56 51 52 59 103 181 164 162 119 90 106 199 209 192 156 93 51 48 47 43 44 44 44 45 44
44 46 48 48 48 61 73 118 111 119 91 81 90 134 122 123 70 54 46 47 45 42 44 44 43 44 44
44 44 51 54 51 76 104 140 123 141 127 131 126 146 124 133 112 59 50 44 46 44 44 44 42 44 48
46 50 56 51 52 64 101 164 167 175 141 153 144 165 147 160 113 72 57 49 46 47 45 43 44 44 45
44 48 52 52 49 50 83 136 145 158 138 155 139 146 128 125 99 63 48 46 46 44 48 44 44 44 44
46 49 52 53 54 51 94 163 172 184 151 188 156 188 157 108 72 54 47 46 44 43 44 43 45 44 45
46 54 60 58 53 61 118 188 210 276 280 266 238 276 208 175 106 81 52 43 47 50 45 44 45 44 46
45 52 57 55 55 59 128 200 215 195 193 218 200 208 204 143 99 74 49 49 46 47 46 43 44 45 46
42 46 48 45 47 48 56 67 71 70 77 86 89 174 106 80 64 48 45 44 44 44 46 43 42 43 44
45 55 46 46 46 45 52 66 76 71 64 65 64 69 63 56 50 49 44 44 45 42 43 42 43 44 43
52 84 49 45 47 47 64 97 87 92 84 73 81 85 71 69 60 48 47 44 46 43 44 43 42 44 45
44 72 55 48 46 47 61 95 95 88 87 84 96 96 77 73 63 47 44 45 46 43 46 44 42 44 46
44 65 60 46 45 46 46 68 80 73 70 68 78 79 68 59 53 45 44 42 44 42 44 46 43 44 44
47 189 200 73 50 48 57 95 120 136 140 122 134 131 97 68 55 49 46 45 44 44 43 40 44 49 46
48 216 398 126 53 52 65 119 174 188 191 221 218 174 132 85 64 53 52 46 46 45 43 45 48 46 46
44 58 104 68 50 48 57 90 118 151 159 187 185 142 97 71 58 49 47 46 45 44 46 48 44 44 45
43 45 72 74 48 44 51 70 93 96 94 89 100 82 69 56 48 46 44 45 42 43 48 43 42 44 49
44 50 107 143 75 50 77 141 135 137 124 140 144 126 108 84 57 50 47 45 46 44 44 44 44 44 47
45 54 81 121 82 51 94 150 150 145 146 146 152 134 119 96 70 53 50 47 44 44 44 44 44 43 45
42 48 68 89 58 50 76 104 107 110 127 125 141 138 115 98 74 51 49 49 45 42 44 43 43 47 48
43 52 74 144 112 77 143 200 194 169 174 135 151 141 106 106 80 55 50 48 46 43 44 43 44 46 44
49 59 85 194 218 191 213 342 347 256 256 268 330 290 205 234 205 81 56 52 51 46 45 45 46 47 49
48 56 64 77 118 130 163 206 224 198 195 234 288 252 256 310 262 104 56 51 48 46 44 46 47 49 50
46 46 51 59 103 95 113 104 98 102 103 116 124 119 154 229 136 59 47 47 49 44 46 44 43 49 46
45 49 54 61 71 108 164 145 134 127 113 127 117 106 122 146 104 71 50 48 44 44 44 43 45 48 48
45 50 51 50 52 60 74 83 93 103 96 116 100 93 95 109 99 95 61 49 46 47 44 43 44 44 46
42 44 45 45 46 48 50 52 58 56 57 64 60 57 54 55 55 57 56 52 47 44 45 41 43 44 44
45 44 47 44 47 56 51 52 54 53 60 64 58 56 52 54 55 59 55 58 49 44 46 43 41 43 45
57 47 55 51 57 62 60 59 63 64 76 80 76 66 61 69 67 79 69 68 51 44 45 43 42 44 44
68 51 58 51 60 60 69 69 69 76 97 101 89 84 81 83 88 93 95 91 68 52 43 44 43 44 46
64 52 55 49 51 52 60 64 67 67 78 85 83 83 80 81 82 94 95 82 64 59 43 43 44 44 47
71 61 51 48 52 51 57 64 73 66 70 78 73 74 75 76 80 85 74 63 56 46 46 48 44 48 50
95 62 61 61 59 63 66 74 85 83 85 96 95 95 93 110 120 134 96 70 64 49 46 46 44 57 63
68 62 57 66 67 64 72 85 88 86 96 107 110 98 116 168 199 273 221 124 79 48 46 44 48 51 58
46 57 48 48 49 48 54 59 63 59 65 68 66 67 70 108 100 163 111 88 60 46 44 49 49 57 58
44 46 45 48 46 47 51 50 51 52 50 56 58 56 53 62 61 68 57 61 49 45 47 45 47 57 69
