47 46 44 45 47 48 48 56 52 53 63 54 50 50 51 58 58 51 75 61 63 50 45 44 46 45 45
65 46 45 46 47 44 45 49 75 76 49 44 46 51 50 45 55 48 49 50 46 57 46 44 46 51 48
56 48 45 46 50 56 63 68 393 564 61 55 58 56 58 58 127 133 62 47 46 48 42 45 50 46 46
46 47 45 43 46 48 53 57 92 123 54 48 49 50 50 59 390 124 69 46 45 44 45 44 48 47 46
46 50 45 43 47 49 50 61 147 66 50 46 46 46 47 46 72 81 54 46 44 42 44 42 43 47 44
58 49 49 46 47 56 60 99 122 58 50 52 50 49 51 47 69 106 60 49 46 44 46 44 42 43 43
49 48 44 44 52 51 91 119 71 56 51 48 51 52 51 56 92 190 69 59 48 43 47 49 44 44 44
53 51 44 44 51 44 61 64 52 52 47 46 46 46 46 45 58 104 66 47 44 43 44 44 44 45 45
47 50 44 44 46 47 64 86 49 47 46 46 45 46 43 47 54 71 51 48 44 42 44 42 42 44 41
46 47 46 47 51 58 149 221 62 52 50 51 50 51 55 53 66 117 59 45 45 43 45 49 44 43 46
44 46 45 46 50 53 154 192 64 53 51 50 52 53 51 55 130 281 84 50 43 44 51 44 46 45 43
45 43 44 43 45 51 72 76 54 47 46 46 45 46 47 47 81 121 57 44 44 43 44 43 43 44 49
45 56 44 49 49 105 243 193 68 56 51 53 55 53 53 57 77 98 55 45 46 43 44 42 44 49 46
49 56 49 50 60 170 354 319 129 70 62 63 65 66 65 84 239 294 164 46 46 45 45 46 45 45 45
45 48 44 46 55 70 135 124 65 56 52 52 54 56 59 91 295 380 249 51 46 49 46 43 44 45 44
44 44 45 42 49 83 142 93 53 48 48 49 49 49 50 51 116 134 52 45 51 43 44 44 42 43 46
48 52 49 53 69 169 346 194 72 64 58 59 61 62 60 76 193 161 77 46 51 44 46 44 42 46 45
44 47 46 46 53 63 114 89 58 54 49 50 52 52 56 95 249 290 115 42 45 53 44 46 44 42 44
42 45 43 42 44 45 44 46 48 44 44 44 42 43 44 45 50 57 56 43 44 43 43 46 43 43 44
42 45 44 45 44 46 51 47 45 43 44 47 44 43 44 44 47 46 45 48 44 43 44 42 43 43 43
44 45 45 46 47 50 62 64 50 46 45 45 46 46 48 49 63 59 49 44 45 42 44 45 44 45 44
42 46 46 44 48 50 56 55 46 45 46 43 45 51 48 56 68 56 57 48 45 43 44 42 43 44 41
43 44 50 44 47 58 73 66 54 44 46 47 46 44 46 49 52 46 45 44 42 43 46 43 44 44 42
51 51 55 51 80 248 285 261 198 95 72 74 75 80 135 150 114 88 58 47 47 44 45 46 45 46 45
53 56 56 54 83 193 272 257 246 144 84 90 101 138 276 280 258 223 86 49 52 48 46 46 44 46 46
44 51 48 46 54 73 77 77 71 59 55 52 57 92 125 188 203 90 63 44 46 46 44 47 45 44 45
47 61 51 61 115 269 260 219 199 144 83 81 99 116 121 129 79 67 53 45 46 48 45 46 44 43 46
59 68 66 81 186 348 362 339 345 287 233 202 275 310 300 304 232 237 69 51 50 47 47 47 44 47 55
56 59 57 59 85 163 203 199 194 180 142 142 176 259 238 249 212 183 68 46 49 46 45 46 43 47 50
48 59 53 66 118 219 234 211 166 165 99 100 119 124 108 94 78 78 53 49 45 44 44 45 45 43 46
72 221 102 116 182 243 300 320 248 272 223 236 228 258 194 249 179 101 61 50 51 47 46 46 44 46 49
84 211 76 76 108 181 245 322 296 294 260 280 240 293 235 283 211 113 61 54 128 62 47 46 46 49 46
53 66 56 58 70 101 167 249 251 271 205 292 256 194 152 128 122 74 57 56 71 53 45 44 46 43 46
50 62 55 60 88 117 177 246 251 266 231 230 233 268 203 128 81 69 56 50 56 47 45 46 44 46 49
61 62 57 59 103 151 188 274 224 238 224 224 334 310 267 171 145 80 57 89 51 46 47 46 45 44 46
46 51 50 49 63 97 100 132 144 134 117 100 208 226 118 81 87 59 46 49 46 45 44 44 48 44 45
47 55 51 51 66 131 204 197 156 119 87 100 220 161 75 68 64 60 51 50 44 44 47 45 44 44 45
47 54 54 55 62 108 175 156 109 93 71 82 134 195 104 93 59 57 53 46 45 44 44 44 45 43 45
44 43 44 45 44 47 51 50 50 63 51 51 54 83 48 46 44 42 44 48 44 43 46 43 43 44 43
40 44 44 43 44 45 44 48 46 45 46 46 48 59 45 43 44 43 44 47 44 43 44 43 43 44 42
42 46 43 43 45 44 47 51 47 48 46 44 49 53 46 45 44 42 45 43 43 44 44 45 47 44 42
46 47 48 44 43 45 50 52 47 50 46 45 49 49 47 45 44 43 42 44 42 43 52 44 43 44 44
47 49 45 44 44 45 46 51 51 46 45 45 49 47 46 43 46 44 45 45 45 41 47 47 43 44 44
64 68 45 44 44 45 46 52 45 48 52 46 47 47 44 44 43 45 45 55 49 43 44 44 41 43 44
54 56 48 44 45 45 44 49 48 49 49 46 47 49 44 43 42 43 50 70 45 47 44 44 43 42 43
57 94 55 50 48 51 60 78 78 72 67 73 63 53 49 51 46 47 56 49 45 49 44 44 44 42 44
54 79 59 51 57 71 101 149 158 138 150 155 133 90 65 59 59 62 100 59 47 46 46 46 42 45 49
46 58 47 46 47 51 62 75 65 56 58 66 68 60 51 46 46 47 58 44 44 44 43 44 46 44 45
51 112 106 58 68 126 174 227 204 180 194 172 160 110 76 68 66 68 61 51 45 45 46 44 45 47 45
56 89 149 101 117 262 276 296 266 245 274 281 276 211 146 101 96 120 111 62 48 46 47 45 46 50 46
46 51 63 61 60 86 113 121 99 88 91 131 152 114 87 65 68 79 68 47 46 44 45 44 44 46 45
50 59 123 172 133 150 217 184 127 99 96 116 115 93 72 63 66 61 52 46 45 44 45 46 44 46 46
70 96 119 182 301 436 596 543 408 334 304 390 398 299 206 165 136 115 72 54 53 49 48 49 48 48 51
59 72 71 98 174 314 381 343 272 241 212 286 266 231 155 126 102 87 63 47 52 48 49 47 46 46 47
53 50 51 57 92 134 131 112 115 106 95 108 88 77 70 60 56 56 46 45 49 44 43 44 43 44 45
70 83 74 100 162 268 244 208 195 181 137 152 146 110 92 85 74 71 55 46 47 45 49 44 44 45 45
89 123 91 110 217 321 293 272 269 258 222 226 200 178 139 118 105 87 69 56 50 47 46 46 46 45 47
72 75 59 67 91 126 144 157 146 166 142 150 120 110 93 85 75 69 58 54 48 46 45 44 45 46 46
66 66 49 55 58 64 67 71 69 72 63 63 59 56 56 55 53 57 50 47 46 43 43 43 43 44 42
106 108 66 82 72 79 89 101 93 87 78 78 68 64 59 62 65 59 55 51 46 47 49 44 44 44 46
118 101 78 92 93 104 120 139 141 128 112 124 104 97 88 98 116 119 82 66 53 46 50 46 45 46 45
65 61 54 65 66 72 79 89 102 87 85 89 79 74 76 87 86 120 93 58 47 43 46 50 49 51 50
45 50 46 49 48 50 54 56 58 54 61 55 53 54 51 61 51 65 51 46 50 44 44 44 48 50 50
43 44 50 45 46 50 51 51 52 51 53 54 51 55 50 53 50 49 47 41 44 48 44 45 46 48 50
