56 43 43 46 48 47 44 47 53 48 52 60 44 44 46 42 42 46 48 50 59 49 44 44 42 43 49
45 43 48 44 44 43 42 43 44 43 45 48 44 46 44 42 42 43 44 44 43 46 44 42 44 46 48
43 49 50 45 47 47 46 47 46 47 91 359 58 54 46 45 43 44 45 46 45 42 43 42 43 44 42
48 44 46 46 46 49 48 46 46 46 72 313 149 72 54 47 44 44 44 44 45 48 44 40 44 48 45
43 45 46 44 46 45 46 42 44 49 49 108 206 128 62 51 46 44 46 43 43 44 43 44 48 44 43
44 44 45 43 45 45 44 44 42 44 52 52 74 153 77 51 46 45 44 44 44 43 44 43 44 45 43
44 42 45 43 44 44 44 44 44 45 46 46 51 60 52 47 42 43 48 44 43 43 42 42 44 43 44
45 43 44 44 44 44 44 44 42 44 44 46 51 55 51 47 44 43 44 44 44 43 44 43 44 44 43
45 46 44 40 44 43 44 44 43 43 44 44 46 50 50 45 44 42 40 44 49 43 45 44 42 44 43
43 43 43 44 43 43 46 44 44 44 42 44 46 51 54 45 43 43 43 39 44 46 44 45 44 42 43
45 44 43 43 47 43 45 43 45 47 45 44 48 78 81 54 46 43 42 45 41 44 49 43 44 44 42
43 42 45 44 47 46 44 44 49 45 46 48 53 176 230 75 53 50 46 46 49 44 45 44 43 44 44
43 44 44 42 44 44 46 43 43 45 45 43 49 94 133 59 50 44 45 44 44 44 42 44 48 44 43
43 43 43 44 44 44 48 44 44 44 43 45 50 114 111 72 50 46 44 44 43 42 46 43 43 47 43
43 46 47 48 50 50 50 46 44 46 53 54 93 439 401 178 69 67 55 48 46 41 44 48 44 43 44
45 46 46 49 50 49 49 45 47 52 51 55 105 460 476 286 83 67 62 50 46 45 42 44 48 44 44
43 46 45 44 46 45 45 45 44 44 46 52 61 155 172 116 58 49 52 44 44 46 41 44 48 44 43
43 46 46 45 47 46 46 46 43 46 52 50 83 245 239 195 74 57 51 50 43 43 45 42 44 48 44
45 46 49 48 47 48 47 46 46 46 49 55 108 324 386 277 85 69 59 50 43 46 49 46 45 45 44
44 44 40 44 50 45 47 45 43 44 46 46 67 140 174 94 50 51 47 44 45 42 44 47 44 44 44
42 43 44 42 45 46 44 46 44 42 44 45 54 71 88 50 44 45 44 43 45 41 43 48 43 43 44
41 44 50 45 49 46 44 46 45 50 48 51 85 183 178 88 58 53 49 47 46 42 44 43 43 44 42
43 42 45 49 47 47 46 43 44 45 47 53 76 152 177 81 60 56 47 47 45 43 44 44 43 44 43
43 41 44 50 45 45 45 42 43 44 44 48 71 81 94 58 47 48 44 44 46 45 42 43 43 43 44
42 45 45 46 50 46 47 46 44 45 47 54 121 130 154 87 62 52 49 46 45 42 43 44 43 44 45
48 46 51 54 54 56 56 51 52 52 55 78 264 390 508 357 182 96 69 55 46 44 46 44 45 46 44
44 48 46 47 49 47 48 45 46 49 49 53 113 224 233 258 153 67 58 49 46 44 43 43 44 43 44
45 45 46 47 49 46 49 46 44 45 47 56 94 182 165 218 110 65 55 48 45 47 44 42 44 44 44
44 47 51 52 53 53 53 53 50 49 54 68 206 322 342 348 294 179 80 60 48 45 45 45 44 44 44
43 45 48 48 50 52 49 50 47 46 50 58 136 251 237 254 202 206 114 69 49 44 47 44 43 44 44
43 43 45 46 46 46 45 46 48 46 44 48 66 112 155 199 249 238 110 63 49 44 43 44 44 44 44
45 48 49 46 47 46 47 46 44 46 52 51 79 159 213 228 209 252 145 74 49 44 44 44 43 44 45
45 46 53 50 49 50 49 50 50 49 52 63 132 264 247 330 264 333 228 148 60 48 45 44 45 44 44
44 46 47 49 53 50 48 48 46 47 50 52 103 243 276 281 260 252 256 186 76 47 45 45 44 44 44
46 44 44 45 45 45 46 43 45 48 45 47 57 119 85 134 182 216 201 85 47 45 44 44 46 44 45
44 45 46 46 46 47 46 46 46 43 46 53 62 143 127 184 193 202 154 97 52 45 42 44 48 44 44
44 44 46 45 47 47 47 47 44 46 52 51 64 194 131 189 184 152 155 125 60 47 45 41 44 49 45
46 44 44 44 45 44 44 43 44 45 42 46 57 75 86 113 151 156 129 78 45 45 48 43 43 44 42
43 43 39 43 49 43 43 44 42 43 44 44 47 55 58 55 66 62 51 45 44 40 43 48 43 43 44
44 43 45 44 47 46 46 45 45 45 44 52 62 95 95 91 97 92 76 50 46 42 44 48 43 43 44
41 46 52 46 47 47 45 45 45 45 47 55 80 156 117 92 110 84 78 54 48 43 44 44 43 44 44
43 41 45 50 45 44 45 43 44 44 45 48 60 81 78 68 64 55 52 44 44 42 43 44 41 43 48
43 49 47 52 49 46 46 45 45 46 46 59 98 109 100 78 56 52 48 45 43 43 43 43 44 42 44
45 50 63 158 75 62 59 55 52 56 72 149 248 213 172 116 79 60 54 48 45 44 43 44 48 44 44
46 48 60 105 65 59 60 53 53 54 69 144 263 195 152 105 70 56 51 48 44 43 46 42 44 48 44
45 61 129 142 92 54 52 53 51 52 63 97 121 100 73 57 46 47 49 45 43 43 42 43 45 42 44
56 186 359 311 422 312 137 86 81 103 162 234 290 226 142 82 61 57 54 51 46 46 46 43 51 47 46
55 97 86 87 285 403 291 163 106 157 275 355 433 359 193 101 73 65 58 52 49 46 48 47 47 49 46
46 49 53 52 88 128 128 104 69 102 186 226 231 140 79 61 52 50 44 46 50 44 46 44 44 48 44
47 48 51 53 70 189 177 124 99 109 145 139 117 68 54 48 46 46 45 42 46 44 42 43 43 46 44
70 71 72 77 154 454 476 474 377 282 315 301 206 87 67 59 53 51 49 47 47 46 45 46 49 51 46
60 67 63 65 91 367 566 504 386 334 337 300 151 76 64 61 52 51 47 46 47 45 46 46 46 50 46
49 49 50 49 53 76 183 250 211 165 142 104 61 50 48 46 46 43 45 49 45 44 45 42 44 46 44
82 62 53 54 66 104 293 409 318 259 191 112 68 55 51 49 48 47 47 45 45 45 44 44 44 46 45
67 66 58 61 94 137 253 369 341 276 218 128 74 59 54 51 50 46 47 44 46 45 45 45 48 46 44
48 47 48 49 56 76 103 137 130 123 101 76 56 50 46 46 47 45 44 46 45 43 44 41 44 48 44
45 49 46 48 53 47 53 55 55 56 49 49 50 45 43 44 42 44 43 44 44 43 47 43 42 43 42
95 94 67 68 74 88 104 111 98 84 67 61 54 56 48 46 43 45 45 43 45 42 44 48 44 42 44
101 87 97 106 97 136 172 201 137 127 92 91 76 68 63 64 56 52 51 44 46 44 44 48 44 43 45
64 65 93 63 58 79 104 108 100 82 66 70 59 55 53 51 53 49 47 44 45 43 43 46 43 44 47
50 63 89 49 50 55 62 70 69 58 53 49 49 52 47 46 48 48 48 42 44 44 43 46 41 43 49
84 140 114 87 102 118 137 145 145 96 85 76 73 63 62 71 59 77 63 47 43 44 44 45 47 43 51
70 93 75 74 85 107 126 130 158 103 102 82 69 69 75 83 85 77 69 50 44 44 42 44 58 50 51
57 52 64 46 47 51 59 55 56 53 51 50 50 48 50 55 57 47 45 45 44 43 45 41 56 55 55
