49 45 44 42 44 43 43 44 43 46 49 44 43 43 43 44 46 46 43 45 43 43 49 43 45 47 43
48 43 39 42 44 43 43 44 50 48 46 44 42 43 44 44 43 44 48 44 44 43 44 43 44 44 44
51 48 46 42 45 44 46 47 140 120 56 46 46 46 44 46 56 48 44 48 47 43 45 43 44 48 44
48 51 52 48 47 54 60 68 202 743 105 59 56 55 52 105 317 91 59 47 46 43 45 45 44 45 46
46 45 46 44 43 45 47 49 59 83 53 50 45 44 45 51 94 129 64 43 45 42 44 44 42 44 48
46 42 43 47 44 42 44 44 45 47 46 44 47 43 44 44 46 49 50 41 43 44 42 43 44 43 45
47 44 45 44 44 44 60 78 56 54 50 46 47 44 45 46 54 64 50 42 44 45 44 44 42 43 47
46 45 48 44 44 46 54 87 56 49 50 49 54 47 46 48 58 104 55 47 48 44 44 44 43 44 43
43 45 44 44 45 47 57 81 56 44 46 42 45 42 45 43 58 81 47 48 44 42 44 42 43 46 44
49 45 44 44 43 45 60 93 54 44 47 48 45 43 46 46 53 58 49 42 43 44 43 44 41 43 48
46 57 49 49 56 60 163 382 121 58 55 54 56 55 53 57 124 215 66 53 46 44 46 43 44 45 46
46 50 49 46 52 66 160 319 110 57 54 53 54 55 56 64 267 399 112 62 46 43 45 44 44 45 44
44 46 46 43 45 50 87 98 57 47 46 51 46 45 46 48 124 179 73 45 45 42 44 44 42 44 45
47 51 53 48 51 125 296 250 105 57 56 54 54 54 52 61 112 138 80 46 45 44 43 44 44 43 45
49 54 52 53 56 211 346 256 177 66 58 60 61 61 63 140 286 324 236 52 51 45 47 45 43 45 46
46 50 49 51 52 88 213 214 123 60 52 54 55 54 59 142 304 349 225 49 46 48 45 46 44 45 46
44 47 46 47 50 75 215 128 68 54 50 48 51 50 49 76 168 160 115 43 45 49 44 45 44 42 44
46 53 54 53 62 150 348 213 84 67 56 54 57 57 54 108 247 243 84 51 46 45 47 45 46 45 43
45 46 49 46 52 64 106 113 63 54 51 48 48 50 55 119 222 302 104 49 46 46 44 48 45 43 44
44 45 44 45 47 45 52 52 46 46 42 44 49 45 46 59 74 100 64 45 46 44 46 44 42 43 43
42 44 44 44 48 50 59 60 45 44 45 42 44 49 47 50 59 59 48 44 44 44 45 43 46 44 42
44 46 47 46 50 55 93 101 53 51 52 48 47 49 49 77 78 59 50 47 43 43 45 41 43 49 44
46 45 49 46 46 54 83 95 59 50 48 53 50 54 60 125 125 72 53 46 45 45 45 44 45 44 42
44 44 44 44 43 52 68 69 54 47 45 45 46 47 56 72 68 54 47 40 44 49 44 44 44 42 43
44 50 51 48 53 89 149 166 127 64 56 51 56 58 69 83 71 65 50 50 45 45 45 44 44 44 44
49 56 54 53 57 127 172 202 190 120 64 66 78 137 211 243 205 71 55 49 46 45 44 45 48 45 44
44 52 43 46 45 58 73 79 72 63 51 49 61 72 127 184 92 58 46 44 45 43 44 43 43 44 44
58 52 48 50 48 69 94 98 88 63 63 50 57 63 60 57 50 57 51 46 43 44 42 43 44 43 46
81 71 57 55 63 126 150 166 149 134 102 78 90 144 124 105 87 72 52 54 46 45 46 43 43 45 44
54 52 49 49 50 83 94 97 94 107 75 70 87 119 112 134 91 62 49 51 48 49 63 45 43 45 44
44 45 46 43 46 56 60 73 66 66 54 56 54 58 59 58 51 54 45 44 45 42 47 64 42 44 46
52 66 63 61 60 86 140 216 209 204 145 167 149 173 122 93 70 62 53 50 47 44 46 50 43 45 48
57 72 66 57 59 77 123 195 206 217 180 220 195 205 160 130 117 61 57 56 48 45 51 48 45 44 46
54 53 50 50 50 57 80 109 108 110 87 105 127 120 95 71 65 50 52 48 44 44 91 55 44 43 46
52 59 55 55 59 79 121 162 140 149 127 145 149 155 149 71 67 54 50 46 47 46 52 48 44 43 44
51 65 58 58 64 112 157 169 172 173 158 146 185 187 138 87 103 60 52 46 47 62 58 45 45 44 46
46 56 51 50 52 69 97 126 108 100 78 85 113 136 82 72 58 51 46 47 44 64 58 44 44 46 43
54 59 54 53 52 79 145 168 127 90 69 71 140 149 70 56 55 51 49 53 46 45 45 42 44 44 44
54 80 59 58 58 70 136 206 171 227 153 98 168 199 85 63 59 58 49 51 54 47 47 45 42 44 45
46 61 53 48 49 53 70 86 80 75 64 64 132 136 66 50 47 48 43 46 63 46 44 44 42 43 44
46 94 61 45 47 52 61 80 70 59 59 56 80 70 49 48 49 45 44 51 49 42 44 40 43 48 44
95 293 142 64 63 109 136 164 167 129 113 105 134 135 81 59 58 56 56 80 69 47 45 44 45 42 45
89 359 119 63 62 93 141 180 177 143 142 127 149 121 85 62 59 59 65 172 126 47 46 45 42 45 49
52 385 77 54 54 64 86 127 119 117 112 116 108 87 63 52 52 52 67 133 95 45 46 45 44 46 45
66 404 218 72 62 83 120 191 176 170 164 149 142 105 74 59 58 56 61 98 58 45 47 45 46 45 44
69 227 217 95 73 109 170 253 255 218 213 217 240 165 102 73 66 67 115 192 63 47 48 46 43 46 47
51 80 79 64 60 76 126 171 177 175 179 178 203 138 93 62 59 63 94 110 52 46 45 44 45 42 45
48 74 89 70 61 76 108 149 123 121 124 127 118 104 67 53 54 54 62 59 47 43 45 44 44 44 45
60 118 166 152 89 162 191 234 224 214 213 202 208 157 101 73 69 81 79 66 50 44 46 45 45 49 43
58 88 139 182 111 199 218 214 198 182 201 208 218 188 140 106 87 119 127 82 54 46 46 45 46 50 46
46 55 64 68 59 77 94 96 91 83 85 100 118 109 94 78 69 81 76 55 46 43 45 45 42 45 49
56 75 186 279 154 181 212 177 138 110 100 111 110 102 78 67 65 64 62 52 46 44 44 46 45 44 47
68 103 129 229 261 312 384 342 276 223 198 255 265 221 163 144 120 108 71 62 50 46 48 47 46 44 55
58 77 72 95 125 189 239 239 192 171 145 191 160 157 113 101 85 71 58 50 49 49 46 48 44 44 46
54 55 53 58 81 108 104 92 94 82 73 76 70 65 59 53 54 51 47 42 45 48 44 43 44 43 44
58 71 70 81 113 168 145 125 113 102 80 79 79 70 61 60 60 58 47 48 44 44 49 44 44 45 44
92 125 95 112 189 258 222 194 189 190 148 149 134 118 93 81 77 71 60 59 50 45 46 44 44 49 46
76 91 68 79 99 124 133 144 119 129 110 118 88 88 74 71 64 62 54 52 52 47 46 44 43 47 49
68 66 61 59 64 77 77 86 73 68 61 61 54 58 56 54 52 52 48 47 51 44 43 44 42 44 46
134 109 76 93 86 100 108 109 93 78 70 67 62 61 56 56 62 57 52 52 48 44 45 42 44 48 48
209 167 130 163 157 187 201 199 197 145 112 112 99 92 76 84 104 103 74 62 54 43 46 49 46 46 49
78 98 85 106 118 132 167 146 159 124 101 99 86 78 74 90 89 126 100 58 47 46 45 45 52 48 49
57 63 53 59 58 59 66 69 76 63 63 56 55 56 53 63 52 65 50 47 46 42 45 47 49 50 47
57 68 56 65 60 64 65 57 59 56 54 55 51 54 53 54 49 49 45 46 42 43 48 44 49 51 50
