50 44 43 43 43 43 44 43 46 46 44 46 44 42 43 44 45 46 44 43 44 43 44 43 43 44 45
44 44 44 43 45 45 46 48 69 68 50 50 45 44 48 44 51 48 43 44 43 43 44 42 44 46 44
44 46 46 45 46 46 53 52 121 182 61 50 51 51 51 55 68 56 47 41 46 48 44 43 44 45 44
44 47 45 46 48 47 55 55 70 413 58 50 52 49 49 58 250 136 61 47 46 46 44 44 44 44 44
42 45 46 45 46 45 48 55 101 281 60 47 50 50 46 52 69 63 50 45 42 43 48 44 42 44 44
53 48 46 46 47 50 63 72 173 274 80 56 56 51 52 64 339 222 61 50 46 44 45 43 44 45 42
49 48 46 44 45 45 52 62 64 70 63 49 53 49 46 50 103 153 56 48 52 45 45 44 42 44 45
44 44 45 44 44 43 47 42 49 52 45 46 45 43 46 44 52 67 49 42 45 44 43 48 44 45 46
42 47 44 46 44 44 45 66 69 46 47 44 45 44 43 45 51 65 50 44 42 43 42 43 44 42 44
44 47 46 46 46 48 56 149 137 53 55 50 51 48 47 51 127 151 55 42 45 42 44 49 44 43 46
43 46 44 44 46 46 57 118 96 55 48 46 47 46 47 51 163 241 62 46 45 46 42 43 49 46 44
43 44 45 42 44 45 55 78 55 43 44 49 45 43 44 44 65 67 46 42 45 50 44 42 43 42 43
48 45 48 54 49 60 226 289 144 58 51 53 56 54 53 62 113 110 51 47 43 44 49 44 44 44 43
47 55 47 51 61 63 289 341 189 65 56 57 59 59 61 122 265 304 93 51 44 45 50 46 45 45 44
46 51 46 45 47 49 100 126 73 53 48 48 50 49 48 90 238 299 106 49 44 44 45 46 44 44 44
44 52 55 51 52 100 358 277 161 63 57 57 57 57 57 86 185 138 55 47 45 44 45 42 44 49 45
51 56 55 54 55 124 409 298 247 78 63 66 63 64 90 244 373 373 84 54 47 45 46 46 44 46 50
45 47 47 50 48 57 142 136 90 59 50 51 56 51 63 184 337 331 67 50 47 43 45 45 44 45 46
43 41 44 49 45 44 51 56 46 46 43 44 46 44 47 50 70 57 46 42 44 43 43 44 42 44 47
43 44 46 44 44 54 58 82 61 47 44 45 44 45 46 51 61 54 45 43 44 42 43 44 43 44 47
44 43 43 44 43 46 57 77 53 48 44 46 46 45 47 56 88 72 45 44 43 43 46 43 44 48 44
42 43 42 44 46 44 49 52 45 45 44 43 44 42 46 55 55 46 46 42 44 45 48 43 42 43 43
42 44 43 44 48 45 52 63 50 45 45 44 45 44 49 59 51 46 45 45 44 45 44 42 43 43 42
43 47 49 46 48 61 107 141 117 63 51 51 51 56 84 96 76 54 46 45 44 44 45 44 44 40 44
50 48 46 47 46 54 84 125 112 65 51 54 53 61 158 146 112 66 48 45 46 43 45 49 44 43 44
43 40 44 42 44 50 52 58 53 48 45 45 45 50 69 89 73 46 45 44 43 44 41 43 43 44 45
45 53 50 46 49 65 139 147 111 74 58 54 56 74 130 112 63 53 51 46 46 44 42 43 43 43 47
46 53 51 51 50 78 149 159 155 107 73 61 83 129 140 156 106 78 47 51 46 42 46 49 44 45 45
45 55 47 46 47 57 81 97 92 76 62 55 61 100 127 103 78 83 46 43 46 45 44 47 44 43 44
43 46 45 45 49 66 78 80 74 71 53 52 56 59 64 63 53 46 47 45 44 45 42 43 47 44 43
50 59 57 54 59 117 152 167 147 161 119 118 124 139 122 113 94 59 50 50 46 51 47 44 44 44 45
49 60 61 61 56 79 145 181 183 194 146 159 162 210 148 162 127 67 51 56 48 49 60 53 44 46 44
45 52 48 48 49 53 68 100 111 109 90 116 119 111 109 82 72 50 46 49 43 45 54 55 44 45 43
60 60 53 54 60 67 110 172 179 184 148 171 149 191 126 72 62 55 49 52 47 42 47 51 44 45 45
54 68 65 60 65 89 147 228 223 231 190 234 192 256 216 120 103 66 53 54 47 46 56 44 45 50 46
51 67 63 60 60 105 174 198 218 224 198 202 232 268 172 93 125 64 52 54 49 53 78 47 44 46 49
50 52 51 55 51 74 115 135 111 104 78 85 138 141 70 63 56 51 48 45 46 44 46 45 42 44 48
55 70 61 63 59 122 184 181 153 153 97 128 164 157 112 96 61 55 50 50 46 46 43 45 49 45 45
53 74 56 55 54 73 134 165 143 198 138 96 153 158 92 76 58 53 49 50 48 51 45 44 48 44 46
46 60 50 46 46 50 61 70 69 66 57 58 117 109 71 48 51 46 44 46 50 49 45 43 44 46 44
50 117 65 47 47 51 64 76 67 57 51 53 72 67 51 48 46 45 44 47 54 44 44 44 41 43 44
114 351 157 58 65 88 122 163 159 116 98 87 121 147 78 60 58 54 51 81 76 47 45 43 44 45 44
85 382 138 58 59 77 119 161 162 131 124 116 156 117 81 59 58 56 67 172 147 53 49 46 45 47 45
54 362 87 53 51 61 85 120 112 116 105 109 99 86 62 52 51 51 69 138 104 47 45 47 44 43 45
63 387 223 72 59 76 100 156 152 139 136 132 130 103 74 56 56 53 69 142 62 45 45 43 44 46 44
58 202 196 94 65 82 134 198 203 174 169 172 190 145 88 63 62 63 127 198 65 46 45 44 45 45 46
49 72 89 63 56 66 106 142 142 144 146 152 159 115 84 55 57 59 103 111 51 46 45 44 45 45 44
46 66 88 72 53 65 96 128 113 115 119 126 119 95 70 51 51 52 61 54 46 47 44 46 44 43 45
55 110 156 144 87 155 197 239 228 214 219 203 210 152 95 74 69 76 81 64 50 45 47 45 45 49 46
54 85 135 179 122 215 239 233 212 198 214 223 230 200 141 117 89 115 135 95 52 46 50 46 47 55 45
46 53 68 72 58 71 89 86 86 82 87 97 114 114 97 80 66 79 84 63 47 44 48 44 44 47 44
53 72 180 277 164 189 218 172 135 114 104 115 101 96 84 70 65 64 57 53 51 46 47 46 43 46 50
65 102 129 242 268 331 412 360 305 257 226 283 280 237 176 156 126 122 68 63 53 48 48 51 48 47 60
56 75 71 99 128 191 240 239 197 184 156 201 162 161 116 111 89 76 55 54 50 46 48 45 45 49 48
58 54 52 59 83 111 110 92 95 82 74 82 69 63 59 56 56 51 49 44 45 44 44 44 42 45 50
55 72 70 79 108 175 152 123 113 102 79 74 77 71 63 59 60 58 51 46 45 44 44 45 43 46 55
86 128 94 113 190 270 227 200 194 189 155 156 135 122 98 83 77 67 58 57 49 46 44 45 49 52 51
71 85 67 83 102 134 141 157 128 138 116 123 91 92 79 77 66 61 56 53 49 49 44 44 48 54 50
67 66 54 60 62 78 87 94 77 74 61 63 58 57 56 61 53 53 49 47 47 44 44 41 44 51 48
123 101 69 91 87 98 107 113 98 82 69 69 62 61 62 58 58 55 56 50 46 45 44 44 45 44 49
194 158 127 158 153 182 198 196 193 144 110 110 93 94 76 84 98 100 67 64 54 44 46 46 45 49 49
79 97 85 104 118 132 163 148 155 120 103 104 86 80 78 94 95 134 100 64 49 44 46 44 49 57 48
59 59 53 63 57 61 67 69 76 62 60 58 52 56 58 64 55 74 52 47 46 44 43 44 46 54 54
62 71 57 59 62 63 62 60 63 56 56 55 51 54 51 56 52 49 46 48 46 42 43 43 49 53 51
