44 43 44 43 44 44 43 44 43 46 47 46 45 43 46 44 54 47 45 44 44 43 44 43 46 43 42
48 44 40 44 44 45 48 44 46 71 72 49 49 42 45 51 62 47 44 43 47 43 44 42 43 46 44
47 49 50 45 50 49 52 62 84 247 635 98 58 58 62 109 357 131 83 55 46 44 44 44 45 43 47
42 45 48 44 45 44 46 51 66 132 106 76 50 54 49 53 157 191 103 56 49 42 44 43 43 44 42
43 42 44 46 44 45 44 43 45 51 52 45 44 44 44 49 53 62 59 48 45 41 43 43 42 44 42
45 42 44 47 44 44 50 47 53 60 62 48 45 45 51 49 55 78 66 52 44 42 43 44 41 43 48
47 43 48 42 44 44 48 49 56 61 57 47 48 45 46 47 53 90 74 63 44 43 43 44 41 44 47
44 43 47 42 43 44 44 46 49 48 48 44 49 44 46 46 48 70 58 51 43 43 44 43 43 44 41
44 44 44 44 43 43 44 46 58 47 44 44 44 44 44 44 46 70 57 50 43 43 48 43 43 44 43
43 44 44 44 44 49 57 78 178 83 49 47 49 47 49 52 74 158 97 56 45 49 44 44 43 43 44
43 45 44 44 47 44 51 89 174 94 53 48 49 50 49 53 123 260 133 64 52 43 46 45 44 46 44
42 44 43 43 45 44 48 64 86 57 46 44 45 45 45 46 61 154 70 54 45 45 44 42 44 43 44
44 44 46 46 46 48 74 228 189 122 52 51 56 52 52 54 82 161 79 51 46 44 44 43 45 43 44
46 52 48 47 49 52 117 306 270 213 69 59 61 60 60 74 209 283 268 56 51 46 45 44 43 44 46
46 46 46 43 46 46 60 149 168 94 60 52 51 53 52 68 199 276 276 60 46 46 46 44 44 45 45
44 43 44 43 46 46 60 198 181 73 52 50 49 52 52 52 81 127 71 45 44 43 44 46 44 46 44
49 47 47 46 46 50 90 281 263 120 64 57 57 57 59 66 178 278 132 55 46 45 44 45 46 45 45
42 45 49 44 46 45 49 83 104 67 52 47 48 52 50 56 144 253 132 53 46 45 43 46 43 44 47
43 48 43 43 44 42 44 48 56 46 43 44 48 44 43 44 53 56 51 44 43 44 41 43 48 44 43
43 44 44 43 45 44 45 54 59 46 45 44 44 44 42 45 48 48 45 44 42 43 46 43 45 44 42
42 43 40 44 47 44 46 51 62 50 45 46 46 42 45 51 52 54 45 44 44 42 44 44 43 45 43
42 44 44 43 44 44 45 50 62 49 45 45 45 45 49 50 56 55 48 45 42 43 44 42 44 44 44
40 43 50 43 44 44 45 63 86 58 48 46 46 48 51 54 57 56 47 46 44 42 43 43 44 44 43
44 43 46 48 46 46 65 122 196 149 88 57 57 56 99 131 95 76 51 48 45 43 44 44 43 45 42
46 45 46 47 46 49 63 115 183 157 97 64 58 73 175 166 142 100 57 46 46 44 44 46 42 44 49
44 43 48 42 44 45 47 68 87 74 58 50 51 52 104 97 96 67 48 43 44 44 43 44 43 43 46
45 43 45 43 44 46 63 88 102 92 62 50 51 61 78 86 78 56 47 45 43 43 43 43 44 42 44
48 48 47 48 47 58 142 223 193 203 155 110 121 202 191 221 187 134 72 50 50 48 46 45 44 46 47
46 47 46 46 46 50 96 169 161 171 133 83 103 175 165 189 138 104 69 44 47 51 44 44 44 43 45
42 44 44 43 46 44 60 99 93 86 60 55 63 100 84 88 66 54 48 42 45 42 44 48 43 43 44
46 47 46 46 49 69 149 175 173 185 155 137 149 182 145 158 104 66 53 51 46 44 45 43 44 45 43
50 54 48 47 51 62 137 213 220 230 201 207 182 220 195 197 148 100 60 47 47 49 45 44 45 45 46
48 49 47 45 49 51 89 138 167 202 191 226 170 206 178 163 113 76 58 47 48 45 44 45 45 45 46
46 46 49 46 46 51 95 149 138 154 131 165 138 136 115 92 68 58 50 46 45 44 49 44 43 44 43
48 47 47 46 49 61 110 183 173 175 178 178 160 218 178 163 117 81 55 48 46 45 46 45 45 47 45
51 47 46 46 48 59 112 175 180 171 144 167 162 167 158 132 102 75 56 45 46 47 47 45 45 47 45
45 44 42 44 44 45 54 62 70 75 81 85 76 108 83 73 57 48 49 43 44 44 41 44 48 44 44
43 46 45 43 44 44 53 69 78 74 70 70 67 67 61 56 50 46 45 44 42 43 47 43 43 44 43
46 41 45 51 48 50 75 124 117 110 92 89 107 108 110 84 65 54 48 46 42 44 50 44 44 44 43
44 45 40 44 51 47 62 97 99 102 93 90 123 115 101 78 64 52 46 44 46 42 44 47 44 45 44
43 42 44 48 44 45 48 58 71 64 58 59 65 68 68 57 49 46 46 44 42 43 43 42 44 44 44
42 46 49 45 46 47 54 88 108 115 118 106 110 114 86 64 56 51 47 47 45 42 44 43 43 45 42
47 47 46 46 51 48 59 84 124 134 148 145 160 144 104 77 62 54 49 45 45 44 44 44 44 45 48
46 44 44 48 46 45 53 62 78 106 102 121 136 111 80 63 53 49 47 43 44 45 44 44 44 44 47
44 43 47 43 44 44 46 51 61 71 67 63 72 64 56 50 46 45 45 42 44 43 43 44 41 44 53
46 48 49 45 47 50 59 102 145 153 154 161 188 146 115 83 67 57 51 46 44 44 44 43 45 42 46
48 50 47 49 47 53 71 136 226 203 190 160 207 193 160 115 88 65 58 49 48 48 47 44 46 45 46
46 47 45 46 49 50 66 127 146 129 133 117 149 143 125 112 81 59 52 45 45 49 46 43 44 47 46
48 49 47 47 51 56 105 220 199 173 160 121 136 130 113 116 92 65 54 52 46 45 45 42 44 45 45
51 51 49 47 54 66 191 238 221 191 183 164 211 196 155 174 171 93 59 50 50 46 46 44 43 46 46
52 51 49 51 54 67 186 273 280 226 166 160 196 174 191 217 196 118 63 53 48 45 46 45 46 48 44
50 53 48 48 57 79 190 256 232 146 118 109 114 109 152 184 118 77 60 49 49 46 44 44 44 47 48
58 58 56 77 118 188 384 373 284 177 128 123 123 120 159 216 130 94 64 54 52 47 47 45 44 46 49
58 56 55 69 108 122 119 104 112 107 92 94 89 87 94 99 113 100 80 57 48 45 45 48 44 45 46
59 63 57 64 70 79 64 56 59 65 59 60 59 55 54 56 59 63 66 55 50 46 46 39 43 50 44
66 95 85 86 96 111 67 61 61 62 61 60 57 54 54 58 61 62 63 67 51 49 45 44 48 44 45
175 195 130 124 175 180 103 89 83 82 93 82 80 72 65 77 72 77 78 85 61 49 50 49 44 44 46
164 129 117 110 137 127 127 114 104 111 118 118 100 93 85 90 96 97 101 112 87 72 58 45 45 45 46
106 86 73 62 78 74 80 87 81 79 84 84 79 79 72 76 78 85 85 91 69 72 52 44 45 45 46
136 113 76 67 76 76 77 84 82 75 78 76 71 68 65 70 76 78 72 72 56 53 49 42 46 52 49
184 145 109 112 101 108 95 114 110 90 95 99 85 81 79 99 115 129 104 78 69 50 47 45 45 57 62
115 100 81 94 93 90 91 104 104 90 96 102 89 85 93 134 170 241 223 139 87 53 48 45 46 52 60
57 64 51 59 54 51 57 63 69 60 61 63 60 61 63 91 84 135 106 87 61 47 44 45 48 61 62
51 51 47 47 50 47 53 56 52 52 52 52 52 55 50 58 57 62 57 59 47 45 42 45 56 57 71
