49 44 42 43 49 43 42 43 42 44 44 42 44 48 43 43 46 43 42 43 45 43 44 43 45 46 44
50 44 41 43 44 44 42 43 43 45 44 42 44 48 44 42 43 40 43 49 45 43 44 41 43 43 43
48 44 44 43 44 42 44 41 43 49 45 43 46 44 43 44 43 42 47 43 44 44 41 44 49 44 43
46 43 44 43 44 43 43 43 44 44 44 47 46 43 44 44 43 42 43 44 44 43 45 43 46 44 42
44 42 44 42 43 43 43 44 43 43 46 44 43 43 44 43 46 43 42 44 44 42 44 42 43 46 44
50 43 43 43 44 43 44 44 43 45 45 45 48 44 42 45 42 44 43 44 47 43 46 44 42 43 44
44 44 42 43 48 43 43 45 42 45 46 46 47 46 44 46 41 43 44 44 46 41 44 48 44 43 45
44 42 44 44 45 42 44 44 43 44 45 47 47 44 44 42 45 44 44 44 43 43 42 43 43 43 47
43 50 43 45 44 42 44 43 44 44 46 59 58 44 44 44 43 43 48 43 44 44 42 43 48 43 43
43 44 44 42 44 47 53 62 60 64 101 505 145 58 52 48 48 48 51 46 48 46 45 44 42 44 49
42 48 44 44 44 44 46 49 49 50 66 196 68 48 47 45 42 47 47 47 44 44 44 42 44 41 44
40 43 47 43 45 43 42 43 43 43 45 50 46 44 44 43 43 42 43 45 44 43 41 42 47 44 44
42 43 41 43 42 44 49 45 45 46 46 79 60 49 46 48 43 44 42 44 44 43 45 40 43 48 55
42 47 43 43 44 42 46 53 49 49 53 121 109 86 47 46 46 46 49 46 44 44 46 43 44 42 45
42 43 41 43 48 43 43 44 42 43 45 48 48 57 45 45 42 42 44 49 45 44 44 41 42 44 43
42 42 44 40 44 48 44 43 44 42 44 48 47 63 51 45 42 43 43 45 45 46 44 43 43 41 43
42 43 44 41 45 48 44 44 46 44 46 51 58 106 98 56 46 46 44 45 51 44 43 43 42 43 44
42 43 43 44 41 43 49 45 45 46 45 47 49 81 132 140 74 49 47 51 46 45 44 43 45 44 42
42 43 43 44 41 43 49 44 43 45 43 44 46 45 68 88 83 53 53 46 45 44 42 43 44 42 44
44 43 44 44 43 45 46 46 48 47 50 51 50 48 67 154 178 157 81 58 49 46 45 44 43 44 45
44 44 43 44 44 44 47 48 53 57 55 53 56 54 59 152 233 292 245 142 63 50 46 43 44 45 42
43 45 44 44 45 43 46 53 54 56 56 54 55 56 55 79 163 278 356 270 157 62 49 44 46 45 45
48 46 43 44 44 44 46 49 53 57 56 55 55 52 56 55 121 236 270 261 150 59 53 45 45 45 43
44 43 44 43 45 46 49 57 65 74 85 69 71 69 80 78 125 229 255 253 247 133 51 46 45 47 45
44 45 45 44 46 45 51 61 65 74 114 104 97 100 155 100 100 166 242 332 325 420 124 46 44 45 45
44 45 46 45 46 46 49 60 67 90 124 93 103 113 89 93 108 147 207 275 261 386 99 46 45 44 45
46 43 44 45 46 48 65 107 152 192 182 157 187 164 188 196 160 137 137 128 172 130 50 46 45 43 45
51 49 48 47 47 55 124 275 321 306 296 338 257 356 255 291 275 287 285 346 240 134 65 47 44 49 52
46 49 46 46 46 51 73 193 232 230 213 191 261 252 227 239 171 158 117 112 70 64 55 47 46 47 47
44 51 45 44 48 48 121 213 179 195 164 184 121 168 97 96 69 65 57 62 53 50 49 44 48 44 44
53 58 57 53 56 127 298 463 436 431 435 4095 405 334 195 143 138 143 138 133 116 88 74 52 52 51 54
46 46 42 46 46 84 228 317 298 274 218 267 178 159 98 71 65 69 63 62 60 51 51 46 45 47 46
44 47 44 43 46 46 75 168 158 166 154 108 85 68 56 50 50 52 50 51 51 47 47 44 44 46 44
43 45 44 44 46 56 95 216 152 137 101 81 62 60 49 50 50 49 49 48 50 46 45 44 42 44 47
44 44 45 43 53 73 121 177 157 174 128 95 74 78 55 51 51 51 51 54 51 45 46 43 43 44 42
43 44 44 44 50 90 139 153 163 151 122 106 95 90 62 52 51 52 48 51 55 46 46 44 43 44 45
42 43 44 44 43 55 71 82 113 86 65 64 61 65 49 51 46 46 47 46 46 45 50 44 42 43 42
43 44 44 46 58 80 140 180 209 145 89 88 73 63 55 56 51 51 54 51 49 46 46 43 44 43 44
45 45 45 46 46 66 140 240 212 200 143 111 83 73 57 54 54 54 53 54 52 47 48 44 44 44 45
44 46 43 45 46 49 76 233 229 216 142 103 76 68 55 53 54 58 53 54 52 46 48 44 44 45 42
42 44 43 43 45 45 61 150 285 156 115 87 68 61 52 52 52 51 49 52 51 46 47 44 44 46 44
42 44 44 44 46 48 78 198 222 207 184 109 76 64 54 54 56 54 51 54 50 47 52 44 44 44 44
44 43 44 44 46 50 84 203 233 206 208 119 78 67 59 58 64 56 56 53 55 46 48 44 44 45 45
44 43 44 44 45 48 64 159 192 188 163 111 78 71 71 96 126 63 55 56 58 48 49 45 42 44 45
44 45 48 44 46 47 58 124 163 143 127 105 100 80 67 84 104 62 54 50 52 51 48 44 44 42 46
47 47 46 45 52 58 90 240 259 249 271 312 300 231 151 136 196 176 89 69 66 60 52 46 46 44 47
52 48 47 46 46 60 88 198 290 326 347 337 330 270 218 98 213 251 250 88 74 62 54 47 45 46 50
46 47 46 45 46 51 70 124 211 231 259 306 311 206 91 64 74 128 192 94 65 57 50 45 48 45 48
49 52 45 44 46 52 107 239 277 284 289 264 242 129 67 63 66 68 74 74 62 52 52 45 45 47 46
44 47 46 46 47 53 122 308 307 282 279 272 299 116 70 65 70 70 74 164 113 56 54 44 46 49 46
46 46 48 46 46 54 88 264 400 322 275 287 203 93 71 65 70 72 71 170 192 62 63 50 46 48 47
44 46 45 44 46 50 74 127 291 312 199 157 96 73 61 55 58 59 59 63 80 71 57 50 45 48 47
46 45 45 44 46 50 88 107 204 245 104 92 73 62 52 52 53 52 53 54 54 56 89 52 47 46 47
45 48 45 46 46 50 66 62 78 85 68 69 63 53 51 52 47 48 48 52 50 52 364 58 45 46 46
44 43 44 49 45 47 52 52 56 56 55 63 64 58 54 50 46 46 46 46 48 47 98 49 44 43 45
43 49 44 44 52 52 48 49 50 52 54 56 59 54 51 49 44 46 46 48 46 45 54 44 44 43 45
53 63 49 50 63 62 52 56 53 57 57 65 66 68 62 59 57 51 49 49 46 45 49 43 44 42 44
66 70 51 63 54 71 65 68 68 77 72 96 94 94 88 81 69 73 68 63 54 49 46 44 44 44 46
64 59 46 50 48 53 54 57 59 67 61 74 73 80 77 77 70 73 65 60 51 48 46 44 43 44 45
62 62 49 46 47 47 51 59 55 57 56 58 58 59 56 59 61 59 56 51 46 51 45 48 44 45 46
71 78 59 56 55 53 59 60 61 57 58 62 63 61 56 68 71 76 57 54 50 46 50 44 43 47 47
69 67 63 62 64 61 63 65 75 64 67 75 76 70 78 100 122 138 105 68 58 50 44 43 44 47 47
49 57 46 48 48 45 51 51 56 54 53 57 63 59 65 88 73 98 81 64 52 46 43 46 51 50 50
47 44 42 44 43 46 51 46 49 49 47 49 49 49 50 53 52 52 48 49 45 44 44 44 51 50 55
