44 43 44 42 44 43 45 46 43 49 82 116 61 46 43 43 43 43 44 45 47 42 44 43 43 44 43
43 43 45 43 43 45 45 46 51 58 108 96 67 50 45 42 49 43 43 45 43 43 44 42 44 43 43
43 43 44 44 42 44 50 46 45 49 69 92 64 46 45 50 43 42 44 43 44 44 48 43 40 44 49
43 44 44 42 44 43 43 45 42 47 61 69 54 46 43 43 46 43 43 46 43 43 45 41 43 48 44
45 43 45 43 42 43 43 43 44 42 51 66 53 44 44 42 43 42 45 42 44 43 44 43 43 44 43
43 43 44 44 44 46 47 53 50 51 89 168 75 49 44 46 43 43 44 47 45 42 44 42 42 44 43
44 48 44 43 45 44 52 61 58 60 140 321 135 59 50 46 43 45 46 44 46 43 44 45 44 44 45
42 46 44 45 44 43 46 46 47 47 67 131 87 50 46 44 42 43 46 45 48 43 48 44 41 45 46
43 43 44 43 44 44 47 48 49 50 72 130 131 56 46 44 46 43 43 47 44 43 45 41 44 48 44
43 48 44 43 45 48 56 64 63 72 203 256 332 135 54 46 46 46 46 42 45 42 45 49 44 44 45
44 44 43 46 45 47 57 60 65 72 140 264 330 197 56 49 46 46 51 48 45 44 45 43 44 45 44
43 43 44 43 43 44 46 47 49 47 62 111 103 78 49 42 43 43 45 42 44 48 43 44 43 42 44
43 42 44 49 47 46 54 58 61 63 137 183 192 212 65 46 43 44 44 45 42 43 50 44 44 44 52
43 44 42 43 45 47 57 63 63 64 104 188 255 301 71 48 46 46 46 45 42 44 51 44 44 47 44
43 48 44 43 44 43 47 49 49 51 55 67 143 198 50 45 41 44 47 44 42 44 44 43 44 42 44
40 43 48 43 45 44 45 45 45 46 48 57 73 87 53 46 43 43 44 43 42 43 44 41 43 47 44
42 44 47 44 44 45 47 51 54 53 65 91 138 230 107 46 45 46 48 46 45 42 44 44 43 44 47
43 42 43 49 44 43 46 46 48 50 54 68 101 120 106 64 48 46 46 48 44 42 43 44 42 44 47
42 42 44 47 44 43 45 44 46 50 50 58 73 62 66 48 43 42 44 42 43 43 44 44 44 43 45
44 43 44 44 45 48 52 59 63 79 123 134 139 137 159 56 46 44 46 43 44 45 44 44 47 44 45
45 44 45 44 45 50 63 72 79 141 187 223 165 210 238 82 50 47 46 45 44 44 46 44 44 46 44
43 44 44 44 46 47 61 66 72 138 137 179 141 136 136 66 46 45 47 45 43 43 48 45 44 44 43
44 46 44 46 49 54 79 96 158 255 327 245 161 134 116 59 49 46 50 46 47 46 48 45 45 44 45
44 46 50 46 49 59 108 171 316 340 371 312 293 290 293 80 50 51 53 47 48 48 50 51 46 45 46
46 47 47 48 50 65 116 202 374 424 416 404 327 336 189 74 52 56 56 51 49 46 51 47 46 47 44
44 49 46 45 48 60 102 186 243 326 276 296 207 136 70 50 47 50 51 46 47 46 49 46 45 45 46
45 48 46 46 51 93 229 301 306 277 305 302 246 177 73 51 47 51 56 47 50 47 49 47 45 46 46
48 49 47 50 56 126 348 439 351 341 365 434 384 293 100 59 57 57 58 46 53 48 54 50 46 49 48
46 46 46 46 50 110 246 319 271 254 247 207 170 178 71 50 52 50 51 44 47 44 50 51 46 45 45
44 45 44 45 60 134 202 249 190 191 152 160 119 72 55 48 47 48 52 44 45 45 46 46 44 45 45
56 59 54 57 80 164 362 473 465 486 554 4095 480 322 174 81 71 78 85 63 63 57 70 59 52 53 54
47 42 46 50 53 106 202 260 238 235 211 178 110 78 65 49 48 49 50 47 44 45 54 46 44 45 44
44 47 46 44 46 58 95 162 165 142 101 91 64 58 54 46 45 46 46 45 43 44 51 45 43 44 43
44 46 43 46 52 64 118 219 173 166 106 83 69 63 52 47 44 46 47 44 46 42 47 50 44 44 44
45 46 45 45 54 70 122 206 182 194 134 94 83 68 53 48 46 48 46 45 45 44 49 43 44 49 44
46 45 46 45 49 78 136 144 171 153 126 101 87 71 52 49 46 46 49 44 45 43 46 46 42 44 49
43 43 44 44 46 52 65 76 107 80 65 55 54 56 46 44 44 44 46 42 44 43 44 44 41 43 49
44 47 46 49 63 74 127 141 164 136 88 78 68 56 48 46 45 44 46 44 44 44 44 45 48 44 45
46 46 45 45 48 65 118 189 187 181 145 100 74 63 52 47 46 46 48 44 45 45 46 45 49 44 44
46 44 45 45 45 55 84 187 211 189 135 98 72 63 54 47 49 47 47 44 45 45 48 46 44 49 44
43 44 43 44 48 50 70 134 238 139 103 82 66 58 50 46 45 46 51 45 46 44 45 45 44 44 44
44 46 43 46 51 57 123 227 244 217 182 115 81 67 56 51 47 47 49 48 46 46 49 45 44 44 44
44 46 47 44 48 62 133 259 258 228 218 131 90 73 61 52 55 51 51 50 47 45 50 45 44 45 44
44 45 46 43 46 58 94 197 199 180 146 107 74 68 64 66 88 59 49 45 46 44 48 46 44 45 46
45 46 45 43 45 54 85 165 161 125 106 89 75 61 53 54 63 50 48 50 45 44 48 45 44 44 45
47 48 47 46 50 71 170 276 256 199 217 254 242 175 121 98 118 135 80 48 47 46 50 47 46 45 47
47 48 47 47 51 76 188 293 294 273 307 298 282 228 158 71 113 175 247 84 49 47 52 48 50 47 46
45 45 45 46 47 59 112 162 232 220 238 266 248 150 74 48 51 67 111 80 49 46 51 50 45 44 47
46 48 48 47 50 83 219 313 314 303 299 257 195 107 68 53 52 53 57 49 54 46 54 46 44 46 47
45 49 51 47 52 77 231 342 348 325 341 324 253 108 71 52 53 56 57 58 103 50 56 54 46 49 45
47 46 47 50 51 68 150 353 407 341 318 300 159 98 73 54 53 56 58 50 74 68 74 60 48 58 49
45 50 45 45 47 52 83 122 216 203 151 103 79 63 52 46 46 48 46 46 53 59 78 75 52 51 47
44 45 46 46 48 49 77 85 116 105 74 65 58 56 47 44 43 45 46 44 47 50 94 86 55 45 46
46 51 46 45 47 51 72 84 83 82 72 69 58 51 46 44 47 46 46 49 46 59 561 208 55 50 46
53 46 45 48 45 51 58 60 64 56 54 58 50 45 45 43 45 44 44 42 45 45 161 57 42 45 49
44 55 46 48 53 54 54 55 56 59 52 48 48 50 45 43 44 42 48 42 44 43 56 46 42 44 49
66 94 65 63 89 117 94 82 77 74 60 61 58 51 47 45 45 44 46 44 44 44 46 45 49 44 44
84 89 65 80 88 118 116 130 99 99 79 84 68 66 57 51 53 53 52 49 46 45 45 45 49 45 44
70 64 48 56 52 68 76 80 72 71 60 64 58 56 56 55 55 53 51 49 45 46 46 41 44 50 45
70 72 47 52 53 62 63 65 63 60 55 55 49 49 54 48 51 50 51 48 44 47 44 43 45 43 45
80 98 66 75 72 77 76 71 73 64 60 56 56 57 50 54 58 67 52 52 49 44 46 43 44 47 45
72 75 68 72 80 85 80 74 78 66 66 68 63 56 62 77 84 98 81 64 51 44 46 44 45 47 46
48 56 48 50 52 54 55 52 59 53 54 54 50 53 63 72 58 86 75 58 48 43 44 46 45 47 53
43 45 44 43 45 47 49 47 50 48 48 49 48 48 47 49 46 52 49 47 45 44 44 44 47 49 62
