49 42 43 43 44 44 41 44 49 51 44 43 43 43 44 42 42 52 42 44 50 43 44 43 42 43 44
47 44 43 43 44 43 44 44 47 70 50 45 42 44 48 44 45 46 42 44 53 43 45 43 41 43 44
45 46 47 44 45 44 48 56 93 454 212 51 51 49 47 48 49 49 60 78 69 46 46 42 44 48 44
46 44 46 44 44 45 46 51 84 184 73 50 49 47 51 45 44 46 134 315 183 58 45 43 44 44 44
42 43 44 42 44 47 45 46 48 52 46 44 44 45 43 44 42 42 50 93 86 52 46 43 42 43 43
47 42 43 43 43 52 53 45 55 50 46 45 46 42 43 44 43 49 48 55 54 44 44 43 42 44 42
52 46 44 43 44 48 53 53 52 56 47 44 46 44 42 44 44 46 52 77 77 54 50 46 46 44 46
46 46 46 46 44 46 47 46 48 46 45 44 44 44 44 44 43 45 47 67 66 46 46 45 50 44 45
43 46 44 43 44 43 46 47 54 46 44 48 44 41 44 42 43 45 45 54 53 43 45 43 47 45 43
40 45 49 44 44 48 50 80 156 55 47 45 46 47 45 45 46 46 51 94 58 44 45 41 44 48 44
44 44 43 44 45 48 56 96 223 80 50 48 48 46 47 48 47 49 102 383 154 52 44 44 48 44 44
43 45 44 43 44 43 46 64 78 56 51 45 45 45 44 45 44 46 100 307 104 47 44 48 44 42 44
43 44 44 46 45 43 51 148 140 85 46 47 51 46 46 46 44 46 67 96 56 45 48 44 42 44 42
43 45 42 46 51 50 88 294 243 163 62 52 52 55 50 51 49 59 214 228 106 47 45 46 48 44 44
44 46 46 44 46 45 61 202 209 125 71 52 52 51 49 51 50 102 291 329 160 47 47 44 46 47 45
42 44 48 44 44 45 50 126 156 75 51 52 48 48 47 46 47 66 206 269 99 46 51 45 44 44 45
45 45 49 46 46 47 70 318 313 151 59 59 53 52 51 52 53 64 204 248 74 51 46 45 44 45 48
43 43 45 48 46 44 49 114 138 87 51 52 53 48 49 49 52 87 345 344 95 59 46 45 47 44 44
43 43 44 46 44 42 44 47 51 48 43 44 49 44 44 44 43 46 98 107 50 45 43 44 46 43 45
43 43 44 42 44 44 46 50 54 50 44 44 44 43 45 42 47 46 49 51 43 43 44 42 44 44 43
42 46 44 42 44 43 45 52 57 55 49 45 44 44 43 44 47 52 54 47 43 44 44 42 44 46 43
42 43 42 43 45 43 46 47 54 53 46 45 46 41 45 50 44 57 61 46 45 48 43 42 43 42 43
43 43 44 43 43 44 48 47 61 58 46 44 45 43 46 46 44 55 54 52 44 43 44 42 44 44 42
42 44 45 42 46 50 47 76 143 137 92 53 50 49 50 52 62 74 68 55 51 45 46 44 42 44 44
44 44 46 46 47 48 55 99 192 198 168 79 56 56 55 76 142 139 132 82 52 46 46 46 44 45 45
44 44 44 43 45 44 46 57 76 90 85 56 48 48 50 79 104 112 99 74 51 45 44 46 43 43 45
43 44 46 45 44 44 48 67 84 78 76 57 51 47 47 60 58 61 59 54 46 44 42 43 43 43 44
44 44 46 47 49 49 68 142 154 146 149 119 65 64 84 132 153 131 115 72 58 47 46 50 44 44 45
44 45 45 47 48 47 63 120 144 133 138 127 78 69 94 153 135 120 105 74 54 66 47 47 45 43 45
42 44 43 44 46 43 47 55 67 75 73 74 61 58 61 94 81 82 71 50 46 48 46 44 46 44 42
44 44 46 46 48 51 65 119 114 146 145 143 118 84 93 121 96 86 64 54 50 52 46 44 44 43 44
49 44 50 55 53 52 92 163 171 198 179 208 190 189 179 216 141 131 94 75 54 54 52 46 46 47 45
46 46 44 51 56 50 59 101 130 168 162 198 198 223 174 191 120 110 93 66 54 54 46 51 62 68 46
45 46 42 47 52 46 50 78 96 112 100 130 118 133 115 104 76 68 55 50 50 46 46 49 50 54 45
47 47 53 50 51 50 71 143 141 152 141 152 148 190 159 135 110 96 96 58 56 50 48 45 47 44 46
49 46 50 49 50 51 77 129 160 136 135 156 145 156 116 112 103 78 104 57 52 51 54 49 48 46 50
44 47 46 48 46 44 51 69 87 87 92 85 100 94 96 84 73 62 56 51 48 48 52 53 47 46 44
45 64 52 46 46 44 47 53 67 90 74 67 75 75 68 66 72 49 48 46 46 46 48 48 48 43 46
45 130 79 48 46 47 57 69 88 99 96 93 93 122 76 91 72 54 49 50 47 50 104 57 45 44 50
44 78 83 50 46 46 54 67 80 98 93 88 82 104 83 100 68 59 49 51 53 67 192 94 44 48 45
43 50 73 52 50 44 45 48 55 63 65 59 59 69 59 63 54 47 46 51 48 72 99 54 43 44 45
43 58 200 132 52 46 46 56 76 84 97 74 76 83 66 63 51 47 48 52 52 71 56 49 43 44 44
47 51 213 239 71 53 53 68 99 123 128 113 146 123 94 78 60 53 56 53 111 255 100 46 47 45 46
44 46 69 147 60 46 51 64 82 118 121 127 117 95 85 76 58 55 51 58 137 322 64 46 44 46 47
45 44 46 66 54 47 46 49 54 76 86 85 84 73 72 62 48 46 51 48 65 70 44 44 44 43 44
46 49 54 106 116 54 55 70 103 153 155 177 175 160 121 87 68 56 57 61 78 63 47 45 45 45 46
46 47 54 84 130 75 63 103 153 167 214 200 256 232 183 112 98 79 66 98 156 115 50 49 46 46 46
44 46 47 53 70 59 52 78 91 101 130 134 158 153 123 99 89 83 57 89 124 89 47 45 44 43 45
42 45 49 63 109 76 65 104 112 113 120 103 108 88 78 85 71 60 54 67 65 62 50 44 45 45 43
46 47 56 82 187 161 131 179 194 162 160 158 187 145 137 161 153 127 93 158 148 67 53 46 46 47 45
46 46 51 61 110 132 150 183 194 162 155 154 180 143 159 179 153 139 114 205 144 63 50 46 44 47 46
44 44 48 48 64 78 92 98 96 95 101 102 100 91 109 105 85 86 74 89 68 49 46 44 42 44 45
44 46 51 52 61 103 177 164 134 109 114 116 113 103 91 89 77 69 64 59 55 53 46 46 44 43 46
51 47 48 52 54 72 108 123 125 117 125 140 120 110 97 90 85 74 56 57 54 48 47 42 44 49 49
49 44 45 46 46 50 56 66 70 70 71 82 74 69 63 56 51 49 50 45 47 45 44 44 41 44 56
44 47 45 46 47 48 50 56 58 57 57 66 65 55 54 51 48 42 46 45 47 42 43 43 43 45 48
56 52 52 50 62 68 69 72 68 69 80 82 79 69 59 60 53 47 48 46 46 46 42 43 48 45 48
68 52 57 56 63 70 85 79 76 82 99 110 95 92 77 77 64 56 54 50 49 46 44 44 44 46 51
60 50 48 48 55 53 63 65 63 67 78 85 83 79 70 74 63 58 53 48 48 45 45 44 43 50 50
64 54 50 48 54 52 54 59 64 63 69 68 66 71 61 63 61 56 51 49 46 44 44 43 42 51 57
78 71 59 64 63 66 66 77 83 74 91 92 82 85 71 83 76 76 59 55 48 45 45 43 44 57 66
71 76 63 70 73 76 79 96 104 90 110 127 103 96 99 123 124 141 108 61 56 49 46 45 46 51 62
49 57 47 50 50 51 54 62 66 59 69 76 69 68 74 94 75 98 71 52 47 46 45 45 48 57 63
45 45 44 43 46 48 47 49 54 50 53 56 51 55 51 55 53 54 51 46 44 44 42 45 50 56 65
