48 45 43 44 42 43 48 44 46 46 43 43 44 43 44 44 40 45 48 43 46 43 42 44 44 43 46
50 46 44 44 44 44 45 45 60 61 46 42 44 44 45 45 45 44 44 42 44 44 42 43 47 44 44
62 47 48 49 48 54 57 93 286 433 57 52 50 52 54 52 78 84 58 47 50 45 43 45 44 44 45
50 49 46 46 50 57 67 88 132 278 69 52 52 54 51 90 334 167 110 47 46 43 45 49 44 44 46
46 50 43 43 44 45 48 50 61 68 46 44 46 44 44 46 63 78 70 43 43 44 43 44 47 43 44
47 49 47 43 45 49 52 69 52 52 48 45 46 47 46 44 48 54 54 42 45 48 43 44 43 42 43
48 41 46 43 46 53 81 108 61 52 49 50 46 48 52 49 57 87 64 53 45 46 44 43 47 44 43
56 44 42 44 44 46 56 87 55 46 50 47 46 46 46 46 49 75 58 52 46 43 43 44 43 44 42
46 44 43 44 44 46 62 66 48 45 45 44 45 45 44 49 49 65 54 42 44 43 43 47 43 42 43
43 45 44 46 52 53 118 143 56 53 47 45 48 46 46 46 55 88 61 46 46 45 42 43 43 43 45
43 48 51 46 52 59 176 211 68 56 50 48 51 56 52 50 108 226 101 60 46 42 45 43 44 46 42
44 43 45 46 46 53 86 91 49 48 45 46 44 46 52 48 95 180 79 46 44 43 44 42 44 43 44
44 46 46 45 48 82 169 133 55 48 47 47 49 49 45 47 66 84 53 43 44 44 43 44 43 44 47
51 58 58 53 61 268 505 387 135 74 62 64 67 67 65 71 210 284 142 50 46 46 46 45 44 46 46
50 54 53 52 59 169 370 253 128 74 61 62 62 66 71 108 404 551 410 60 50 48 46 46 44 46 46
44 46 46 46 47 73 149 96 54 52 47 48 50 47 50 63 188 247 120 41 44 44 44 44 44 44 43
46 50 50 54 57 185 234 172 65 58 52 52 56 52 54 62 141 149 78 44 44 48 44 43 43 43 45
44 48 51 46 55 104 156 130 64 59 53 51 53 55 58 95 209 257 123 52 40 45 53 46 44 44 44
42 44 45 43 46 46 60 58 46 46 45 44 45 46 45 54 82 107 83 51 44 46 45 41 43 44 44
45 49 46 44 45 46 51 50 44 45 42 43 48 44 43 45 47 54 46 44 48 43 44 43 42 43 44
44 42 46 47 52 61 100 95 54 50 46 47 52 48 48 53 65 64 51 44 47 44 43 44 42 43 44
46 46 47 47 54 74 138 117 62 55 53 52 51 55 60 97 157 121 71 47 45 46 45 45 44 46 44
44 45 46 45 49 64 76 70 51 50 53 47 47 49 50 72 130 97 60 42 44 42 44 48 45 44 44
46 51 48 48 69 183 183 159 146 76 60 56 60 61 87 81 76 73 56 44 44 47 42 44 50 44 44
50 58 59 54 105 234 218 207 216 137 78 78 83 114 206 142 136 168 68 46 46 52 46 44 45 44 45
48 44 49 54 59 102 120 121 111 80 61 60 72 118 187 163 158 122 73 46 43 46 50 44 44 45 43
46 46 42 45 58 81 99 89 66 53 50 49 52 57 80 67 57 54 47 45 42 44 49 44 43 44 42
63 72 66 68 152 301 344 292 278 206 138 109 144 204 161 118 99 100 62 52 46 48 48 45 46 45 47
63 74 76 72 138 313 312 314 287 232 191 162 196 276 250 184 182 162 69 56 46 53 51 45 46 51 46
49 54 58 62 59 122 140 138 116 132 91 95 116 140 151 125 98 80 55 46 46 51 62 50 43 44 48
49 53 62 60 84 126 129 136 120 142 107 123 115 129 108 98 79 63 52 47 46 44 46 55 44 45 45
90 82 85 56 68 108 124 159 148 145 116 140 118 145 131 113 103 67 53 54 46 46 46 48 46 44 46
80 78 54 48 51 63 77 106 110 116 80 114 109 104 101 70 77 60 49 57 46 44 69 51 43 44 49
58 93 54 52 58 79 131 204 196 192 138 137 158 151 90 57 61 59 51 50 46 48 78 46 44 51 44
74 74 63 61 80 125 209 303 245 271 228 257 287 316 229 95 89 72 60 54 44 106 68 46 44 45 46
52 60 52 52 63 92 127 159 148 151 164 129 197 250 127 70 80 59 52 49 46 158 67 45 45 44 44
49 61 54 49 64 136 131 143 110 97 84 87 134 107 66 59 53 51 49 46 43 51 47 48 44 43 45
52 81 56 47 59 117 111 117 98 81 67 69 100 110 80 74 52 56 48 48 48 49 45 43 43 45 42
46 52 46 43 46 50 55 60 56 82 61 49 61 91 53 46 44 45 46 44 50 46 44 44 43 44 44
46 49 51 44 47 51 66 81 70 56 52 51 69 73 48 46 42 46 50 44 44 44 42 43 43 43 44
46 51 48 46 49 61 81 105 92 62 55 60 117 107 59 47 50 48 47 43 45 42 44 48 43 43 44
47 78 54 47 47 58 72 86 78 60 56 55 65 65 52 43 46 47 45 46 46 43 44 47 44 42 46
104 383 101 59 62 98 134 158 131 114 112 98 112 100 76 54 55 55 61 106 57 46 43 44 48 44 44
73 271 78 50 51 66 96 129 106 104 96 108 90 78 63 49 51 52 71 141 80 49 45 44 44 43 44
48 85 71 51 49 54 68 93 95 94 81 82 74 59 52 47 46 48 48 88 55 44 49 44 43 44 43
59 150 155 64 71 119 173 254 254 220 212 218 217 134 80 60 63 67 89 123 53 49 46 46 43 45 50
51 71 72 54 63 98 140 198 196 172 190 181 199 135 90 57 59 63 91 93 56 49 48 45 43 45 44
46 56 74 50 53 78 96 110 83 81 78 86 87 67 57 48 49 51 52 49 43 44 45 43 44 46 44
54 101 163 85 89 187 172 189 173 160 164 156 154 119 85 58 61 74 69 54 46 45 46 45 44 46 46
55 78 157 123 131 195 187 195 169 156 168 167 187 157 112 72 77 116 116 66 46 47 47 46 43 50 50
47 55 59 61 66 81 102 97 87 78 77 98 124 103 83 57 65 76 69 50 45 46 43 44 48 44 44
57 69 162 225 174 185 223 186 127 96 86 108 115 102 73 58 60 62 55 49 46 46 43 45 49 45 46
69 96 119 168 244 319 434 418 296 230 202 295 333 250 169 109 105 102 69 59 49 52 51 45 46 51 51
58 71 65 76 122 192 254 248 191 164 141 194 188 168 112 78 73 70 63 53 45 48 49 46 46 46 44
53 50 50 49 69 99 97 86 82 74 69 72 68 64 56 50 55 50 46 47 45 43 45 43 43 47 45
62 69 66 75 104 158 144 126 120 110 84 90 90 73 67 56 57 58 51 47 45 48 45 45 44 43 45
93 123 91 102 173 237 215 196 189 189 153 156 146 130 101 75 75 76 61 54 47 46 47 45 44 48 45
74 81 64 70 91 112 124 132 106 121 106 113 85 86 71 62 62 60 55 51 46 48 46 42 44 51 47
67 63 56 54 60 70 71 78 70 64 59 59 54 55 53 50 49 51 53 46 44 45 43 43 44 44 45
126 104 68 91 81 88 98 101 89 74 63 63 60 59 57 50 57 56 51 46 46 45 44 44 48 44 44
188 159 119 151 148 165 181 187 185 136 104 107 96 91 75 72 92 96 70 61 48 46 46 45 46 44 46
71 91 81 93 109 117 137 132 143 107 94 88 79 79 71 69 72 106 85 55 46 44 46 45 48 47 48
55 59 49 58 56 56 63 65 69 58 56 51 53 53 50 53 50 58 51 47 44 46 45 42 49 47 46
58 70 55 66 59 61 66 57 57 55 50 53 57 53 49 50 48 49 46 44 44 43 48 45 46 49 51
