48 42 44 42 43 44 43 43 45 43 45 44 42 43 44 42 42 45 42 43 46 43 46 43 42 43 44
49 44 43 43 44 43 43 44 43 44 46 45 45 44 42 43 42 43 47 43 43 43 42 43 44 43 45
48 43 46 43 43 46 44 44 46 44 43 47 44 44 45 41 43 44 44 40 44 44 43 46 44 43 46
45 44 43 43 44 44 44 44 44 44 44 46 43 44 44 42 43 44 43 39 44 48 43 43 44 42 45
43 44 43 42 44 41 44 47 43 43 44 42 44 44 43 43 43 44 41 43 42 43 47 43 44 44 42
47 43 44 42 43 45 45 43 44 44 44 46 44 42 44 44 44 41 44 49 44 43 44 42 45 44 44
48 48 45 46 44 43 46 42 43 44 42 44 50 44 44 43 43 44 44 45 44 43 47 44 45 44 43
45 44 41 43 46 44 48 43 44 44 44 44 44 43 48 43 42 42 43 44 44 43 43 44 42 44 46
42 44 43 43 43 43 44 43 43 43 44 45 44 47 44 44 43 43 44 39 44 46 43 45 44 43 44
42 43 43 43 46 43 44 45 43 45 44 42 44 44 44 43 46 44 43 43 44 43 44 46 44 45 44
46 44 43 44 44 44 45 43 44 46 44 44 45 43 43 43 43 44 46 42 44 44 43 44 46 45 45
43 48 43 43 46 43 45 44 43 44 45 44 46 44 42 43 43 44 43 44 45 43 44 43 44 46 44
43 42 43 47 46 48 49 42 43 43 43 44 42 44 48 43 43 44 46 45 43 44 44 43 47 44 42
42 45 40 53 54 64 95 49 44 45 44 44 46 42 44 48 44 80 62 57 44 43 43 44 44 44 46
44 47 45 47 56 62 74 55 47 46 43 46 51 46 45 44 55 201 242 328 46 44 44 43 45 42 44
42 44 44 44 92 105 85 57 44 44 45 43 45 50 44 43 46 71 88 102 46 44 44 43 46 43 44
46 46 50 49 520 366 381 223 66 56 55 56 56 54 53 43 104 253 218 203 51 46 47 49 46 45 46
45 47 46 48 207 274 241 97 58 56 52 52 53 50 50 44 87 435 400 448 57 50 47 46 45 46 45
43 42 45 46 49 81 62 51 46 44 44 45 43 44 49 43 52 120 187 77 46 43 43 45 41 45 49
45 48 50 45 61 349 364 253 78 54 53 54 53 53 51 44 72 99 101 57 46 46 44 44 44 45 45
49 53 56 51 76 598 502 535 291 73 70 72 72 70 65 45 362 373 490 84 53 53 50 46 46 44 47
46 46 46 49 56 93 254 203 83 55 53 54 55 54 53 44 254 361 370 69 50 52 46 46 45 43 45
44 43 44 42 44 49 56 51 53 45 44 44 43 43 44 40 44 54 60 42 44 48 43 43 44 42 43
42 44 46 45 49 63 78 74 69 54 51 46 47 46 45 43 50 51 53 51 43 46 49 44 43 43 43
43 45 46 44 46 52 62 54 59 57 50 47 47 46 52 44 57 54 61 59 49 51 46 43 43 44 42
43 48 44 42 44 44 46 46 45 45 45 44 46 44 44 43 46 46 46 47 51 46 45 44 42 43 45
42 43 47 43 44 45 45 44 44 43 44 44 45 44 46 43 43 44 43 45 49 44 43 43 41 43 44
43 44 44 42 44 48 48 51 53 53 55 54 47 51 50 42 52 45 46 47 44 44 45 42 43 48 45
47 46 44 44 43 45 46 47 49 48 50 50 49 51 47 43 49 46 46 42 45 42 44 48 43 44 44
44 44 43 43 43 43 44 42 44 49 45 44 45 43 44 43 44 43 46 41 44 44 41 43 47 43 44
43 49 46 44 45 44 49 56 66 88 84 81 72 83 58 42 44 44 46 42 46 50 45 44 44 42 43
48 51 54 55 51 56 66 110 190 229 166 197 176 185 163 44 56 52 52 51 51 58 54 44 46 45 44
47 55 48 50 53 52 64 94 129 187 177 195 175 205 174 44 53 52 51 51 50 56 55 45 46 45 44
48 56 47 51 56 55 82 157 173 202 170 253 177 176 126 46 53 53 50 50 54 53 52 48 44 46 46
50 63 60 54 58 67 110 213 195 239 241 238 217 272 236 44 79 70 54 56 59 63 54 45 44 46 47
50 62 61 54 57 70 126 240 243 214 182 228 220 244 217 44 101 67 59 58 59 62 56 45 45 46 45
47 51 50 51 49 53 64 96 112 115 126 151 124 197 134 44 69 52 49 48 51 54 48 44 48 43 44
47 50 50 52 52 57 102 118 121 125 114 121 117 106 98 44 65 52 50 47 50 51 47 45 41 44 50
48 52 53 51 54 73 107 150 138 132 115 114 150 132 114 43 81 56 54 50 51 53 51 45 44 45 48
46 51 49 48 50 58 91 136 128 116 97 100 133 135 110 42 77 54 50 50 49 51 50 47 45 46 47
45 49 49 46 46 49 71 95 101 88 75 77 87 90 77 48 54 47 46 43 47 52 47 44 44 44 44
51 60 50 51 51 56 80 135 154 138 130 124 135 136 104 48 53 51 50 47 51 56 51 44 44 44 45
64 77 57 52 53 56 74 131 168 161 171 182 195 158 109 44 56 52 48 52 55 62 70 47 44 45 46
66 103 53 49 50 52 61 96 127 145 134 166 165 133 95 44 53 52 50 53 55 104 130 62 46 46 43
194 493 78 47 49 49 58 88 103 108 102 90 98 87 74 44 49 50 50 48 58 219 219 49 43 45 52
247 627 219 61 57 62 81 136 170 178 160 188 214 171 125 45 59 58 56 56 94 389 189 47 45 46 48
77 237 187 70 61 63 87 147 188 182 175 173 219 200 149 44 76 62 58 65 206 429 259 52 46 48 47
54 88 119 78 53 55 72 101 101 113 135 129 162 145 102 44 68 60 53 70 162 232 100 51 46 47 48
49 85 175 146 75 67 105 149 165 160 154 128 142 120 85 45 65 60 60 68 109 80 52 45 49 46 46
56 83 167 235 185 140 186 275 268 222 215 223 273 229 181 45 147 128 92 162 215 106 59 47 50 48 49
54 67 66 85 117 126 159 227 239 202 191 210 248 197 202 45 150 146 120 211 174 82 65 48 47 52 47
48 52 46 71 100 89 117 118 113 111 108 119 124 103 99 44 76 76 74 88 65 55 54 44 44 48 46
51 60 55 66 98 139 238 249 238 188 148 169 167 135 122 46 83 81 75 64 60 58 54 50 45 47 50
51 59 62 53 60 74 121 165 198 191 160 179 166 152 124 44 96 76 62 60 57 59 53 43 45 50 48
47 46 48 45 46 50 56 62 69 71 73 78 72 70 58 42 49 47 47 45 46 45 45 44 42 44 48
45 45 46 50 48 54 56 62 70 69 72 71 69 60 54 44 48 46 46 46 46 44 45 44 43 44 46
53 48 53 57 64 71 71 76 85 89 95 97 91 74 63 44 52 49 48 46 47 48 46 45 42 44 48
63 51 61 53 66 67 80 85 91 98 104 107 88 85 72 42 59 54 52 50 51 48 47 44 42 45 49
56 53 49 49 56 59 70 76 78 77 82 85 74 71 63 43 61 56 50 49 47 47 46 43 44 48 46
67 62 48 51 63 62 70 80 82 79 81 80 72 66 62 47 57 58 50 48 48 48 50 44 42 47 49
102 72 62 75 78 85 88 116 120 107 109 109 94 82 74 47 78 77 62 54 50 53 50 43 44 56 62
74 70 60 69 80 86 93 118 119 105 123 120 101 88 86 44 113 135 97 61 52 53 50 46 46 49 60
47 57 49 51 54 59 62 74 82 68 76 76 68 68 64 44 69 97 67 54 48 47 46 45 49 58 57
44 51 46 45 49 52 55 57 55 55 61 58 55 58 51 43 55 55 52 46 48 46 43 45 50 56 72
