45 44 43 43 44 45 46 41 43 48 45 51 45 43 43 44 43 44 43 48 44 43 43 41 43 43 43
45 44 43 44 46 63 57 45 44 46 65 159 63 47 44 44 43 45 42 44 49 43 44 43 42 44 43
44 45 47 45 56 195 355 93 53 50 168 462 300 94 56 54 50 50 49 48 46 47 49 45 47 47 44
43 42 44 42 44 71 166 62 49 45 51 98 122 53 54 46 47 45 44 45 45 43 45 45 44 46 44
46 43 43 44 43 65 71 48 44 44 45 48 53 47 43 44 46 43 43 42 44 41 44 46 43 44 44
53 44 45 49 56 126 164 60 47 51 51 56 57 77 50 46 43 44 45 42 45 46 44 46 44 44 44
50 40 44 45 46 72 72 62 45 46 48 46 60 97 55 51 43 44 45 42 45 48 44 45 46 47 44
47 40 44 44 44 47 51 45 44 42 44 47 47 66 50 44 41 43 43 43 44 43 44 44 45 42 44
43 45 44 43 44 48 64 45 44 44 43 44 43 62 62 45 43 43 45 40 44 47 44 43 43 42 43
41 45 44 50 53 90 186 59 47 44 46 46 50 128 159 58 46 46 43 46 44 45 49 44 44 45 42
43 45 44 44 47 70 167 55 52 46 47 49 58 195 282 93 49 54 44 50 47 47 45 45 45 46 45
42 43 46 43 51 60 120 66 45 44 45 42 46 74 105 72 48 45 44 45 44 43 45 42 44 49 44
43 46 42 43 47 136 199 174 52 47 46 46 47 102 131 96 58 47 47 47 46 45 44 44 46 44 44
42 46 46 45 50 126 216 211 94 48 49 50 50 145 158 136 102 83 51 49 48 46 46 46 46 47 48
43 43 44 42 45 65 181 174 71 46 47 49 48 84 159 140 147 62 44 49 49 47 46 46 46 45 44
43 43 45 43 46 90 346 272 108 46 46 48 46 52 80 104 68 48 44 46 50 44 44 45 45 46 45
43 44 44 45 44 126 563 430 287 53 48 51 52 56 82 128 96 58 53 44 49 51 46 46 48 48 45
43 44 43 44 43 47 148 142 82 49 45 46 47 46 55 96 122 60 49 42 46 49 44 44 45 44 44
41 43 43 42 44 41 48 61 56 43 44 42 44 44 42 48 49 42 44 47 44 42 43 42 43 44 43
40 43 44 44 45 46 57 78 74 51 46 45 44 46 45 52 54 49 45 48 44 43 44 42 44 44 43
43 44 43 43 45 43 50 60 66 57 49 46 47 45 46 65 74 79 47 45 50 44 44 44 42 44 44
43 43 44 43 43 43 46 45 52 57 47 46 46 44 47 64 85 93 54 47 43 45 49 44 44 44 42
42 42 43 43 44 44 43 46 62 63 52 46 45 44 47 54 70 71 54 44 45 42 44 47 44 45 44
45 44 44 44 45 46 49 65 154 196 189 72 52 53 63 114 116 110 82 57 50 47 48 52 47 48 46
45 45 43 44 44 46 52 57 137 189 253 142 71 59 95 148 176 168 136 82 57 58 50 51 51 50 47
43 39 44 47 44 44 46 48 56 66 79 70 57 51 60 105 127 121 102 65 51 53 47 46 47 46 49
42 39 45 48 44 45 46 46 72 90 95 88 79 56 54 93 88 74 72 59 67 48 50 45 47 47 44
44 48 45 45 45 47 54 55 86 126 145 124 145 113 93 152 147 133 132 137 98 65 60 49 58 55 51
43 48 44 43 45 45 50 51 68 106 111 110 123 129 92 130 114 111 115 114 73 59 52 48 52 54 50
41 44 48 43 44 44 45 46 50 62 75 79 80 86 66 83 84 104 92 80 55 52 48 45 48 51 48
44 45 48 44 45 48 53 61 76 134 136 185 166 198 143 172 144 149 106 85 60 58 54 49 53 57 49
44 47 46 45 46 51 61 69 83 164 161 232 206 269 242 277 205 193 151 161 100 86 62 53 63 65 54
44 47 45 44 46 50 58 57 60 82 127 199 176 245 237 246 179 171 135 136 102 89 59 56 61 71 64
47 71 47 44 44 46 48 48 56 82 90 109 120 156 118 104 100 107 95 72 60 53 49 48 50 60 48
45 60 56 46 45 48 50 47 63 96 101 118 108 144 121 101 95 111 87 100 67 64 51 48 50 60 49
44 47 51 45 44 46 52 48 60 101 93 108 106 113 90 95 78 77 104 77 62 85 59 50 54 72 56
43 44 43 45 46 44 49 46 46 57 62 70 77 89 78 80 66 63 66 59 56 62 50 46 58 84 58
42 44 46 49 49 44 45 48 45 46 55 69 74 72 53 61 57 63 62 59 52 50 46 45 50 56 52
44 44 43 46 69 47 47 44 46 52 61 71 86 86 72 76 69 85 84 75 75 51 48 50 60 66 54
44 43 46 42 60 60 48 48 44 48 63 72 92 90 73 80 72 82 89 99 82 65 53 76 140 194 76
42 43 44 43 46 59 52 53 46 46 49 57 63 70 60 63 65 66 68 88 60 56 56 62 126 264 84
43 42 43 43 45 136 99 73 52 46 47 54 71 70 66 63 64 62 67 76 63 46 48 55 83 115 48
43 46 44 43 45 100 168 146 62 49 53 60 72 85 73 72 70 68 89 102 74 50 51 66 78 82 46
43 44 42 44 44 52 131 228 69 53 49 52 64 76 74 74 74 72 98 95 87 63 56 92 101 97 47
43 41 44 44 46 46 53 82 60 48 50 51 58 67 71 76 75 76 88 84 74 63 51 56 70 96 51
47 41 45 49 46 48 55 84 143 74 56 58 70 99 125 155 157 153 152 159 113 108 78 78 96 87 50
47 52 46 46 47 52 60 68 118 103 78 76 100 157 200 212 213 193 242 264 251 295 289 175 366 172 62
46 51 46 44 47 50 57 58 58 77 87 74 98 142 166 192 198 182 202 240 287 365 285 187 332 287 71
44 45 48 45 45 47 51 50 53 92 102 87 95 120 108 106 104 96 104 120 165 191 118 78 153 264 72
47 46 47 45 45 49 53 53 55 94 127 131 125 140 125 127 130 125 150 192 249 253 221 153 160 191 58
46 46 46 48 46 49 54 53 55 74 122 141 134 131 134 143 136 134 156 227 225 257 298 200 226 234 62
44 44 44 43 46 50 50 50 50 52 70 106 113 102 104 111 99 107 117 142 136 193 158 106 103 110 52
46 45 44 44 44 46 52 49 51 52 64 114 162 120 121 108 99 111 104 118 113 110 76 58 66 63 52
49 43 45 48 45 46 48 46 47 49 52 70 88 90 101 100 98 106 97 117 118 88 61 51 56 58 54
43 44 42 44 46 44 46 45 43 45 45 49 55 51 56 61 62 65 64 65 66 58 54 45 46 50 55
45 47 43 46 50 45 47 44 43 45 45 46 49 46 50 61 61 62 59 64 53 51 47 43 45 46 54
55 50 52 46 55 56 53 50 47 46 48 49 52 54 59 76 77 85 78 76 62 53 47 46 47 49 57
57 54 49 50 53 51 57 50 49 52 53 55 58 62 73 93 110 119 111 104 83 65 55 47 51 54 58
56 47 54 44 46 47 49 49 46 48 54 53 53 61 66 86 102 115 110 100 75 69 54 46 50 54 55
60 54 46 45 46 45 49 53 48 46 49 48 52 57 61 78 89 100 88 79 59 61 58 46 48 57 55
70 74 51 52 50 52 51 54 60 52 54 57 57 66 74 108 139 168 125 99 74 59 58 48 52 63 70
59 62 51 53 51 55 56 60 64 59 59 65 69 75 88 149 213 304 258 157 107 75 60 56 62 64 65
46 52 43 44 46 46 48 46 51 53 52 52 56 58 63 99 99 162 124 95 67 63 51 49 59 60 64
43 45 47 44 43 44 44 44 47 44 47 54 50 50 50 56 59 64 60 62 50 50 45 46 51 54 69
