46 43 44 43 44 44 45 60 58 46 46 43 44 44 41 45 55 52 45 53 44 42 43 42 43 44 42
48 46 45 45 46 49 55 66 113 112 79 56 45 43 44 64 51 48 44 45 44 42 43 44 42 44 47
48 47 48 48 50 53 54 67 179 234 145 69 48 48 50 211 78 48 44 45 46 44 46 45 44 44 44
44 43 44 45 46 46 48 48 57 62 53 46 47 46 46 514 178 50 43 47 51 44 44 46 42 43 44
43 43 44 45 42 46 54 46 56 63 45 45 45 44 46 74 277 50 46 40 45 49 44 44 44 42 44
45 44 44 44 46 48 53 48 87 84 51 49 44 43 50 56 81 52 51 46 44 44 42 44 44 43 44
45 44 44 45 43 45 50 46 74 70 48 45 45 43 46 48 57 51 44 45 44 45 44 42 44 47 44
42 46 42 42 43 43 44 46 56 48 44 44 44 48 44 44 45 44 45 48 45 45 43 41 43 47 43
45 46 45 45 47 48 51 97 202 71 45 48 50 45 46 46 45 46 41 44 49 44 43 43 42 43 44
46 49 47 50 51 58 80 214 292 94 56 55 51 48 48 48 46 46 45 45 43 44 48 44 45 44 43
44 44 46 45 47 49 56 120 152 64 50 50 45 50 48 50 47 45 46 47 45 43 45 46 44 46 44
49 46 45 46 48 52 103 131 103 63 49 52 51 71 62 59 51 46 46 47 44 44 45 44 47 45 42
47 51 49 49 59 64 153 152 119 84 62 59 75 118 102 80 83 90 81 63 49 49 45 46 44 43 44
49 47 50 52 57 67 171 156 147 75 57 61 83 122 127 106 108 136 144 138 88 100 64 55 48 50 48
48 45 46 46 46 48 81 93 88 46 48 53 49 65 59 61 71 95 100 83 77 70 61 62 53 46 55
55 60 55 60 64 85 383 348 160 67 52 69 61 58 59 60 58 52 53 52 49 46 47 45 47 46 44
55 60 56 58 64 95 394 243 101 67 51 69 91 100 102 107 118 106 80 72 49 48 47 49 46 44 47
43 45 46 45 49 52 75 59 49 49 46 45 49 62 60 86 93 144 83 90 52 53 62 50 47 57 46
42 44 48 45 50 57 78 51 46 47 45 43 46 50 48 47 51 54 76 48 44 59 74 44 47 56 44
47 52 47 49 67 90 120 71 53 65 48 54 58 54 81 60 97 56 51 45 47 48 47 46 44 44 44
47 52 48 49 63 104 123 72 56 66 50 58 61 66 102 78 71 61 59 55 55 55 48 46 45 45 50
44 44 45 43 50 58 66 58 49 46 44 47 46 50 55 51 52 46 46 56 62 45 48 46 42 44 43
56 58 62 67 148 165 199 134 78 70 57 66 55 54 51 60 50 49 43 47 53 45 46 46 42 45 46
70 78 85 112 208 379 329 253 173 153 88 138 97 68 73 74 90 59 55 44 49 50 50 47 46 48 48
56 60 61 69 97 155 224 171 130 106 76 106 70 59 87 115 98 55 60 49 47 47 48 46 47 44 50
50 52 51 66 84 106 103 101 76 62 50 61 67 49 49 58 47 43 45 49 47 44 46 42 43 45 46
53 58 60 101 104 129 119 104 110 100 62 96 62 65 68 52 47 45 45 49 46 43 45 42 45 46 44
59 67 66 136 144 165 173 158 161 131 101 134 76 134 93 62 53 50 50 46 46 50 45 45 47 47 45
60 67 64 81 125 212 211 187 125 106 75 111 65 76 71 59 52 47 49 48 44 47 50 45 45 46 45
63 70 69 95 163 259 235 203 107 88 63 113 59 55 53 53 51 49 46 45 46 43 46 48 45 47 47
121 141 140 198 264 346 384 365 258 250 164 4095 137 128 93 109 74 65 56 58 56 55 54 52 50 57 59
68 73 91 98 124 164 252 298 235 219 146 198 113 171 75 128 61 54 50 46 48 51 49 46 46 46 47
56 53 57 66 74 83 154 198 136 127 99 129 85 78 57 74 48 47 47 43 45 49 44 44 44 43 45
51 51 54 64 65 66 104 131 101 102 107 105 147 66 62 74 47 48 46 45 42 45 50 44 46 46 44
53 61 55 65 81 73 103 139 110 106 91 109 110 80 64 85 65 58 49 45 49 43 48 44 44 46 47
55 63 58 67 82 135 126 131 104 100 104 111 77 72 89 78 64 54 48 48 45 45 49 45 46 45 55
51 57 61 62 93 115 139 98 77 85 83 84 55 60 54 50 47 46 45 45 47 44 44 46 43 45 70
66 80 100 102 199 212 216 164 138 148 106 104 78 99 63 56 50 48 46 46 46 44 49 43 45 53 52
72 86 82 101 152 183 204 249 167 158 99 131 91 101 78 58 52 50 49 48 46 46 47 46 46 48 50
57 61 60 67 98 116 136 124 111 109 77 81 63 74 55 51 46 46 46 45 45 46 44 45 46 45 57
68 59 59 58 79 106 82 75 95 66 55 57 47 53 52 46 45 45 42 44 49 44 44 44 44 46 69
124 95 74 74 110 129 115 118 116 82 89 77 63 63 59 51 47 46 46 45 48 44 45 44 44 46 51
159 151 82 83 116 157 148 147 126 102 100 98 91 83 66 68 57 55 56 50 48 53 54 47 47 49 50
119 115 72 76 94 151 146 131 97 87 79 83 71 59 54 56 52 48 50 46 44 45 46 48 50 46 53
418 392 174 124 164 246 227 189 132 114 91 93 68 61 57 56 52 51 48 50 47 45 46 45 46 51 48
670 668 496 325 340 420 401 318 249 219 154 210 165 126 93 82 67 61 55 55 50 49 49 49 66 62 54
361 508 419 449 355 403 318 226 160 196 152 176 147 122 97 84 67 56 53 53 49 50 51 49 52 60 54
176 239 265 282 155 152 119 87 73 78 64 70 61 54 52 51 49 47 43 46 44 44 49 46 52 59 51
276 302 251 309 252 223 177 143 113 132 103 102 78 65 58 55 54 50 47 46 48 45 46 50 48 53 50
287 361 290 337 335 242 179 138 131 139 126 137 139 98 86 81 81 65 57 55 53 47 49 52 49 61 53
112 255 266 318 293 191 140 107 122 128 103 115 109 81 74 76 68 62 63 65 56 52 52 46 53 134 50
176 467 729 757 579 344 195 141 133 117 94 124 94 80 69 66 60 55 53 51 50 51 48 47 52 123 63
179 266 432 621 590 478 280 186 254 201 156 208 163 115 100 87 72 62 56 54 49 49 53 47 50 63 62
81 101 101 144 174 164 138 108 125 114 99 144 131 117 110 99 105 95 71 66 62 51 45 46 51 63 69
63 56 55 56 63 62 63 56 51 54 54 55 54 56 55 55 60 52 46 52 45 45 47 44 44 83 117
55 53 55 54 61 63 57 51 50 46 46 51 46 46 46 45 47 45 44 49 43 43 45 41 43 54 86
106 117 101 104 139 188 165 133 101 77 63 78 57 54 52 50 47 47 46 46 47 43 45 47 45 49 56
84 114 92 104 127 160 159 167 108 87 67 77 58 59 52 54 50 50 46 45 44 44 45 45 46 52 50
60 62 57 61 66 79 82 83 65 56 51 54 47 49 47 46 46 46 45 43 44 46 42 43 47 45 46
76 83 66 78 79 88 94 86 68 58 51 56 46 50 53 47 46 49 45 44 45 47 45 41 43 49 46
160 156 127 155 149 166 181 152 138 96 68 80 62 58 56 56 63 54 49 46 45 46 44 44 48 48 47
108 117 116 116 134 144 158 138 132 93 77 80 65 59 59 63 61 65 52 47 46 45 45 44 44 48 56
51 58 51 56 62 56 61 62 62 54 51 50 49 46 51 53 51 47 46 44 42 43 43 43 45 46 53
49 56 52 52 52 54 57 50 53 56 48 50 48 47 46 48 46 47 44 45 44 42 43 44 46 47 63
