46 43 42 43 47 44 43 43 43 43 48 44 43 44 43 44 43 46 75 55 50 44 43 43 42 42 44
46 43 49 44 43 44 42 43 44 43 44 46 44 44 48 47 50 59 76 45 45 48 44 43 43 42 43
50 44 45 44 43 43 44 43 44 45 45 47 47 46 52 125 119 134 134 52 51 45 46 50 45 45 44
45 44 43 43 44 43 44 42 44 49 46 47 46 45 50 115 142 142 120 52 49 48 44 45 50 45 44
43 45 44 42 44 42 43 43 42 44 48 44 44 44 45 53 93 57 57 44 44 44 42 44 49 43 43
43 45 44 43 45 45 44 44 42 44 50 45 44 45 44 60 135 69 66 52 44 45 50 44 45 44 42
44 44 38 43 42 44 48 44 42 44 43 44 45 42 45 51 72 74 86 54 47 45 43 44 48 43 45
43 46 39 43 42 43 46 43 47 44 43 44 43 43 44 45 49 63 74 49 44 44 44 43 48 44 46
42 45 44 43 44 43 44 43 44 42 44 41 45 44 45 48 46 63 79 53 48 44 44 47 43 42 44
44 50 50 45 44 44 44 45 44 45 46 47 48 51 50 51 60 126 268 98 56 50 48 45 46 44 43
57 44 45 49 44 45 46 44 46 47 49 56 50 54 60 62 68 151 414 306 71 64 54 48 49 45 46
44 41 44 48 44 43 44 42 44 44 44 48 46 48 52 50 55 62 119 156 52 48 46 45 42 44 48
46 47 48 43 45 45 42 47 57 52 57 71 65 84 84 73 84 128 151 208 68 54 51 46 46 44 42
49 49 48 46 45 46 49 50 60 59 66 93 106 136 148 152 162 255 427 441 232 78 66 54 54 48 46
45 46 44 45 45 44 49 46 45 47 49 58 56 54 63 84 108 155 224 329 194 72 58 48 49 46 46
43 44 45 44 46 44 48 45 44 46 45 49 49 44 48 56 66 75 90 98 72 52 47 44 44 43 43
45 46 49 44 47 47 48 51 61 55 60 85 92 80 83 121 162 189 192 246 210 74 63 51 49 45 44
46 46 44 44 45 45 46 45 48 51 50 61 58 58 71 114 125 168 125 169 225 118 62 52 47 46 45
43 42 43 44 44 44 43 44 47 44 44 46 44 44 47 44 48 50 51 56 77 54 45 44 42 43 44
50 47 46 45 45 46 51 55 51 59 59 58 56 59 63 62 54 56 57 56 68 63 47 44 43 43 44
46 44 50 45 43 46 45 50 53 64 79 78 66 92 94 116 92 113 99 86 114 114 74 49 48 44 44
49 44 43 44 44 44 44 44 44 47 54 50 49 57 56 63 63 72 85 76 103 126 93 58 47 43 44
43 46 46 43 44 44 47 43 54 55 56 51 58 52 57 54 58 59 66 61 63 86 75 45 50 44 43
50 49 48 44 47 50 57 60 82 78 145 118 143 101 133 129 127 112 141 161 162 189 108 53 56 46 44
48 47 46 44 46 46 48 51 54 58 80 145 108 91 116 144 130 152 159 222 227 268 186 60 55 46 44
44 45 44 44 50 44 44 45 43 46 48 57 52 58 53 72 82 88 91 112 125 145 93 49 46 44 44
46 46 42 46 50 45 45 47 47 51 59 107 85 112 115 151 148 100 101 128 144 110 64 54 51 45 45
50 51 52 47 48 48 50 52 61 71 97 290 168 215 234 277 244 270 244 316 322 363 210 66 66 51 47
44 47 51 45 45 46 46 46 48 51 59 97 69 105 162 146 163 173 191 214 172 185 121 56 54 46 46
43 41 44 49 45 43 44 42 44 46 46 76 49 73 65 76 58 70 75 71 75 59 50 43 45 44 43
56 54 56 55 51 52 63 61 72 98 123 4095 142 170 164 211 187 195 192 203 164 129 97 73 77 52 50
48 48 47 46 45 46 44 51 63 71 88 153 119 181 163 196 148 156 133 168 129 86 62 54 53 46 49
45 44 43 44 43 44 49 45 46 48 53 65 61 95 105 152 117 127 116 117 92 62 55 49 50 49 44
53 57 44 44 46 42 46 48 46 52 79 66 80 90 109 132 74 96 82 67 57 52 50 47 47 42 44
52 50 46 50 50 46 58 55 67 90 189 155 146 204 170 174 141 146 161 111 74 67 60 51 54 46 44
46 46 46 44 47 48 48 53 62 95 131 126 73 145 170 150 134 114 118 89 69 61 57 50 51 45 44
43 43 46 42 45 51 44 45 45 50 60 60 56 63 66 65 67 82 71 58 52 48 48 45 44 44 44
44 46 48 49 45 56 48 46 47 105 78 68 66 78 89 92 89 86 81 60 56 51 48 46 46 44 45
45 45 47 44 46 46 47 49 45 122 102 83 97 103 100 97 98 100 107 77 61 55 52 48 48 44 46
44 43 48 45 43 44 44 44 47 62 63 67 77 86 82 94 94 86 90 77 57 55 52 46 48 44 44
43 44 44 42 44 44 44 44 46 79 60 49 51 61 62 53 67 63 66 53 49 45 47 51 46 43 45
46 46 44 46 44 49 47 49 50 99 64 70 91 97 87 76 89 89 97 75 56 54 49 51 53 44 46
45 46 46 45 45 46 47 47 51 60 78 97 108 116 105 99 109 116 148 114 68 63 68 76 58 47 44
44 44 44 42 44 44 44 45 44 46 52 56 63 72 73 72 97 101 114 72 58 60 70 87 66 51 43
45 46 40 44 47 46 45 46 46 46 50 58 62 66 69 77 106 104 85 62 55 55 58 60 74 61 43
57 48 42 48 56 49 56 71 66 79 93 119 125 117 120 149 174 162 159 99 83 78 87 261 372 67 48
47 49 51 48 50 48 49 51 51 58 69 95 107 118 119 146 177 173 194 127 109 130 306 455 765 99 47
50 47 46 45 44 45 46 46 47 47 53 65 59 63 70 92 125 133 119 89 91 155 264 257 253 60 50
51 53 47 47 50 47 55 59 53 65 73 84 85 87 86 112 150 154 128 139 201 249 225 133 73 48 49
56 59 50 51 52 50 58 62 65 85 106 132 153 133 126 165 238 246 257 358 415 420 388 140 83 53 48
54 56 53 49 50 50 53 54 55 61 67 88 83 89 100 139 237 269 333 400 373 444 387 98 83 57 49
63 72 56 51 47 49 54 48 50 50 50 60 55 57 59 65 88 132 174 180 165 163 82 54 53 51 47
96 103 77 70 70 84 118 85 83 79 81 100 91 92 99 127 230 330 338 352 313 153 93 69 67 48 51
59 62 49 51 56 59 82 79 72 73 79 106 94 104 104 140 252 338 310 412 388 140 98 67 67 50 49
58 47 46 42 47 51 49 47 46 45 48 53 50 52 54 63 81 100 100 123 103 62 54 49 48 43 45
53 52 48 43 51 57 50 45 46 44 44 47 46 48 51 55 62 59 58 66 60 50 50 46 43 44 50
69 75 52 49 59 62 61 50 50 52 47 56 54 60 64 79 80 85 88 82 65 60 55 54 47 46 46
65 68 50 47 50 54 50 50 53 50 51 61 54 65 73 95 99 114 111 112 87 82 69 54 51 48 51
68 67 46 48 46 47 48 46 46 49 48 54 51 54 61 76 88 99 101 102 78 78 66 51 49 47 52
83 81 49 56 44 49 52 46 47 47 46 51 50 53 57 65 79 87 91 76 70 71 54 50 48 45 49
81 83 58 57 54 51 54 53 56 54 55 62 61 66 70 106 141 164 136 114 100 89 63 53 56 49 49
69 55 48 50 49 47 51 51 57 57 60 73 67 73 89 134 179 260 219 163 136 113 76 59 65 54 48
48 46 45 45 44 45 45 46 47 46 50 53 51 55 58 78 81 125 96 91 82 74 58 50 56 53 47
44 45 44 39 45 43 44 42 44 44 45 48 44 48 53 54 53 59 54 60 59 50 49 48 50 53 48
