52 54 44 44 44 42 45 46 45 49 47 46 46 45 45 45 53 54 44 44 45 43 42 43 48 44 42
52 46 40 44 42 44 52 46 49 55 50 45 46 45 52 47 51 52 45 46 43 43 48 43 44 44 42
53 51 44 44 44 42 46 46 53 94 46 45 50 45 47 47 51 50 47 50 46 43 43 43 44 41 44
46 46 48 44 46 46 46 51 84 213 61 43 46 51 46 46 65 50 45 44 47 44 42 43 43 43 45
44 49 52 48 48 54 57 85 273 383 76 52 53 55 50 57 152 105 59 48 46 42 44 43 45 45 42
46 43 45 47 45 49 54 57 72 81 51 48 46 46 52 48 194 166 55 46 43 44 45 43 44 44 43
43 43 43 43 44 41 46 56 51 46 45 43 44 44 43 46 62 74 50 44 44 44 46 44 40 43 49
44 49 48 42 44 43 47 67 48 45 46 45 45 43 44 43 52 58 46 51 44 43 43 42 44 44 44
42 48 45 45 46 53 67 148 66 47 50 46 47 49 49 50 82 122 56 46 46 43 44 44 44 46 44
47 45 43 44 44 46 54 78 51 46 45 47 46 46 48 47 84 135 64 42 44 45 44 43 43 43 43
42 45 44 44 45 46 69 79 46 45 44 44 46 42 45 49 51 79 47 44 44 46 44 42 45 43 43
45 51 50 49 57 65 285 354 90 54 53 52 55 54 50 54 78 94 56 50 45 43 45 43 44 44 44
50 60 52 54 63 113 409 403 141 69 61 62 65 62 63 88 316 440 168 54 46 45 46 44 44 46 44
46 49 49 47 50 63 149 136 69 52 53 49 52 51 50 74 242 401 214 53 49 45 44 44 43 44 45
46 49 47 48 53 147 232 146 80 58 50 50 52 50 50 54 118 147 76 46 43 44 49 44 43 44 43
48 54 57 53 63 227 246 230 172 62 57 57 59 59 64 119 236 270 133 49 46 42 45 49 45 45 45
46 50 49 49 51 122 170 157 90 57 57 52 54 55 63 144 243 251 211 48 46 44 45 49 44 46 46
44 44 44 44 45 50 66 53 48 52 45 44 46 44 46 67 139 160 93 43 44 45 42 44 48 43 43
43 46 46 45 52 62 69 67 51 44 45 50 45 44 45 46 52 59 57 41 44 48 43 43 43 42 43
48 42 46 54 53 74 100 88 59 56 48 48 50 48 53 74 94 153 84 45 42 44 49 44 44 44 42
43 44 40 44 52 52 67 62 49 47 46 46 46 47 51 63 130 176 70 46 42 44 50 44 45 44 42
44 50 44 44 48 50 68 64 46 46 44 44 48 45 44 49 56 53 49 44 42 43 44 43 44 42 43
43 50 55 51 67 138 172 138 98 58 56 53 56 56 66 82 92 67 50 49 43 44 46 42 43 49 44
48 53 53 51 68 145 172 156 140 72 65 63 64 78 137 144 128 106 65 47 46 45 44 45 43 45 48
45 46 48 51 53 65 83 88 78 56 50 49 54 61 122 136 124 112 58 44 45 45 45 43 43 47 45
45 49 47 46 55 100 109 137 84 54 52 49 52 62 63 72 84 57 49 43 44 44 44 44 42 43 47
54 64 62 56 86 194 231 221 180 128 79 74 104 128 177 200 108 78 55 48 46 44 46 45 43 45 46
62 71 61 56 66 136 185 199 182 154 131 93 170 214 219 249 186 190 63 48 46 49 46 45 49 46 47
57 53 50 48 55 90 104 107 95 82 78 65 77 104 130 102 81 99 50 46 41 51 50 44 40 44 48
53 51 54 81 84 119 112 105 91 103 96 81 86 108 95 97 76 59 47 48 45 46 63 45 44 48 44
58 60 53 61 64 98 108 126 110 110 102 129 106 115 97 115 100 72 50 51 48 45 46 65 43 44 45
47 50 49 47 47 52 65 78 78 87 67 69 76 95 74 71 67 56 46 54 52 43 45 69 43 44 41
95 74 63 58 64 83 133 205 213 223 179 205 171 156 117 68 64 60 54 51 49 47 47 49 44 45 47
58 76 64 60 65 89 134 220 231 243 212 242 231 279 193 132 95 65 60 53 48 54 62 46 45 47 46
56 58 54 54 59 78 110 151 136 136 109 131 197 169 145 81 68 55 50 45 49 134 159 50 44 44 44
53 57 54 54 79 106 121 122 128 122 105 102 160 150 112 70 76 54 49 44 46 56 52 48 44 43 45
56 67 56 53 85 110 114 138 116 108 89 83 135 109 84 83 65 53 53 46 46 59 45 44 48 44 44
58 70 50 47 49 59 68 80 69 59 53 58 81 92 64 57 46 46 46 42 46 60 46 44 44 42 45
51 56 54 58 56 63 85 165 116 167 77 63 121 170 63 54 51 52 48 47 44 46 49 44 44 44 43
47 57 49 52 53 63 87 112 102 99 70 72 132 142 61 52 49 51 48 45 46 44 44 46 41 44 48
44 66 51 44 47 59 64 74 69 58 56 58 103 81 52 51 46 46 42 46 50 43 45 44 42 43 44
62 243 102 61 58 93 107 124 118 89 83 77 95 94 69 54 53 51 50 69 50 44 46 43 44 47 44
110 336 143 63 62 96 132 160 139 116 113 111 119 100 78 59 56 58 63 136 84 45 45 45 44 45 46
60 383 68 57 53 64 83 116 104 99 93 98 90 83 62 52 49 51 66 140 92 45 45 46 44 46 45
58 296 167 62 58 76 103 157 150 143 137 122 110 82 60 55 53 54 56 76 53 46 45 44 45 45 46
70 255 219 94 74 118 167 248 258 223 218 221 244 155 91 68 64 67 118 170 58 49 46 46 49 46 45
51 73 76 67 61 82 121 165 164 158 168 161 178 130 93 62 56 61 101 99 52 47 45 45 44 44 45
48 70 91 71 60 82 105 121 93 88 90 94 91 78 60 51 49 54 60 50 45 44 43 44 44 43 45
59 117 162 143 92 162 167 189 172 163 161 153 156 125 90 68 63 77 77 60 46 46 47 44 44 46 45
55 88 149 180 112 192 187 193 173 146 158 172 184 156 115 88 82 117 113 73 47 50 48 46 46 47 45
46 56 62 68 61 90 104 99 91 75 77 95 119 106 90 69 70 83 72 54 46 43 45 44 43 45 43
59 80 203 314 189 211 250 205 139 104 94 110 127 112 80 67 66 66 60 52 46 46 46 44 44 46 45
72 113 139 235 280 358 448 407 311 232 200 282 321 248 176 142 116 109 74 61 50 50 50 48 46 46 52
60 79 74 98 130 209 280 269 208 178 148 198 184 172 119 97 83 73 60 51 47 48 47 47 49 46 44
55 54 51 58 77 100 101 85 84 76 67 74 76 64 56 55 48 51 46 45 44 44 43 43 44 42 44
58 72 71 81 115 164 145 122 115 105 81 79 85 77 65 59 58 58 51 52 46 44 45 44 44 45 46
92 128 96 112 188 248 224 200 193 191 150 152 140 125 97 84 78 71 62 56 48 49 47 44 45 47 46
74 85 68 80 98 120 131 142 117 129 104 118 92 88 74 69 63 62 55 52 47 47 49 44 43 50 49
66 67 55 61 63 72 76 82 70 67 57 59 61 56 53 53 51 52 49 46 47 44 46 44 42 44 44
132 114 74 94 83 92 103 104 85 75 69 63 61 60 55 55 56 56 50 49 46 44 45 43 44 48 46
203 162 127 164 156 181 197 197 194 142 108 110 101 92 77 84 103 101 70 62 49 46 47 44 45 50 47
78 99 88 103 115 127 161 146 157 116 99 102 84 78 75 85 84 115 92 55 47 44 46 46 45 47 53
58 60 52 59 56 59 66 68 74 60 60 53 54 59 53 60 49 60 50 45 45 42 44 48 49 47 47
60 70 56 57 59 68 66 58 59 54 53 55 51 54 54 52 49 47 46 44 44 44 42 45 54 49 51
