45 42 44 42 43 44 43 43 44 43 45 43 42 43 43 43 42 43 43 45 51 48 48 46 50 51 46
44 43 43 42 44 45 43 45 43 42 43 43 43 44 41 43 42 42 44 43 50 53 46 44 46 45 47
45 42 44 44 44 46 44 42 43 42 43 44 41 44 48 45 43 42 42 44 67 133 64 47 44 46 50
42 44 44 43 45 44 44 47 44 42 44 43 44 45 42 45 43 46 45 45 136 264 184 56 46 59 57
42 46 43 43 44 43 46 43 42 44 43 43 45 41 44 48 43 43 44 43 58 71 59 47 48 63 66
43 44 44 42 46 45 43 43 47 45 42 45 43 47 45 43 47 45 47 53 51 52 48 49 60 74 126
44 44 44 44 45 44 44 43 46 44 44 48 45 44 45 45 45 43 48 71 57 52 48 51 68 120 127
44 46 45 44 44 44 40 44 46 44 47 45 44 44 44 44 45 48 60 63 46 46 49 49 70 190 140
43 45 45 42 44 41 44 46 44 46 44 43 44 43 44 42 46 51 50 46 44 44 44 43 50 66 65
42 44 44 42 44 44 44 44 44 48 44 44 44 43 48 45 64 96 56 46 44 44 47 44 45 55 48
44 43 44 44 45 45 42 45 50 46 43 47 46 47 54 62 218 277 106 47 47 43 46 53 77 164 70
44 44 43 44 44 44 44 45 45 45 44 45 46 45 50 67 138 113 50 45 50 45 46 49 197 327 90
43 44 49 44 44 44 43 44 44 44 44 46 45 47 88 100 115 72 46 42 44 48 46 50 72 78 64
44 40 45 49 45 44 46 44 47 47 44 47 50 60 180 163 157 118 48 46 46 51 55 146 124 71 49
48 45 44 44 44 44 46 46 47 48 44 49 49 60 174 168 165 108 51 44 46 55 90 231 159 96 49
43 49 44 43 44 42 44 45 44 45 44 44 50 46 95 94 60 48 47 42 44 51 122 234 166 87 47
43 50 46 43 45 43 45 45 45 46 45 46 49 59 114 125 62 49 44 47 43 79 152 216 84 47 44
42 45 49 44 45 45 44 45 46 45 45 47 46 54 81 79 55 53 46 48 52 304 440 471 184 53 46
42 45 48 44 44 44 43 44 44 45 44 48 47 52 57 46 45 46 44 44 47 147 262 296 85 50 46
45 44 44 43 45 42 44 48 44 43 44 45 52 59 54 46 43 44 45 44 46 54 60 66 47 48 43
43 43 47 42 45 48 45 46 46 47 44 63 74 63 53 48 44 46 49 46 47 66 68 59 50 45 44
43 43 45 47 45 46 45 44 45 47 44 63 69 63 53 47 44 46 54 56 59 64 83 76 45 42 43
44 43 45 49 45 47 46 45 46 50 43 71 70 57 50 46 44 44 49 52 54 47 54 52 43 44 44
47 55 51 52 57 55 58 63 61 90 49 169 148 100 59 58 53 58 68 82 61 50 52 47 44 45 45
50 59 52 55 62 58 62 68 74 119 51 226 188 114 69 69 79 117 148 168 98 50 51 47 47 44 46
45 49 46 47 48 47 51 51 57 80 46 105 90 57 53 56 79 103 113 95 63 45 46 44 44 45 45
42 55 54 50 50 50 52 70 106 92 46 103 84 67 63 66 70 69 66 54 68 45 45 44 43 45 43
54 119 105 67 63 61 80 134 151 163 50 165 148 121 118 141 150 130 118 128 72 52 52 48 47 49 46
56 99 59 57 59 59 85 130 143 139 48 129 126 133 122 141 117 104 89 92 58 49 50 47 45 46 44
46 52 51 50 50 52 58 75 95 108 45 91 79 91 78 92 80 74 61 48 46 44 44 49 45 44 44
55 69 62 62 65 80 114 162 157 204 53 204 179 205 138 164 117 89 67 55 50 46 46 48 46 47 46
61 77 70 67 71 85 132 197 202 234 53 280 268 265 220 236 143 119 90 59 51 50 49 50 48 48 47
57 68 62 66 67 68 92 168 179 228 50 251 244 259 207 172 113 79 66 58 49 48 48 49 49 55 48
54 81 57 58 55 54 83 110 99 123 44 127 131 166 117 92 64 53 49 48 45 44 49 46 45 54 48
51 87 64 54 57 56 88 122 124 112 46 124 127 144 127 100 80 81 54 47 45 46 44 46 51 47 45
51 73 71 54 58 61 93 126 130 110 51 107 103 138 104 87 79 60 51 51 45 53 54 51 57 55 46
50 66 55 49 49 52 66 74 78 63 46 79 81 142 76 66 66 49 46 49 44 48 55 56 50 50 46
56 181 87 53 52 70 77 83 98 65 45 72 87 85 72 68 48 47 46 45 46 42 47 51 45 44 45
64 372 130 63 73 97 120 166 134 102 46 103 121 110 115 77 59 52 50 49 47 46 52 44 45 50 46
54 175 78 56 64 83 103 165 125 105 46 115 114 106 90 62 53 49 50 51 54 50 46 46 49 46 46
48 61 55 53 51 58 64 80 79 70 44 84 80 61 56 48 46 46 48 47 50 45 46 43 44 46 46
71 114 67 63 65 106 110 124 119 104 46 93 94 73 58 52 47 49 55 61 48 45 43 44 44 45 51
98 153 66 70 100 145 141 148 133 120 48 109 96 80 57 57 51 56 83 92 49 45 47 45 42 47 51
70 97 61 64 84 122 149 165 144 123 50 123 93 67 55 55 53 68 91 85 46 46 49 45 45 49 49
106 84 60 79 96 115 121 121 114 112 46 75 65 61 52 53 50 69 70 49 46 44 44 44 44 46 62
284 192 263 341 350 337 353 370 334 285 54 174 126 92 74 78 87 113 77 60 52 46 48 48 46 50 56
207 188 308 384 446 334 335 353 352 267 56 191 159 103 78 96 111 105 62 63 54 47 51 48 50 54 52
75 100 101 135 148 136 131 133 132 110 48 120 100 75 60 74 86 62 46 50 50 44 46 46 43 51 49
177 239 176 183 221 192 163 149 143 134 47 126 111 74 63 65 59 54 51 47 48 47 45 47 46 45 47
140 208 181 176 204 191 159 155 151 139 50 141 163 91 85 102 75 56 52 47 48 49 46 48 46 47 49
68 102 107 123 153 162 166 162 151 143 48 133 153 92 102 103 60 50 52 52 46 47 46 46 46 47 48
56 68 83 105 126 110 110 114 108 103 47 103 103 85 71 57 51 47 49 51 46 45 45 43 46 54 49
78 108 105 145 153 166 212 197 168 160 46 141 134 98 65 61 54 55 52 51 49 45 48 46 44 48 57
77 74 73 100 108 127 135 112 97 102 46 99 79 67 54 52 49 48 49 47 45 45 44 44 47 47 46
58 54 54 59 79 93 90 62 56 52 47 53 49 47 45 45 47 45 43 46 43 42 44 41 43 48 46
58 57 60 68 83 112 82 59 54 50 41 49 52 46 44 45 47 44 44 45 44 43 44 42 43 47 46
154 131 129 154 187 213 135 85 74 63 45 62 58 50 50 49 46 48 47 46 46 42 44 48 44 44 46
156 134 163 151 191 173 141 97 73 66 45 62 60 54 53 57 51 50 49 46 45 44 44 47 44 44 46
90 100 99 95 96 90 84 71 60 52 44 54 49 50 54 49 49 46 46 45 44 44 42 44 48 44 45
94 107 83 97 92 82 73 64 59 53 43 52 51 49 47 49 48 47 46 43 44 43 44 44 41 45 51
175 157 130 150 127 121 96 87 72 63 42 57 60 53 50 55 49 56 49 46 44 43 47 44 45 44 57
139 115 105 121 113 110 88 83 74 63 46 59 57 60 57 64 73 82 68 51 51 44 44 46 44 46 53
61 69 57 62 62 55 54 55 55 50 44 48 49 54 50 57 57 72 60 48 43 43 44 44 47 54 54
49 53 46 48 50 48 50 47 49 50 44 46 47 47 45 47 45 48 46 44 44 43 43 44 48 47 63
