50 44 44 43 44 43 44 44 43 43 44 43 44 44 44 44 43 44 44 42 46 43 43 44 44 47 95
50 43 46 42 44 44 41 44 48 43 42 44 43 43 45 43 48 43 44 43 43 43 44 43 46 44 91
48 43 46 44 42 44 49 44 43 44 42 43 45 43 45 44 44 42 43 43 42 43 49 45 45 51 69
48 45 44 43 45 43 46 44 42 44 43 44 44 41 44 49 43 42 43 42 46 46 45 44 48 53 66
43 46 44 42 44 42 43 47 43 42 44 42 43 44 42 43 43 43 44 43 45 43 45 49 46 45 51
45 43 44 42 44 43 44 46 43 43 44 43 44 44 42 44 43 46 43 46 46 42 46 44 45 46 44
47 48 44 43 45 41 44 44 43 44 44 43 48 44 43 44 42 45 44 44 47 46 52 47 47 46 46
45 46 44 42 44 42 44 43 43 44 44 46 44 47 44 48 42 44 44 44 47 47 74 52 50 46 46
43 45 44 43 44 44 44 46 43 48 44 45 44 44 44 40 41 44 44 43 46 47 55 51 44 44 45
43 42 43 43 45 44 42 44 47 44 44 43 43 43 45 42 47 44 45 42 47 61 84 54 45 44 46
43 44 42 44 44 44 44 41 43 49 44 43 45 44 46 46 48 47 54 53 62 188 210 63 50 46 45
42 44 42 44 44 43 44 41 43 48 44 42 45 45 46 46 48 47 51 53 69 212 218 64 48 44 44
43 39 44 49 45 43 44 42 43 44 43 44 45 45 47 45 45 46 47 50 76 142 111 49 45 45 45
43 44 45 44 44 49 45 44 44 44 44 45 46 52 56 52 56 60 62 99 271 399 385 87 53 46 44
44 50 45 44 45 43 45 44 43 45 44 45 50 53 55 55 60 62 69 164 283 478 398 112 58 45 46
43 43 44 44 44 44 44 42 43 44 44 44 46 47 50 47 51 50 54 76 129 261 168 54 48 46 44
41 46 49 45 45 44 43 44 44 44 45 45 46 52 52 50 55 57 64 145 233 309 200 63 49 48 45
44 42 45 44 45 44 44 44 42 44 45 44 47 52 53 54 57 59 63 146 213 316 224 84 51 46 46
44 42 44 49 45 44 44 42 44 44 44 45 47 51 55 53 57 58 66 146 231 332 240 96 50 45 48
43 44 46 44 43 44 44 44 44 44 44 43 45 48 50 50 51 53 69 110 178 195 96 54 52 44 46
44 43 43 44 44 44 47 44 45 45 44 45 48 55 60 59 68 92 206 246 203 279 165 71 56 49 46
44 46 44 45 47 44 46 44 43 45 46 47 51 65 68 70 93 235 315 279 276 305 202 80 59 47 47
43 46 43 44 48 44 45 44 43 44 46 46 50 59 64 69 100 121 294 249 222 197 101 60 55 45 45
43 44 45 43 45 46 44 46 45 43 45 47 51 64 69 95 150 195 193 218 190 187 86 58 54 46 46
44 45 46 43 45 48 45 44 44 44 46 51 56 86 153 160 232 201 226 241 219 244 92 65 60 48 48
46 46 46 45 45 44 44 45 44 45 50 53 59 87 209 219 224 229 243 231 195 137 75 63 59 47 47
45 44 44 43 45 44 44 44 44 44 48 50 53 115 127 163 179 196 178 136 96 67 57 55 54 45 46
46 46 46 46 46 46 45 47 50 47 49 64 100 401 366 278 349 333 358 311 145 97 79 74 72 50 49
45 46 45 45 45 45 45 44 48 46 48 60 116 424 283 215 254 240 203 185 111 79 68 66 60 46 48
43 44 44 44 44 43 44 42 44 47 46 52 63 169 171 154 154 115 112 74 62 57 54 49 51 48 45
43 44 43 44 45 44 45 43 44 47 48 124 137 215 156 147 139 117 74 67 59 59 53 51 51 44 45
45 41 45 48 44 43 44 43 44 44 59 172 157 168 156 156 133 113 84 69 59 58 54 52 51 45 45
43 47 44 44 44 42 44 44 43 44 52 142 132 154 150 110 94 81 69 59 59 52 51 50 47 44 44
42 43 45 43 45 43 42 43 42 43 48 84 73 76 74 54 49 49 49 46 46 47 45 47 44 44 44
43 44 44 42 44 43 44 44 41 47 104 128 158 189 121 134 81 74 66 62 54 52 53 47 48 49 45
46 44 45 44 43 43 43 43 44 45 103 93 111 156 134 79 74 75 70 60 53 49 49 49 45 44 49
43 43 42 43 46 44 43 43 43 44 53 58 79 111 91 63 66 62 63 54 49 47 46 46 42 44 49
43 47 44 45 44 41 44 42 43 46 45 62 83 89 69 61 59 54 56 50 48 47 43 45 50 44 44
44 43 43 44 44 43 44 47 45 45 51 86 120 117 94 83 86 69 69 60 53 51 46 48 52 44 44
44 43 42 44 42 44 48 43 44 44 45 62 110 124 116 88 97 76 67 63 56 51 51 46 48 49 45
42 44 42 44 45 43 44 43 43 42 44 46 57 85 84 72 74 58 58 51 48 47 47 46 46 44 45
42 44 44 43 48 44 43 43 42 43 46 46 72 149 123 91 97 67 58 61 53 50 51 47 48 45 44
43 44 44 42 44 48 44 44 44 45 46 51 96 191 160 123 145 92 69 71 63 57 61 58 52 47 44
43 44 44 43 44 47 44 43 44 43 45 50 66 122 130 109 137 89 67 64 63 63 77 71 55 49 54
43 44 44 42 44 44 43 44 44 43 45 48 59 75 96 98 110 74 58 56 57 59 68 69 49 48 56
46 45 48 42 44 45 44 44 46 44 46 52 89 131 142 120 155 86 76 83 101 134 186 93 62 45 50
46 46 46 46 46 46 46 46 47 46 46 54 91 151 181 134 177 116 143 211 274 403 505 383 166 51 52
45 46 46 46 46 46 48 46 47 46 46 52 72 117 152 122 145 159 206 263 319 417 385 337 258 55 52
44 45 44 44 46 44 45 44 45 46 46 48 56 104 117 89 123 133 160 227 276 211 132 166 105 51 48
46 48 46 47 47 45 47 48 47 47 50 57 75 183 219 212 282 313 327 475 515 237 150 224 182 62 53
47 48 47 46 47 46 47 47 48 47 51 61 71 162 259 261 349 344 381 498 310 153 134 235 347 69 70
45 50 45 44 45 43 45 44 44 45 46 51 59 82 111 170 213 243 232 200 102 81 72 107 166 59 62
46 47 50 45 46 45 44 44 45 44 47 54 62 92 124 257 305 257 142 104 84 74 68 71 72 50 55
45 51 46 44 45 46 46 45 44 45 50 56 62 94 118 258 374 281 138 118 97 82 74 74 69 52 54
48 46 44 44 43 44 44 43 44 42 44 50 49 54 60 76 108 85 68 69 63 57 63 59 55 46 55
48 49 46 45 45 47 46 45 44 43 44 48 46 48 53 55 69 60 56 58 54 52 60 55 46 49 60
48 66 53 47 55 52 51 49 45 47 44 48 53 58 59 63 70 69 64 64 60 61 78 81 53 47 59
59 61 54 51 52 54 54 61 51 52 50 64 62 86 93 101 117 125 106 111 90 98 125 128 61 47 59
56 56 44 47 46 49 52 50 46 50 47 58 62 81 95 98 110 127 121 114 91 102 102 87 58 53 58
58 60 46 44 47 51 48 45 47 46 47 51 50 63 73 71 92 91 88 75 67 84 64 56 51 45 61
62 66 54 58 53 50 50 48 53 47 50 52 58 71 72 79 112 124 92 83 74 66 66 52 50 51 62
54 57 51 54 56 49 59 49 60 51 57 63 68 85 100 119 180 218 183 134 107 86 68 62 59 50 53
45 47 45 47 45 46 46 44 49 46 50 54 55 71 80 93 103 138 113 104 94 78 59 56 52 53 58
44 43 44 43 44 44 46 44 45 46 47 48 50 52 53 57 59 64 59 61 59 51 47 49 48 53 69
