84 48 44 44 44 44 48 47 52 47 50 57 48 44 53 63 63 64 67 52 56 49 44 47 44 44 53
47 41 43 42 43 47 44 42 46 43 44 44 44 43 44 46 46 44 48 44 43 44 42 42 44 42 48
44 44 43 44 42 44 46 47 68 51 43 44 44 44 45 47 46 44 44 40 44 46 43 45 43 42 44
47 50 48 47 48 51 68 153 468 297 54 54 56 57 56 277 123 60 50 48 46 41 44 45 44 47 46
43 46 46 45 47 50 67 135 306 82 53 50 53 53 56 190 467 184 71 47 44 45 46 44 46 45 43
43 42 44 42 44 44 53 53 59 48 48 45 44 45 46 53 132 65 101 44 44 45 44 44 44 42 46
42 48 44 47 44 42 54 49 48 47 42 44 49 45 45 48 67 55 52 45 46 43 46 44 42 43 44
44 44 43 43 49 44 59 60 47 46 44 44 44 45 45 47 61 54 47 44 44 43 44 43 46 44 43
43 44 43 43 43 44 57 65 47 47 47 45 50 46 46 48 96 70 48 42 44 43 43 44 40 43 48
43 46 44 45 44 42 53 54 45 45 42 44 50 44 44 48 76 58 43 45 43 43 42 43 43 44 44
48 44 44 44 45 48 114 114 53 46 46 49 46 45 48 60 89 63 48 42 44 44 44 43 42 43 47
45 54 48 47 54 59 263 385 92 60 52 55 60 58 61 146 266 93 50 49 46 44 42 44 49 46 44
46 45 45 42 44 52 112 138 59 50 47 53 49 48 54 114 213 87 52 47 46 42 44 44 44 45 42
44 45 46 44 45 61 154 120 56 50 52 48 48 49 53 82 94 57 46 44 47 44 42 44 42 43 44
47 54 53 49 58 243 546 388 216 72 62 66 66 70 124 207 275 151 54 50 45 45 45 44 45 43 45
47 58 58 55 60 194 601 468 286 88 69 71 78 86 266 395 516 322 65 56 49 46 47 45 45 46 44
44 46 46 46 52 78 190 143 79 55 50 50 52 51 98 177 232 83 47 50 45 42 44 43 43 45 42
44 46 48 47 48 73 191 125 65 54 49 50 48 52 80 119 115 51 47 45 49 44 42 44 42 43 44
43 45 44 44 46 49 77 95 60 46 46 47 47 47 53 131 84 55 48 43 44 43 43 46 41 44 51
46 45 47 42 44 47 56 69 54 46 44 48 44 45 50 69 74 59 47 44 42 43 43 43 44 41 44
44 45 45 44 45 47 56 79 56 47 46 46 48 47 56 73 67 50 46 44 42 43 43 43 44 40 44
43 44 44 44 44 48 65 92 59 50 45 46 47 49 58 75 67 48 46 39 44 49 44 44 44 42 43
41 44 44 43 45 44 57 72 56 50 47 46 47 48 66 83 72 48 45 41 44 49 44 42 43 43 43
42 43 45 43 45 44 66 79 60 47 48 45 46 50 68 72 54 51 41 44 42 44 50 43 43 44 42
44 44 45 44 45 51 88 104 88 51 47 48 49 56 79 76 57 47 44 49 45 42 45 42 43 44 42
45 55 52 46 50 74 133 202 170 81 59 59 69 109 141 147 98 54 45 47 52 44 44 44 43 43 45
44 48 56 47 47 58 93 140 115 76 56 59 86 115 176 160 71 50 48 50 43 44 47 43 45 44 43
44 46 46 44 46 52 77 95 91 62 58 52 62 87 92 96 61 50 45 50 44 42 44 40 43 49 45
48 48 48 48 49 84 113 142 114 72 58 63 63 86 116 85 62 48 47 46 45 44 47 43 42 43 44
44 51 51 50 65 132 151 132 122 133 78 74 95 119 116 130 87 62 48 52 46 46 44 42 43 44 43
44 54 54 49 52 74 112 168 150 183 116 139 144 178 145 136 101 59 55 55 51 52 46 44 44 46 45
43 43 48 52 47 52 74 127 108 97 70 86 74 111 92 62 59 46 45 49 44 66 48 43 44 44 42
46 58 52 54 62 73 127 212 215 215 130 205 167 163 145 85 71 51 47 51 49 49 45 44 44 44 45
49 69 62 61 68 91 172 287 299 334 245 340 297 328 237 168 116 61 54 60 52 51 48 51 46 46 46
46 64 66 57 58 76 127 229 217 246 208 258 341 304 231 116 82 55 52 58 51 47 47 45 45 46 46
45 51 48 50 60 76 110 116 132 117 125 79 161 134 80 64 66 46 45 49 47 44 45 46 44 42 44
48 63 61 60 90 175 213 258 215 211 172 159 244 202 108 101 72 55 52 54 49 47 44 44 48 45 44
47 63 56 53 57 115 166 170 149 143 115 139 184 237 122 131 64 53 50 51 50 46 44 45 42 44 49
46 56 52 45 46 51 57 74 74 145 71 61 91 153 59 51 52 45 46 47 45 44 43 43 44 41 44
53 176 68 49 48 52 62 74 64 54 54 52 65 73 48 48 48 44 47 50 51 43 42 42 44 41 44
67 372 154 66 60 89 120 162 137 90 76 98 148 156 78 69 58 49 51 98 88 49 44 46 44 43 45
44 89 63 46 48 51 65 88 86 69 63 78 112 108 70 50 48 46 55 129 110 47 44 42 43 44 45
43 108 72 44 45 46 50 60 56 51 52 54 71 56 46 46 44 43 45 74 59 43 47 44 42 43 45
54 722 489 74 55 63 78 117 121 125 112 125 119 95 63 58 53 52 59 127 83 44 45 44 44 45 43
46 120 193 78 56 62 82 122 134 155 156 167 169 133 78 61 53 49 79 141 89 47 45 44 43 44 45
44 50 58 51 46 50 54 66 74 82 86 108 118 101 65 50 44 45 53 69 55 45 42 43 43 43 45
44 51 69 53 46 49 55 66 78 76 79 84 90 73 60 48 49 46 48 56 47 43 44 45 43 45 44
63 83 178 151 70 114 167 203 192 223 217 244 302 236 168 93 71 57 71 139 65 45 46 43 45 53 46
51 68 87 93 67 129 188 231 222 205 208 197 241 194 174 138 97 60 108 137 72 46 44 46 48 46 46
45 55 62 65 51 74 101 117 98 89 91 88 105 102 125 94 69 53 61 62 47 44 44 44 42 46 48
50 74 96 144 122 212 241 273 230 171 151 163 170 166 182 129 97 68 74 65 48 46 48 45 46 48 44
54 86 81 187 231 275 307 300 258 223 227 251 246 225 211 158 125 108 88 73 55 48 46 47 50 47 46
46 54 47 55 71 77 107 113 111 111 103 124 134 106 87 72 63 54 48 52 47 43 44 49 44 44 45
44 46 52 48 51 60 64 68 67 68 63 66 63 59 52 47 48 43 44 46 45 44 43 43 44 44 45
55 66 66 85 100 167 168 147 150 138 117 110 87 77 67 61 59 50 47 51 47 44 44 44 44 44 46
48 56 57 68 81 135 148 127 134 138 110 132 112 85 74 67 61 51 48 55 48 50 42 43 45 44 44
46 45 47 54 48 57 59 57 59 60 55 58 52 51 53 47 45 45 45 44 44 43 43 44 40 43 49
68 71 61 55 56 68 71 71 71 64 56 56 51 51 50 47 50 45 47 46 43 43 43 42 44 41 44
140 129 113 96 106 140 157 165 149 134 105 108 87 84 78 72 65 55 47 52 52 44 46 45 42 44 44
68 75 78 68 67 102 129 132 127 112 93 92 77 76 67 70 68 57 50 52 47 44 46 43 44 48 45
51 55 61 46 47 51 56 56 60 54 49 51 49 46 47 45 48 45 46 47 44 45 44 43 43 43 44
64 101 73 57 64 71 78 82 83 66 64 59 57 55 52 54 51 50 43 46 49 43 45 45 43 43 47
74 126 89 92 90 107 127 126 148 117 120 95 82 82 82 98 87 89 57 52 49 43 44 44 49 46 46
48 59 62 46 53 55 65 64 63 61 64 58 52 53 52 55 55 50 51 46 47 45 43 43 51 45 49
