48 43 44 44 44 46 44 42 43 42 44 44 41 44 49 49 50 57 48 43 47 48 46 44 44 41 44
46 46 42 43 44 41 43 47 43 43 44 42 44 43 43 46 50 50 44 42 45 44 45 44 40 43 48
46 45 46 42 45 47 44 44 46 44 44 44 46 50 53 110 386 278 53 53 54 108 146 67 49 46 46
43 43 44 41 44 48 44 44 44 43 44 45 46 50 55 94 280 120 46 50 55 74 196 159 51 47 49
42 42 43 44 42 44 47 43 44 43 42 43 44 43 45 47 57 47 44 42 45 46 76 69 49 44 42
43 43 43 43 41 43 48 43 43 44 42 43 45 46 45 48 42 45 50 46 46 44 45 49 46 44 44
43 43 45 43 43 43 42 43 44 42 44 49 47 49 46 52 46 46 47 51 48 49 52 64 54 50 46
42 45 42 43 43 43 42 43 42 43 42 43 46 47 47 52 45 42 46 47 47 46 64 97 62 51 53
41 43 43 43 46 43 47 43 41 44 41 44 45 46 48 49 43 43 44 49 45 44 54 73 54 44 47
46 43 44 43 42 43 43 43 44 41 44 48 45 46 74 90 46 45 46 46 45 46 58 58 52 44 45
43 45 44 42 44 43 44 45 42 45 48 45 46 58 165 256 74 55 52 57 52 62 153 179 79 53 47
43 43 44 44 44 42 44 44 44 45 45 45 47 53 102 138 58 51 49 52 55 66 199 285 99 63 48
43 43 43 43 46 43 42 43 42 44 44 42 45 69 108 88 49 46 46 46 47 51 86 116 66 50 46
43 42 44 44 44 44 49 44 43 45 43 46 51 133 213 174 98 54 53 51 55 86 144 167 73 47 46
46 44 46 44 44 44 43 44 46 44 45 51 53 147 231 200 137 58 56 59 61 158 208 224 117 54 53
44 44 44 46 44 43 44 44 44 45 44 43 47 68 137 133 70 50 53 50 53 111 184 226 110 50 50
43 48 44 44 44 42 44 43 44 46 42 44 49 119 181 142 55 51 49 51 49 58 103 117 63 45 46
41 44 48 43 45 44 43 44 45 46 44 45 46 75 138 156 74 56 55 57 56 84 173 237 89 54 46
40 43 48 43 44 43 42 43 43 44 44 43 45 51 59 60 48 46 44 46 47 57 84 137 73 57 46
43 45 42 42 44 40 44 48 43 43 44 43 44 45 48 50 44 44 42 43 44 44 48 55 49 47 44
42 45 43 42 46 42 43 48 44 43 44 42 44 47 51 55 47 48 45 43 46 48 52 96 47 45 48
42 42 44 41 44 48 44 43 43 43 43 45 44 49 71 72 52 46 46 52 48 55 85 94 52 46 44
42 43 44 42 44 47 43 43 43 43 43 44 44 54 76 63 46 46 41 46 52 56 71 69 48 46 45
42 43 44 44 42 44 48 44 44 45 43 44 50 68 111 106 59 49 48 48 53 70 96 69 48 46 43
43 44 44 44 42 44 48 44 45 47 43 49 57 94 230 172 119 64 63 68 104 130 204 112 67 52 49
44 42 44 44 43 43 44 44 45 46 44 49 57 69 136 139 105 62 57 67 111 133 202 113 65 53 50
43 45 43 43 43 43 44 42 44 49 43 45 52 71 95 101 68 54 51 55 78 97 123 57 51 49 43
43 44 44 44 45 43 45 47 46 48 44 46 90 162 128 146 133 73 74 105 167 219 159 100 65 63 49
43 44 44 43 45 42 45 48 45 47 44 46 71 141 118 132 119 103 76 102 118 121 142 110 66 59 47
43 42 44 43 44 44 42 44 48 46 44 45 57 83 94 108 95 89 70 90 88 90 101 78 60 59 48
43 43 44 43 44 44 45 46 50 46 44 47 69 93 103 143 125 118 78 97 93 89 112 64 52 51 58
45 45 48 45 46 44 63 74 48 50 46 56 87 160 147 229 193 199 163 187 157 197 126 120 82 63 57
45 44 44 45 46 44 47 47 46 50 47 51 73 150 157 183 177 192 176 181 152 191 149 147 105 68 69
43 47 42 44 45 43 45 43 46 50 44 46 56 85 102 122 121 133 110 120 111 145 116 98 65 57 57
44 44 44 44 46 44 44 46 46 49 45 52 77 140 136 133 120 121 142 118 103 159 149 80 63 56 52
44 48 44 43 45 43 45 50 52 50 46 53 70 130 111 113 98 99 91 106 92 183 152 113 65 57 52
41 44 44 44 44 43 44 44 47 47 44 47 56 79 98 92 88 78 77 82 72 127 172 112 60 56 64
42 44 48 44 43 44 42 46 58 46 44 47 47 55 63 73 94 80 66 74 71 74 69 59 49 52 93
44 46 43 44 45 44 45 56 144 61 44 46 49 68 68 90 81 72 72 85 92 96 109 78 56 63 83
43 45 44 44 45 44 45 51 121 82 45 46 52 76 70 101 80 74 79 98 107 121 140 152 77 138 216
44 43 44 42 44 47 44 43 54 58 45 45 48 57 62 70 65 60 62 80 76 97 72 71 78 152 481
43 41 44 47 44 44 44 43 56 99 45 45 46 55 66 68 62 60 68 69 83 74 56 50 61 80 73
43 44 42 44 47 44 46 45 48 261 50 50 55 63 75 82 77 80 101 108 100 108 81 63 94 140 54
43 44 42 44 48 44 44 44 45 74 46 51 53 59 72 89 92 85 106 110 116 138 82 107 129 131 54
44 45 43 43 44 43 45 42 46 58 44 48 52 60 67 81 80 76 87 90 93 93 62 61 78 118 49
45 46 43 44 44 44 45 42 46 70 46 50 57 79 106 145 152 144 142 153 139 139 81 74 99 76 48
46 46 46 46 46 43 46 51 50 83 51 65 101 145 181 223 221 205 234 253 255 298 191 187 329 150 64
46 46 46 46 46 43 47 52 50 71 48 63 95 134 154 186 194 189 211 272 270 315 253 215 364 284 62
43 43 44 44 44 44 42 45 50 68 47 59 82 97 96 97 96 84 87 99 129 122 82 75 181 227 54
46 44 46 45 45 46 43 46 54 95 52 93 180 156 145 151 158 150 158 215 281 251 189 125 155 133 58
47 46 45 46 46 46 47 45 51 87 51 129 170 148 164 182 167 161 193 276 285 321 336 216 282 206 64
45 44 48 44 44 44 44 46 48 53 46 95 97 99 115 128 118 119 143 185 186 255 212 165 149 135 57
45 42 45 47 45 43 45 44 46 49 44 94 102 96 94 101 98 103 103 118 114 122 111 84 69 64 52
46 46 45 44 44 44 45 43 46 54 45 79 94 97 103 122 125 131 129 150 147 124 97 74 67 63 54
44 48 44 42 44 43 44 45 43 46 47 51 56 60 65 78 89 86 78 92 73 72 64 56 52 54 52
46 42 45 47 45 44 44 43 44 45 43 46 52 49 55 65 70 65 61 67 51 51 52 46 47 53 53
61 50 51 46 48 51 46 46 46 44 44 51 50 55 61 84 80 81 72 68 56 53 53 51 48 53 51
65 53 53 48 52 52 55 49 49 50 43 55 60 72 90 120 128 124 116 104 78 63 64 59 54 56 54
58 46 53 43 47 48 46 47 46 46 44 51 56 73 82 117 129 131 130 101 77 75 60 55 56 58 54
58 48 47 46 46 45 46 45 44 46 44 46 51 59 68 87 94 97 89 74 61 58 53 50 49 55 57
68 60 49 56 48 49 48 46 47 48 44 50 56 67 79 116 131 145 117 84 70 61 58 54 53 59 68
68 63 50 55 57 52 53 60 59 56 46 62 71 85 109 191 243 346 268 149 108 87 77 68 67 70 66
49 50 44 45 49 44 45 47 48 48 45 51 59 70 78 126 139 206 144 112 74 70 63 58 57 63 59
44 45 42 43 44 43 44 42 45 45 44 49 51 55 52 61 68 75 62 67 51 50 49 49 47 58 59
