44 43 44 42 44 44 43 46 44 42 44 45 47 47 44 50 51 46 44 46 44 42 43 42 42 44 41
48 43 44 42 44 42 44 45 45 46 46 54 84 128 132 84 49 46 50 44 46 45 43 43 43 43 44
46 44 46 45 46 46 46 50 57 54 58 83 689 733 286 180 74 63 56 54 52 51 50 52 46 46 46
45 44 43 43 43 43 45 44 45 46 47 52 236 103 121 127 53 48 46 42 46 46 45 47 44 43 44
41 43 42 43 44 43 44 42 43 47 46 44 61 90 56 59 47 44 47 43 43 44 42 44 47 44 42
43 43 44 42 44 45 43 44 41 44 53 47 58 95 80 74 56 46 46 42 45 49 45 44 44 42 43
42 40 42 43 43 43 44 43 44 47 46 48 50 56 71 75 53 46 45 48 45 43 44 44 44 44 42
44 48 43 42 44 42 43 42 42 44 44 45 45 47 53 58 48 43 44 43 44 42 43 43 43 44 45
42 47 43 43 45 44 48 44 44 44 42 45 46 48 53 95 78 48 45 49 44 43 44 42 43 45 43
44 44 45 42 44 49 45 45 46 45 48 49 51 53 66 152 190 71 48 49 49 48 44 44 45 43 45
49 44 47 44 43 44 43 44 46 45 48 51 52 55 57 101 170 74 56 54 47 46 44 45 44 44 46
43 42 44 48 44 42 44 43 49 48 48 48 52 54 62 65 82 60 48 45 45 44 44 43 44 48 44
44 44 47 43 47 51 55 64 87 87 95 100 100 121 138 119 143 185 104 53 50 51 45 49 49 45 44
44 45 43 45 43 46 55 60 78 75 78 87 103 126 132 120 133 173 133 53 50 50 48 49 45 45 47
44 42 44 48 44 44 46 44 47 49 48 53 56 64 74 91 123 185 118 53 49 48 44 44 44 44 44
43 44 43 44 50 44 46 46 51 54 52 57 59 56 59 80 149 132 65 53 48 47 46 43 44 44 44
43 47 44 44 50 46 47 52 72 69 75 105 117 116 116 140 207 204 114 70 55 54 49 45 45 45 44
43 44 46 42 45 49 46 47 50 48 47 54 53 54 59 79 108 141 72 55 53 47 47 45 42 44 44
43 43 43 43 45 42 47 51 46 47 46 45 45 45 47 50 48 55 48 48 45 42 43 43 42 44 42
46 45 48 44 47 54 71 82 70 77 68 62 56 54 75 60 53 62 64 51 47 46 43 44 43 43 44
44 44 46 46 47 43 51 68 62 67 74 64 63 67 91 82 76 102 95 64 49 51 48 44 47 44 44
45 45 45 46 44 43 45 46 49 48 51 48 55 53 53 58 64 90 79 61 47 47 43 44 44 42 44
44 47 46 49 44 48 51 50 70 55 72 57 60 59 58 63 72 94 71 53 52 51 45 46 44 42 44
49 50 50 49 48 55 67 82 155 127 218 143 175 116 164 142 159 140 174 130 77 59 55 51 49 46 44
49 46 46 44 46 47 54 56 71 69 107 168 142 103 168 173 161 168 182 248 93 74 56 49 46 46 45
44 47 45 46 45 44 47 48 51 51 52 64 66 67 73 119 136 133 114 112 59 56 51 46 43 45 44
45 46 46 46 53 53 57 62 69 69 68 101 89 104 105 131 124 84 91 110 72 57 53 47 44 45 43
48 52 46 46 47 53 65 82 94 109 92 165 139 143 130 157 141 134 148 160 126 65 55 48 46 46 45
42 48 51 45 45 46 47 51 55 57 70 115 97 136 138 123 127 123 109 119 72 54 50 45 45 49 45
49 44 44 48 44 45 47 47 51 51 54 81 68 91 107 131 94 106 86 62 51 50 48 47 42 45 48
49 55 52 49 48 51 78 103 112 124 128 229 199 249 162 254 196 241 105 98 65 69 58 51 48 52 46
47 48 51 47 48 54 55 81 99 117 121 202 227 354 198 299 198 218 139 113 74 70 57 54 54 64 46
45 46 44 45 44 46 54 54 56 62 68 94 113 201 161 250 140 185 115 78 61 58 52 50 47 129 67
63 51 51 47 46 46 58 64 62 78 88 92 105 138 119 134 91 98 65 59 53 51 49 44 45 62 49
52 49 53 58 57 50 82 76 87 102 94 103 99 127 106 115 96 97 109 81 55 55 50 47 44 49 51
45 46 45 48 55 49 68 79 78 94 98 99 84 119 95 132 99 72 78 63 53 54 52 48 46 50 46
43 44 47 42 46 53 50 50 50 55 66 72 67 72 75 76 62 59 63 51 53 47 46 45 45 51 46
46 47 52 44 50 92 68 72 65 101 128 89 101 123 142 129 108 92 72 56 53 52 51 51 48 46 47
46 46 51 45 49 59 70 101 86 178 147 84 155 135 127 137 108 112 92 67 57 59 59 95 87 46 46
44 44 46 44 46 48 49 54 56 97 100 72 98 100 118 116 90 90 74 59 54 59 95 355 222 45 46
43 46 45 46 46 49 46 50 54 89 60 58 66 67 75 63 59 57 51 45 48 49 73 197 72 43 44
44 52 53 55 57 83 67 80 74 119 74 77 88 81 74 71 68 66 56 47 51 69 142 189 53 43 44
43 47 47 47 51 66 66 74 83 95 90 87 100 92 81 78 79 76 66 57 58 124 250 197 50 45 43
44 44 44 44 45 46 47 48 50 56 56 70 80 77 75 79 81 70 60 59 58 138 146 78 46 44 44
47 47 45 46 45 45 46 49 50 54 58 68 84 77 80 89 90 69 53 54 60 94 91 51 43 44 44
51 48 57 51 51 59 71 119 114 133 131 169 167 160 175 191 218 156 100 87 147 301 162 56 47 47 47
49 51 49 47 51 53 58 68 72 99 124 154 171 183 202 213 228 195 142 171 296 423 298 59 55 54 47
49 46 47 47 46 49 51 55 55 58 62 70 79 88 95 106 135 136 98 186 239 292 152 56 46 48 46
51 49 50 56 62 79 83 102 88 97 103 114 108 104 102 108 119 114 123 172 232 242 103 51 47 49 47
47 55 48 53 63 68 77 103 100 104 113 119 142 116 108 117 134 128 168 217 294 282 137 53 50 58 47
46 53 48 46 49 50 56 59 61 65 72 85 102 95 97 105 133 138 188 262 241 261 99 51 50 49 45
52 69 62 55 54 56 79 69 66 65 69 78 74 74 73 72 90 128 172 185 142 84 58 47 47 47 46
65 84 70 79 94 115 210 190 169 147 143 175 154 133 144 131 163 211 259 264 217 90 68 53 49 51 49
50 52 48 51 60 66 92 94 88 81 88 104 95 94 97 79 99 123 119 133 104 71 60 48 44 45 46
51 47 46 46 53 51 53 50 46 47 49 47 50 54 52 49 56 55 52 57 53 47 47 43 43 45 42
57 59 51 46 56 62 58 48 47 46 46 49 48 52 57 52 52 52 51 49 48 46 46 43 46 47 45
76 78 59 50 67 69 64 56 54 63 55 65 68 75 80 88 82 78 74 65 57 58 50 46 45 46 49
62 60 51 54 51 58 54 56 53 56 54 66 63 78 88 105 96 99 92 84 65 66 54 46 45 47 50
58 58 49 46 46 51 46 49 53 49 48 52 52 61 68 74 83 82 78 71 56 60 48 44 45 43 50
63 78 49 54 45 51 57 49 50 49 48 53 54 57 63 76 79 81 71 59 56 60 46 44 44 45 49
62 68 58 56 52 54 60 56 68 59 60 71 72 83 93 133 168 168 109 86 76 74 52 47 47 46 47
63 50 48 48 51 47 53 60 63 60 64 73 76 86 102 160 193 236 186 130 93 84 61 50 51 51 50
49 44 42 44 44 44 46 44 47 52 48 50 54 56 61 83 78 94 79 73 58 55 48 44 51 53 48
44 49 44 43 44 42 44 44 44 45 45 48 50 51 49 56 53 56 50 55 53 46 45 46 48 52 56
