43 45 45 44 44 43 47 43 42 44 43 43 45 42 44 47 43 44 42 44 44 42 44 41 43 48 45
43 49 44 46 44 41 44 48 43 43 43 42 44 44 43 44 43 44 44 42 44 42 43 44 41 44 50
43 44 47 43 45 43 46 44 43 44 42 44 46 42 44 48 44 43 44 47 44 42 43 42 43 45 44
43 44 46 44 44 46 45 42 43 43 43 45 43 45 49 44 43 44 42 44 47 44 43 44 42 44 46
42 44 44 44 42 43 48 43 43 44 43 44 45 44 42 44 42 44 43 43 47 44 42 44 43 44 45
42 44 44 44 44 43 46 43 42 44 42 44 46 42 44 48 44 43 46 44 43 43 42 43 45 42 45
43 43 44 43 43 43 44 42 44 43 43 45 48 44 44 43 46 44 46 44 43 43 43 44 45 41 46
43 44 43 44 43 43 42 43 43 44 43 46 48 42 44 46 48 44 46 45 44 43 42 44 43 43 46
43 43 44 44 44 47 44 46 43 43 44 50 52 45 44 44 46 43 43 43 44 42 44 45 43 45 45
42 44 44 44 45 44 47 48 45 47 44 138 135 69 53 47 46 44 44 46 43 44 46 43 45 44 43
43 43 46 47 46 46 48 47 50 48 45 96 150 394 74 51 50 48 47 47 46 46 40 44 47 46 45
43 42 44 44 46 44 43 46 48 44 44 49 51 110 175 46 44 45 43 44 48 44 45 43 42 43 44
42 44 44 44 46 44 44 44 44 45 44 46 51 155 108 46 43 44 45 45 46 44 46 43 43 43 44
44 44 51 46 45 46 46 48 49 47 44 57 63 251 265 49 49 49 48 44 46 49 44 44 44 42 44
47 43 43 44 42 43 44 43 45 43 43 50 47 86 73 45 43 45 46 42 44 45 44 43 43 40 44
46 43 42 44 43 43 44 43 45 44 44 47 46 53 53 46 44 44 46 41 44 44 43 44 43 43 46
42 49 44 43 44 43 46 44 46 47 43 49 51 64 50 51 42 46 45 46 42 43 46 44 43 44 43
42 48 44 43 45 42 44 44 44 46 44 51 51 62 46 49 42 46 44 46 43 44 49 44 44 43 43
40 43 49 43 44 44 42 43 44 44 44 50 54 51 45 43 42 44 42 43 44 43 46 41 43 47 44
43 45 46 44 43 46 46 48 54 58 42 114 65 52 50 45 46 46 44 44 45 44 45 42 43 46 45
45 46 47 49 52 53 69 76 87 256 44 261 97 79 73 65 66 58 56 51 49 47 45 44 42 45 48
45 45 46 46 46 50 64 68 102 308 44 118 71 62 61 61 58 55 52 51 48 44 45 43 43 45 42
44 44 47 49 47 51 64 87 184 195 44 90 63 62 63 56 56 53 54 49 49 46 43 44 43 44 45
45 47 47 47 49 53 129 194 264 261 44 96 72 72 67 64 64 60 59 56 55 47 44 46 44 44 45
45 46 46 48 52 57 259 258 291 271 45 96 78 78 74 72 74 66 66 58 54 51 49 48 45 43 45
44 44 44 45 45 52 134 209 248 145 46 61 54 55 53 54 60 55 54 50 48 46 45 46 44 42 44
45 49 45 47 47 113 371 327 362 139 45 72 76 69 73 72 71 66 64 57 50 47 46 44 44 45 42
51 53 67 63 67 429 647 486 411 276 47 334 282 316 266 278 302 265 239 163 100 76 60 47 47 47 48
50 52 56 60 60 124 359 326 273 255 46 286 268 348 286 268 307 333 291 242 118 93 61 48 46 47 47
45 44 47 49 48 54 63 71 81 90 44 118 123 139 126 128 141 187 197 210 134 88 60 46 44 45 44
46 47 52 51 50 58 74 95 114 122 44 133 129 150 131 128 177 148 146 157 130 78 51 47 46 46 46
47 46 53 49 48 54 63 66 81 106 45 135 118 136 133 134 124 179 150 142 132 140 92 51 44 47 44
44 44 51 48 46 49 55 58 59 59 45 90 95 128 121 153 134 137 132 138 115 139 109 58 47 43 44
44 40 45 49 45 46 50 51 51 52 43 55 59 66 81 95 122 118 143 146 126 131 94 52 45 43 46
46 45 44 45 45 47 52 54 54 56 44 56 57 60 67 101 111 152 161 174 187 297 125 47 47 44 46
43 48 45 44 45 46 50 52 52 52 46 53 54 58 58 66 79 118 172 200 164 407 223 52 47 43 48
43 43 45 42 45 50 47 48 48 46 44 49 50 58 63 63 68 81 112 112 142 230 155 47 42 44 46
42 43 44 44 43 45 50 46 46 46 42 46 48 52 58 59 63 67 84 73 76 72 53 44 43 44 46
43 44 40 44 50 46 48 49 46 47 44 48 49 56 69 62 69 74 82 88 96 95 53 49 43 45 45
42 43 44 42 44 49 46 47 48 46 43 47 49 51 56 61 70 68 76 91 94 104 46 44 44 44 44
41 44 48 44 46 45 45 49 49 46 44 45 50 56 55 59 71 74 78 107 88 56 46 43 43 44 42
43 43 45 47 45 49 52 76 91 51 43 53 54 63 68 71 95 113 99 96 57 50 45 44 43 44 44
46 46 47 45 49 65 87 364 349 145 45 74 72 90 123 126 175 189 215 168 65 58 48 45 45 45 46
45 46 44 47 52 54 86 214 161 141 45 70 71 88 108 125 193 170 200 111 53 55 48 44 45 43 45
44 45 45 46 47 54 84 100 65 75 48 67 60 74 81 86 110 101 78 53 46 48 46 43 44 43 46
47 51 46 49 51 116 177 124 104 142 44 140 115 101 112 109 135 126 97 57 52 49 47 44 44 45 46
45 46 49 52 53 146 113 71 90 137 43 153 159 118 133 99 124 108 85 59 50 49 47 43 45 49 45
54 49 51 55 53 58 63 61 64 95 44 174 182 195 148 112 131 99 61 52 50 49 46 45 42 46 49
48 52 56 64 126 69 68 70 72 94 45 281 306 259 188 132 99 69 57 58 56 50 49 45 44 46 45
54 52 68 140 218 74 98 99 107 159 45 438 539 415 322 255 254 108 84 71 63 62 52 48 46 48 47
53 51 68 90 74 70 92 94 98 124 46 513 552 436 353 288 233 98 87 74 63 61 50 47 48 57 49
50 55 73 76 57 55 63 63 64 67 45 265 487 305 223 118 82 64 61 59 51 52 47 44 44 51 47
51 51 443 497 63 53 61 59 60 65 43 221 461 289 133 85 73 60 58 59 51 51 47 44 45 46 48
46 44 60 104 47 47 50 49 50 58 43 102 122 134 79 60 58 49 52 45 46 46 43 44 47 44 46
45 46 48 52 46 45 47 49 46 49 47 74 70 66 54 49 50 49 46 45 49 41 44 44 41 44 50
45 46 47 46 47 47 47 50 47 50 48 69 63 56 49 47 49 46 44 48 43 44 45 41 43 48 44
62 50 54 49 58 63 60 63 64 60 44 88 81 65 58 51 52 49 48 46 45 45 42 43 48 44 43
85 67 55 55 71 70 83 80 79 93 45 129 109 100 86 69 70 62 57 53 50 44 45 48 44 43 45
92 50 56 50 58 62 65 67 66 74 44 105 91 96 86 69 72 63 60 55 47 46 45 41 44 49 45
80 63 54 50 53 53 58 57 60 58 44 78 68 67 61 56 59 59 52 51 46 44 44 44 44 45 47
103 80 57 70 60 61 66 68 71 66 43 79 76 68 63 63 66 68 62 50 46 46 46 44 44 46 47
85 75 62 70 67 65 73 86 90 76 43 97 94 80 85 86 108 118 86 59 50 50 46 45 46 45 51
53 65 46 50 56 50 56 62 63 59 44 71 66 68 68 78 85 108 75 59 46 49 46 45 47 48 49
48 46 45 44 46 48 51 48 52 50 42 53 53 52 51 50 57 55 48 48 44 48 46 43 49 49 54
