95 58 48 45 45 44 43 44 47 43 53 59 44 43 44 42 41 43 43 42 44 43 44 43 43 43 44
190 136 88 58 70 56 50 53 64 69 94 83 51 45 44 46 44 47 44 43 44 42 43 44 43 44 46
74 96 96 95 182 89 54 61 70 89 399 71 53 50 46 47 44 44 42 44 44 43 44 44 44 46 41
50 61 59 65 70 60 55 56 59 252 905 63 53 49 46 47 43 44 45 46 43 44 44 44 44 43 44
43 55 63 98 127 61 49 53 52 122 247 54 48 51 45 43 44 44 43 46 45 41 43 43 43 44 44
45 62 72 215 186 82 54 53 53 71 170 86 51 55 47 45 44 44 43 44 44 43 44 42 43 48 44
45 53 51 74 63 47 47 46 46 50 80 86 52 43 44 44 43 42 44 48 44 42 43 42 43 45 43
44 48 50 69 46 43 45 42 44 44 51 48 45 44 43 43 42 42 43 44 44 47 44 44 43 42 45
57 51 93 147 56 49 48 46 46 46 55 49 44 44 43 44 44 43 46 43 43 44 41 43 48 44 43
48 54 115 173 71 48 50 54 48 50 108 71 46 47 42 45 43 44 46 44 47 44 42 43 43 43 46
43 49 86 109 61 47 49 46 44 46 67 66 45 42 45 50 42 43 45 43 44 47 44 42 44 43 43
43 69 136 133 61 48 48 46 51 46 49 49 45 44 45 41 46 43 45 44 42 43 43 42 44 41 44
54 236 479 344 165 76 65 59 58 62 80 74 53 49 47 47 46 47 46 47 46 43 44 43 44 45 43
56 174 430 230 128 61 59 58 57 58 98 105 53 49 47 46 45 48 46 46 46 42 44 44 44 45 42
46 74 133 91 53 45 48 50 46 47 57 54 46 44 43 44 43 43 44 44 42 43 47 44 44 44 43
51 178 306 194 103 59 55 55 54 56 66 68 50 48 46 46 45 45 42 44 44 43 48 44 43 44 43
52 186 353 209 116 65 63 56 58 58 73 73 54 50 47 44 46 46 44 43 46 43 44 49 44 43 44
45 74 132 81 51 46 48 43 45 51 47 47 46 46 44 44 46 44 43 40 44 44 43 49 43 44 44
46 65 74 51 48 44 45 42 44 49 45 43 44 43 44 44 43 42 44 41 44 48 44 43 44 42 43
55 90 121 71 60 47 49 48 46 46 47 47 46 44 46 44 43 43 43 43 45 42 44 46 43 45 44
44 47 74 56 48 46 46 44 44 44 45 46 43 44 48 44 42 43 43 44 42 44 47 43 44 44 42
44 54 57 51 46 43 44 43 44 45 42 44 49 44 43 44 43 44 44 44 44 40 43 45 44 42 43
46 67 190 96 63 56 50 50 49 47 51 49 46 46 45 44 44 43 41 44 49 43 45 44 42 43 44
60 125 224 184 138 83 65 59 63 64 71 64 54 54 49 46 47 45 47 42 44 44 44 45 43 44 44
57 116 143 118 96 69 59 57 63 74 100 84 63 58 54 49 48 44 45 44 44 43 45 41 44 49 44
44 64 74 75 63 49 51 54 58 60 76 62 63 51 45 45 44 45 45 42 44 42 43 43 43 43 44
62 148 264 218 165 135 101 101 107 98 117 116 80 76 58 51 47 45 46 45 45 44 44 44 44 45 47
97 188 286 296 228 280 225 214 199 174 164 276 138 160 136 81 73 53 46 51 51 45 45 46 44 46 46
59 74 119 154 161 165 123 166 156 154 116 141 86 106 122 74 62 50 45 47 49 44 43 44 44 44 45
56 102 184 147 122 120 97 122 103 105 79 98 64 63 58 60 46 44 46 42 45 48 44 43 44 43 44
74 127 210 190 129 124 130 142 127 132 113 130 96 93 64 70 58 50 49 46 45 44 44 44 44 42 45
62 107 201 163 113 115 145 162 157 158 121 137 104 149 65 107 73 56 51 50 47 44 44 43 44 46 44
56 64 83 93 92 80 106 162 164 115 104 110 74 80 54 76 46 47 47 45 46 44 44 46 44 43 44
67 86 218 174 118 108 169 229 194 170 164 126 131 66 64 61 49 46 47 47 46 45 43 45 48 45 44
65 76 127 171 120 123 202 247 208 214 178 170 130 131 61 97 67 53 45 47 49 44 46 44 43 45 45
64 74 87 126 161 174 217 290 214 147 168 163 69 88 60 111 61 49 49 44 46 45 44 47 45 44 45
49 56 59 78 117 108 98 112 78 67 66 74 57 56 50 48 46 44 45 41 44 45 43 46 44 42 44
53 66 76 114 165 128 118 116 106 94 85 77 67 68 57 51 48 46 46 45 45 47 45 43 44 43 44
56 58 68 95 139 118 116 113 97 112 88 74 76 74 59 54 49 49 49 48 45 46 46 43 43 43 44
52 55 63 76 118 121 106 90 79 83 68 71 63 62 51 51 46 46 46 46 45 44 49 44 42 44 43
54 65 68 72 120 167 118 92 75 85 78 65 56 54 53 49 45 45 50 44 44 44 42 44 47 44 44
70 84 85 104 146 208 197 173 161 215 109 95 85 70 58 53 52 51 48 52 45 44 45 44 44 48 45
64 74 76 78 105 181 210 158 156 140 117 101 84 73 59 58 56 56 59 53 47 51 44 43 45 45 45
53 53 57 58 66 93 102 75 84 80 78 73 60 53 49 47 44 47 47 45 45 44 44 46 44 45 44
76 66 68 73 110 164 144 127 107 103 103 92 73 61 52 53 49 48 47 46 46 45 46 41 44 49 45
167 93 87 88 156 193 166 170 127 130 106 119 103 83 76 76 74 67 64 61 54 48 43 45 50 45 45
156 82 79 91 157 187 172 156 112 123 114 112 98 86 74 72 73 67 76 66 58 53 44 46 45 45 44
224 184 91 92 118 174 147 114 84 82 86 86 78 65 61 56 50 51 53 49 50 45 43 43 44 46 45
503 429 261 208 334 389 332 292 202 176 167 153 128 114 83 82 76 70 67 67 61 51 47 46 46 50 48
221 314 286 331 359 386 324 262 198 167 172 175 177 134 100 97 102 95 87 119 106 62 48 45 46 51 47
68 115 128 174 150 140 118 88 74 80 94 108 122 78 75 78 74 75 80 97 76 47 46 44 44 48 46
114 430 450 519 476 323 231 152 112 111 129 141 110 84 73 71 61 63 55 55 53 46 46 46 45 49 50
136 301 383 521 559 538 457 266 179 168 171 181 148 114 94 86 67 62 59 56 54 48 46 46 46 48 57
77 101 120 204 273 242 234 158 107 109 102 106 88 78 65 56 51 48 44 50 52 45 46 44 42 46 47
61 55 58 70 87 100 104 77 66 63 62 62 60 53 48 45 45 45 44 40 45 46 44 46 44 43 45
69 87 82 102 126 168 140 100 79 70 63 60 55 52 49 47 46 45 46 42 45 49 44 45 44 42 46
105 145 118 132 184 241 197 166 136 110 88 78 67 63 55 54 52 47 49 50 46 46 46 43 44 46 47
87 100 83 100 113 149 140 147 107 93 72 72 58 63 54 52 50 47 49 50 46 45 45 42 44 44 46
71 72 62 72 72 85 86 86 70 65 52 54 56 50 48 48 47 49 46 45 48 44 46 43 42 44 45
97 118 83 100 99 111 117 104 91 74 61 60 55 52 51 50 50 49 50 47 45 44 44 43 47 47 46
170 155 136 152 158 167 172 157 143 100 83 79 64 61 56 61 68 64 52 50 46 44 45 43 45 53 50
93 94 89 102 110 118 129 101 112 80 72 71 63 60 60 68 66 76 66 48 45 43 46 44 48 57 52
55 54 51 56 53 54 57 54 59 51 50 54 48 47 48 56 46 58 50 45 45 42 44 48 47 51 50
54 61 57 56 54 62 57 51 52 50 50 52 46 50 47 50 47 47 43 43 44 43 45 42 46 56 57
