44 43 43 44 43 44 48 44 50 48 44 47 46 44 44 49 43 43 47 43 51 43 42 43 44 42 43
46 44 44 46 45 46 48 48 177 121 51 54 62 78 46 46 46 44 43 43 46 43 44 43 44 46 43
51 51 48 49 55 57 64 70 192 565 68 83 253 513 60 54 45 45 45 43 46 48 45 44 44 44 45
44 47 46 46 49 50 56 59 63 74 53 66 631 394 51 47 45 44 45 48 45 44 44 42 44 44 45
43 44 44 42 45 50 52 54 66 51 54 59 95 70 47 45 42 42 42 44 47 43 44 44 42 43 48
46 44 44 45 46 48 80 70 67 56 61 67 76 56 49 47 43 43 44 47 44 44 44 42 43 44 44
43 45 44 43 45 44 50 64 62 49 52 53 55 48 44 43 42 43 44 43 47 46 42 43 42 43 46
43 44 48 44 47 44 47 58 46 46 50 46 42 44 42 44 42 43 44 43 43 43 43 43 46 44 53
48 57 50 45 44 50 79 142 54 47 47 48 46 46 45 44 44 43 44 39 44 48 43 45 44 43 45
46 48 46 46 50 54 132 197 64 49 49 49 50 51 47 47 45 44 43 44 46 43 44 42 44 49 45
43 45 43 44 46 48 79 107 54 51 46 45 46 46 47 45 46 44 48 43 43 44 40 43 48 44 43
44 47 46 45 49 61 125 148 60 49 53 50 51 79 60 51 47 46 45 46 42 44 44 44 43 44 44
47 51 48 52 60 112 188 168 88 54 49 58 87 148 128 95 66 55 48 46 47 44 48 46 47 46 45
47 51 47 50 59 116 198 179 106 55 54 61 90 146 123 108 95 97 76 59 54 50 46 49 45 46 50
45 49 46 45 50 65 148 133 57 49 53 51 57 93 77 62 56 61 52 46 46 45 48 42 44 49 46
54 62 60 59 75 229 481 300 116 64 63 81 78 115 97 67 56 51 48 46 46 44 46 46 44 46 50
51 57 50 55 78 190 335 196 91 63 59 79 98 204 167 148 66 70 60 53 49 47 46 47 42 45 51
44 45 45 47 48 56 71 64 47 46 44 47 54 65 74 69 51 63 50 51 48 49 45 46 44 42 44
43 44 45 44 48 57 74 64 48 44 45 47 46 49 56 49 46 53 46 43 45 58 42 44 48 44 44
45 44 45 47 49 63 76 67 51 46 46 50 51 57 74 62 72 50 45 45 46 45 45 44 44 47 46
44 48 44 44 49 63 72 63 46 46 48 50 49 63 76 62 87 55 52 48 54 45 46 42 44 49 44
43 47 44 45 50 60 75 64 47 46 46 47 48 46 53 61 51 45 52 46 46 47 44 42 43 44 43
46 51 50 52 68 140 143 122 79 55 54 64 60 55 78 59 50 46 49 49 47 45 44 43 43 45 44
53 60 57 57 92 203 239 213 144 79 89 114 95 93 112 120 84 61 50 48 51 46 47 46 43 45 47
47 53 50 52 58 97 140 148 114 64 62 70 63 68 100 135 58 56 50 44 47 47 44 44 45 45 48
46 50 50 49 68 102 98 98 104 61 59 78 53 56 70 53 44 45 52 46 47 45 42 44 44 44 48
48 52 54 62 98 136 125 101 117 75 89 78 82 113 74 55 47 46 50 46 47 49 43 44 44 44 46
52 59 55 72 117 169 155 152 145 119 125 87 115 165 83 72 69 57 50 48 48 56 45 49 45 45 46
48 54 50 56 83 133 119 137 124 80 85 75 64 106 71 63 52 51 49 48 45 45 47 44 44 48 46
53 63 63 82 148 219 184 176 155 137 113 126 72 84 63 56 51 46 48 46 46 46 45 45 48 47 46
103 144 118 138 207 307 321 336 311 303 266 4095 214 200 164 137 93 70 60 57 59 55 54 55 51 54 58
59 78 64 71 101 151 182 240 250 255 223 256 196 142 146 122 72 62 53 49 52 52 49 46 44 47 51
52 60 56 54 66 73 98 145 161 161 157 161 97 76 76 53 54 48 46 46 45 45 45 44 47 45 44
51 58 58 63 76 74 98 145 130 148 156 117 145 99 100 67 52 49 47 44 45 48 46 46 46 43 46
56 59 56 67 76 83 112 157 164 146 118 135 100 94 106 95 67 54 50 46 46 45 47 45 45 45 47
56 59 54 68 79 94 125 168 122 128 122 103 86 74 133 86 54 52 48 44 48 49 50 46 43 47 59
50 59 51 59 76 90 134 119 99 111 91 76 72 77 67 54 43 46 45 47 44 45 44 44 45 45 59
56 67 64 72 143 191 181 157 147 154 134 103 116 112 72 57 51 47 46 46 46 48 46 46 50 46 49
56 66 58 68 110 154 177 174 175 159 134 117 112 134 83 66 59 51 48 46 45 46 53 44 45 51 54
52 60 54 58 84 118 124 135 138 133 97 88 90 90 74 55 52 48 46 45 45 46 56 46 45 50 48
48 54 48 53 70 95 83 102 83 71 63 62 65 72 55 51 47 44 45 50 45 45 46 44 45 45 52
58 67 57 59 79 120 118 132 110 97 92 78 69 80 55 56 49 47 46 50 46 47 52 52 46 46 44
104 111 64 65 79 135 132 150 133 115 116 105 98 101 79 68 59 56 57 52 53 51 50 50 45 48 50
166 274 63 61 66 95 116 142 108 112 98 101 94 77 59 57 54 54 55 52 49 49 61 58 47 48 56
345 577 101 63 78 97 135 172 138 130 103 90 74 66 60 55 50 49 51 46 45 50 46 48 46 46 48
574 720 289 101 120 201 298 344 311 249 219 230 221 153 105 91 69 59 55 51 49 51 49 48 50 53 53
168 328 204 108 113 220 295 294 300 246 218 210 188 159 136 110 85 65 57 50 55 59 48 50 48 50 53
55 111 136 92 78 113 101 102 88 82 76 72 66 58 54 50 46 45 46 40 45 50 50 44 51 55 46
84 190 194 168 162 162 150 161 127 124 123 105 102 75 63 59 54 49 46 47 44 46 51 46 46 49 46
72 139 198 203 238 170 161 162 152 131 133 139 159 114 101 98 88 70 61 60 51 56 55 53 46 57 49
59 76 133 171 219 160 152 146 134 114 113 122 130 97 93 90 79 70 66 74 62 63 54 51 51 66 54
69 107 280 376 384 292 210 175 132 96 85 99 83 75 69 62 57 53 51 51 46 49 51 46 53 108 69
96 136 196 364 430 480 468 395 300 230 199 227 190 144 122 99 74 64 55 50 51 55 50 50 48 55 58
78 93 87 149 222 294 282 239 192 157 144 186 157 151 135 133 124 108 73 69 67 52 48 52 47 53 59
68 63 57 81 81 96 101 85 71 63 61 69 64 64 65 69 74 65 54 46 50 49 48 55 43 62 89
52 65 63 73 88 99 90 69 59 57 51 55 55 52 49 49 46 46 46 46 45 44 44 45 44 49 99
78 118 95 105 158 194 162 138 117 100 80 83 68 68 58 56 51 48 47 47 45 46 43 45 48 46 52
74 89 68 81 98 122 124 133 104 96 76 81 64 64 62 60 52 52 46 47 45 44 45 45 44 46 47
59 62 49 60 62 69 74 80 67 63 56 57 53 50 51 55 47 49 45 45 45 44 44 45 43 46 45
66 88 61 68 72 79 81 84 74 63 57 54 54 58 51 50 51 50 48 49 45 43 44 43 43 45 46
121 130 98 123 114 135 144 131 129 94 74 78 68 62 61 64 67 65 52 51 46 44 45 44 44 47 46
81 91 82 99 105 112 130 115 120 92 83 80 65 64 67 67 68 76 66 47 49 45 43 44 44 46 53
48 57 51 53 55 54 58 62 64 54 55 51 49 51 49 56 49 56 52 43 44 43 44 44 42 47 55
48 53 53 49 49 54 54 51 57 51 50 51 47 49 49 48 49 47 47 44 42 43 43 43 46 46 66
