45 42 43 42 46 47 42 43 48 46 44 44 42 43 44 43 42 46 41 43 49 43 43 43 42 43 44
47 44 49 45 77 78 51 46 46 54 61 50 45 47 44 42 42 44 44 43 44 43 43 43 43 43 42
55 54 65 71 280 570 153 69 79 281 270 288 70 51 47 46 48 45 44 44 45 44 45 46 44 46 46
48 45 46 52 86 98 66 49 50 65 159 127 55 46 47 45 44 42 47 41 44 44 43 43 43 43 44
45 43 42 47 51 46 45 43 44 48 50 51 46 42 44 44 43 42 46 40 43 44 42 44 46 43 44
43 48 46 71 63 59 49 48 45 49 65 86 53 44 43 44 43 41 43 44 43 43 44 43 46 43 44
44 45 45 70 57 54 46 49 46 47 59 86 56 45 43 45 42 42 43 43 41 43 46 43 45 44 42
43 45 41 52 50 45 47 44 43 44 51 70 49 41 44 48 41 43 42 43 44 42 44 43 43 46 43
43 44 45 59 55 45 44 42 45 44 47 58 45 43 46 44 43 42 44 43 42 44 44 42 45 43 43
44 48 70 161 184 63 52 52 52 51 107 156 57 48 46 43 43 43 42 45 44 42 44 43 43 44 43
47 49 60 153 183 68 55 52 51 55 136 234 98 46 45 47 44 44 44 43 45 46 43 46 45 42 44
42 44 46 63 73 46 46 45 45 47 63 93 55 44 44 44 43 42 44 44 44 46 43 42 43 42 43
47 50 109 214 231 79 55 54 53 58 83 110 71 46 44 45 43 43 44 42 44 43 43 45 43 44 46
55 58 286 253 324 152 68 69 68 70 167 223 199 66 46 44 49 45 45 44 43 44 44 43 45 43 45
48 50 115 154 170 73 59 54 53 57 136 170 143 57 43 45 42 44 40 43 48 43 43 45 43 44 44
46 49 128 166 131 59 55 50 49 50 62 88 63 51 46 50 43 43 44 39 42 43 44 42 44 49 44
53 58 293 289 230 82 65 63 60 59 80 149 86 58 46 43 44 46 46 45 44 45 44 42 43 43 44
43 49 63 78 92 56 46 49 47 46 51 87 61 49 43 44 43 43 44 43 43 43 46 43 42 43 43
43 44 46 50 50 45 44 44 46 44 43 47 46 44 44 43 43 47 43 44 44 41 43 43 43 44 41
42 48 51 54 63 49 47 46 45 46 53 51 47 44 44 43 41 43 46 43 46 43 42 43 42 42 44
44 50 64 62 61 52 47 47 47 44 50 63 53 44 44 43 42 44 43 44 45 43 46 43 42 43 43
44 44 50 52 57 53 44 45 52 46 51 54 50 43 44 44 44 43 43 42 44 43 41 43 44 42 44
46 49 63 64 64 54 46 46 45 48 54 56 47 46 44 44 43 43 44 43 44 43 44 40 43 47 43
50 52 95 131 129 78 55 53 59 78 110 95 61 44 44 45 44 43 47 42 43 44 41 44 48 43 44
53 59 122 133 150 120 64 63 73 132 206 180 98 56 44 45 44 44 44 44 44 43 44 44 44 45 44
46 45 65 68 68 63 50 47 53 77 81 98 73 47 44 44 43 44 43 44 42 44 49 44 42 43 42
49 57 89 99 85 89 54 52 59 70 69 78 58 46 44 44 45 43 46 43 43 43 42 43 43 43 44
64 92 188 231 173 169 108 91 134 190 174 164 120 72 46 47 46 45 45 45 43 44 45 43 45 47 45
57 75 152 181 160 167 101 97 140 146 178 144 104 69 48 46 45 45 47 49 45 43 44 44 43 45 45
49 57 111 112 89 76 58 67 78 95 82 85 56 48 45 45 44 43 46 44 44 42 44 44 42 44 46
71 155 234 263 164 163 162 172 156 168 131 121 74 52 48 47 46 45 45 44 45 44 44 45 44 45 47
78 156 259 220 143 142 201 249 237 206 167 167 107 74 48 51 48 45 45 50 45 44 44 45 46 45 47
60 71 109 113 95 91 126 212 197 190 151 145 81 59 46 45 50 45 46 51 43 44 45 44 45 45 45
63 98 141 110 89 79 127 169 141 128 97 80 53 49 45 45 49 44 44 44 43 43 45 43 44 46 45
68 85 114 129 108 103 154 196 170 171 148 122 70 48 47 51 46 45 45 41 45 47 46 43 44 43 44
66 82 132 148 142 143 188 216 202 166 143 129 83 55 48 49 46 47 47 50 44 44 49 45 44 46 45
55 54 65 76 89 79 116 99 96 93 91 70 54 44 44 44 44 45 49 42 44 46 44 44 43 44 46
57 69 79 125 153 108 131 92 82 80 67 58 50 45 45 46 45 50 46 44 44 42 43 43 43 44 43
60 65 73 104 107 101 103 93 90 104 93 65 50 46 44 46 44 52 50 44 45 43 42 43 43 43 44
55 57 70 100 108 99 91 95 103 105 90 74 56 46 45 46 51 60 52 44 45 43 42 43 43 43 44
51 48 53 67 76 74 60 71 90 81 66 58 48 44 45 43 50 46 44 41 44 41 43 48 43 43 44
107 68 67 100 115 129 117 130 135 118 90 63 52 45 46 50 58 44 44 48 43 43 44 41 44 48 44
165 86 76 112 144 171 159 160 174 140 116 70 58 46 49 84 97 49 46 43 44 44 41 44 48 44 44
79 65 69 86 116 154 168 189 155 146 108 75 53 48 47 92 137 46 45 44 45 44 44 46 44 43 44
74 62 65 89 114 131 128 148 122 106 91 67 56 46 46 55 49 45 43 44 45 43 46 43 42 44 44
203 167 113 193 230 226 212 230 221 187 131 95 61 53 58 69 56 46 45 45 45 44 42 44 47 45 51
168 170 148 208 268 265 250 261 240 196 168 113 73 58 83 86 66 48 45 45 44 44 45 42 45 50 46
91 84 91 98 123 128 134 149 127 110 108 89 60 50 71 64 47 44 44 44 44 44 44 43 44 44 46
220 196 183 217 246 232 185 166 169 155 145 109 74 57 60 54 51 46 46 44 45 43 44 44 42 46 51
324 332 320 365 362 302 255 241 228 217 245 200 152 112 89 73 50 50 47 46 46 44 45 45 46 47 48
132 203 170 200 220 223 211 221 203 186 192 177 158 113 88 58 50 46 46 44 45 45 43 45 48 45 47
62 132 127 108 92 95 95 88 84 79 74 71 80 57 53 45 47 44 43 43 43 43 44 42 44 46 44
104 138 195 235 211 216 240 197 182 140 121 111 90 54 50 49 50 46 44 44 44 44 44 42 45 49 46
92 95 108 146 160 164 180 138 126 108 90 81 68 46 47 51 44 44 45 45 44 45 44 42 43 44 45
63 64 61 67 85 112 128 97 82 65 57 56 50 44 45 48 43 43 44 48 44 42 44 42 43 44 44
50 61 58 56 70 99 84 67 58 51 50 49 46 45 46 44 43 42 43 42 48 43 43 43 42 43 44
128 133 128 136 183 221 164 120 91 78 74 65 55 49 47 49 47 49 44 44 44 42 44 44 43 45 48
164 154 174 166 202 200 189 142 102 91 84 76 60 54 53 53 48 48 50 45 45 44 43 44 44 44 47
107 97 101 93 101 99 106 91 69 63 58 58 54 51 48 48 49 49 50 45 44 43 42 43 44 44 46
85 94 80 83 88 85 82 75 67 55 54 52 48 46 46 44 47 47 44 42 44 42 44 46 43 45 46
177 163 147 157 143 139 120 105 86 70 68 64 55 50 48 53 51 51 46 39 45 48 44 44 44 49 61
173 162 136 159 153 151 132 127 101 77 76 70 59 55 54 63 72 78 61 48 45 42 45 44 45 49 58
66 74 63 73 66 62 62 62 61 53 53 51 50 49 50 57 50 66 57 50 44 44 44 42 47 55 56
52 55 50 51 52 50 52 49 49 48 44 49 51 46 44 46 42 47 43 44 47 43 45 44 47 55 68
