44 42 43 43 42 44 44 43 46 44 50 45 44 43 46 42 57 59 47 43 47 43 42 43 42 42 44
47 48 48 44 43 45 45 46 48 58 294 68 50 46 49 50 67 50 46 44 48 44 44 43 43 43 48
50 52 46 47 47 47 52 57 62 187 370 323 64 55 57 95 359 170 85 50 47 46 44 44 44 42 46
43 45 45 44 47 45 45 48 49 72 82 63 49 52 48 48 176 178 118 53 46 42 44 42 43 44 44
42 44 42 43 48 43 43 44 43 46 46 44 44 47 44 44 51 56 50 49 44 42 43 41 43 43 42
48 43 44 40 44 51 48 45 47 54 49 47 46 47 50 50 56 86 59 50 45 42 43 43 43 44 43
51 44 46 44 44 44 50 46 53 63 50 49 50 44 47 47 53 97 66 54 45 42 44 45 43 44 45
45 46 45 41 43 43 44 44 48 51 46 45 43 44 49 46 52 84 57 46 44 42 45 44 43 44 43
43 48 44 43 44 42 45 43 62 51 45 45 45 44 44 45 53 77 60 47 44 41 44 46 43 44 44
46 47 44 44 45 49 50 61 180 136 51 49 49 47 48 49 98 156 77 52 46 46 43 44 46 44 45
44 50 46 44 46 51 53 79 206 151 57 52 50 51 51 54 200 366 124 49 54 50 45 45 44 42 44
42 44 43 44 45 44 48 71 92 74 48 45 46 46 46 47 78 204 83 58 46 45 44 42 43 43 43
44 47 46 46 46 46 61 182 132 119 54 48 50 53 50 51 116 182 105 56 46 45 44 42 43 44 43
44 51 48 46 48 50 74 236 200 159 64 55 58 54 54 69 166 205 173 52 52 47 46 44 43 44 45
44 47 46 44 46 45 58 148 161 114 58 52 51 51 51 74 165 201 222 54 47 48 47 44 47 44 43
44 47 46 43 47 46 60 188 183 82 55 50 49 50 51 51 81 130 82 50 46 45 45 42 43 47 44
50 50 48 47 47 50 73 277 284 141 69 62 58 57 58 69 236 354 123 62 49 46 46 45 45 46 45
47 45 44 44 44 45 50 75 95 78 51 52 49 47 50 63 179 316 144 55 48 46 44 46 44 44 46
42 48 44 43 44 42 44 49 55 47 43 44 47 44 43 45 56 58 52 44 44 43 44 42 43 46 43
43 40 44 45 45 48 45 55 61 50 45 46 42 44 50 46 51 52 48 44 43 44 43 43 46 43 42
43 43 41 45 44 44 50 58 76 60 47 49 47 45 48 58 66 71 52 45 45 44 42 44 47 43 44
43 48 44 44 44 42 45 54 68 53 45 46 50 46 47 63 76 73 52 46 43 44 43 43 44 41 44
41 44 48 44 46 44 45 61 83 60 49 44 47 51 51 64 61 61 47 45 45 44 43 43 42 43 44
42 51 53 47 51 49 76 138 224 180 108 63 59 66 114 142 102 82 52 49 49 46 44 44 43 45 42
46 53 51 51 49 51 76 135 217 198 139 88 65 90 225 198 172 126 64 47 51 48 46 46 44 45 45
42 46 45 44 46 46 51 66 78 77 65 53 52 64 123 111 110 81 52 44 45 45 43 44 44 43 46
44 46 48 44 45 47 77 103 111 97 76 56 58 81 82 100 78 61 47 46 44 44 44 42 44 44 44
43 51 50 50 50 62 141 164 133 138 131 95 113 150 130 156 146 113 73 49 53 50 45 45 43 45 46
44 51 49 48 48 54 121 153 132 133 118 85 110 137 124 142 118 94 64 49 50 52 45 44 44 43 44
43 47 46 44 46 48 59 87 95 88 63 63 71 110 82 104 73 63 51 43 46 48 44 42 43 43 43
45 56 54 50 52 77 142 182 182 200 183 156 173 201 157 163 100 69 53 53 54 49 45 43 44 45 43
49 63 58 54 55 70 136 230 234 249 223 249 233 235 224 218 162 116 60 56 59 54 46 44 44 46 44
46 63 55 51 53 55 93 148 189 227 211 262 222 229 204 180 121 88 56 53 59 52 45 45 44 45 46
46 52 55 48 49 55 93 125 129 151 117 155 147 163 132 99 66 58 51 48 53 48 43 44 43 44 45
45 50 50 46 49 58 84 115 115 136 114 118 113 182 135 108 91 80 50 48 50 48 45 45 44 46 44
49 51 48 47 48 66 101 128 127 127 97 100 115 134 123 89 78 75 50 45 50 47 47 49 44 44 45
44 48 46 46 46 47 66 83 95 99 84 99 76 125 78 69 68 52 50 44 47 46 42 44 48 44 44
43 51 47 44 46 47 59 74 83 93 80 79 84 76 71 70 56 49 47 43 46 49 44 43 43 42 46
44 46 48 54 51 51 78 115 104 104 92 88 103 96 107 84 67 54 48 47 46 47 50 44 44 44 44
44 53 44 47 53 48 64 102 102 103 97 92 106 106 103 76 65 52 46 47 46 46 49 44 43 44 43
46 62 48 45 46 44 52 90 94 90 74 72 88 77 71 62 53 47 48 46 45 45 45 46 44 44 46
70 108 67 48 47 47 55 100 119 102 96 94 98 98 78 65 54 51 45 48 48 51 43 44 44 43 45
127 597 115 54 50 50 58 115 126 114 111 115 104 103 82 70 57 54 48 50 58 85 49 47 45 44 45
55 247 92 52 50 49 60 123 130 130 124 122 124 101 82 71 57 55 52 53 109 202 56 47 46 48 46
48 215 175 68 50 53 58 100 120 121 121 119 128 108 79 70 57 53 51 50 113 126 45 45 47 46 54
63 283 363 186 64 62 95 186 269 246 211 244 270 209 142 104 80 72 60 87 189 130 47 46 46 46 51
52 111 202 182 92 74 129 208 288 272 268 285 321 259 196 138 109 80 79 176 332 227 50 47 47 47 49
45 59 65 82 69 60 85 126 121 118 122 140 169 139 119 113 86 68 67 142 202 100 49 44 46 48 49
46 56 91 124 173 106 156 166 143 127 122 111 151 109 93 98 85 67 66 81 69 55 45 43 45 46 46
46 57 84 152 189 170 151 152 147 134 140 135 164 142 103 122 127 96 123 148 108 55 49 46 44 46 47
46 56 56 87 134 161 172 160 153 139 127 140 154 121 116 133 132 115 135 150 72 52 49 46 47 49 46
46 55 51 54 89 120 154 135 120 110 102 121 109 99 90 100 88 92 88 70 54 49 44 44 44 51 48
50 65 61 62 78 168 357 320 252 211 193 210 217 164 163 135 109 104 70 59 63 56 45 46 45 48 53
47 57 54 53 55 70 134 170 168 170 164 194 163 133 124 111 101 81 58 53 58 49 46 48 44 47 49
46 47 46 46 48 50 61 70 74 85 88 86 76 63 58 55 52 50 46 42 48 46 44 47 44 44 46
43 46 46 47 50 53 55 57 61 64 61 59 55 50 49 49 48 45 47 44 46 45 42 44 47 44 44
55 55 58 53 81 90 87 87 93 91 98 89 74 60 56 56 53 50 48 46 48 49 44 43 44 42 44
64 54 61 62 74 80 102 104 103 109 111 102 83 71 64 60 59 55 49 50 48 47 48 44 43 44 44
61 52 47 49 63 58 70 79 78 76 81 75 63 62 61 54 54 54 48 49 47 45 47 44 43 44 44
71 70 50 52 59 59 70 76 79 72 72 67 61 58 52 53 54 53 48 48 45 45 44 43 44 46 46
101 87 70 79 74 89 98 118 115 94 90 85 70 67 62 66 72 66 56 53 48 46 47 41 44 51 50
80 77 65 77 78 89 104 120 117 96 97 100 80 69 69 82 86 110 92 54 49 47 45 46 42 46 56
49 66 49 54 52 51 60 67 70 63 59 63 63 56 56 70 64 82 61 50 46 45 45 43 46 54 51
46 47 46 43 49 57 53 53 53 50 52 54 51 54 50 52 51 51 47 44 45 46 41 44 53 53 63
