43 43 43 43 44 44 42 43 47 44 43 44 44 49 52 56 47 44 44 46 49 44 42 43 42 43 44
47 44 48 43 42 43 43 44 45 43 45 48 46 54 61 71 58 44 45 45 48 44 44 43 42 43 45
46 48 47 44 45 43 45 45 46 46 43 47 63 94 112 130 66 50 47 46 44 43 44 43 44 41 44
44 46 49 45 48 48 53 61 63 62 60 58 67 254 1084 589 100 64 50 52 50 47 48 46 45 45 47
42 48 48 44 45 45 46 51 52 52 52 50 57 189 652 126 65 52 46 48 47 44 46 43 43 44 42
47 43 44 46 44 45 45 44 45 46 49 51 51 80 138 83 54 49 46 43 44 43 43 44 41 43 44
49 45 43 47 43 43 45 45 46 47 49 49 61 76 121 142 63 55 53 45 48 44 44 44 42 44 47
43 44 46 41 43 42 43 44 44 44 44 44 46 51 72 77 51 44 44 44 46 42 43 43 44 43 43
43 44 45 43 44 44 44 42 44 42 45 41 45 48 52 81 52 47 43 46 42 42 44 40 43 48 43
47 44 44 43 43 45 44 44 46 42 46 49 46 46 61 135 88 48 46 42 45 43 43 44 41 43 48
43 45 44 44 44 44 43 46 50 46 46 45 49 49 69 165 127 53 46 44 45 47 45 42 43 42 44
42 43 44 42 44 42 44 49 46 44 45 44 45 47 56 128 127 51 45 47 44 42 44 42 43 44 42
42 48 44 42 44 44 44 44 45 44 45 47 45 46 59 89 91 49 44 47 44 42 43 42 42 44 42
44 44 45 44 45 44 49 52 50 51 53 49 52 58 172 254 289 155 47 46 50 44 44 44 42 44 45
44 44 44 43 45 46 49 54 54 53 52 51 54 64 224 285 337 308 58 47 46 45 50 44 44 44 43
43 42 44 43 44 44 44 48 53 48 47 46 48 59 132 152 177 105 45 42 46 42 44 48 44 43 44
45 45 45 44 44 44 48 47 50 54 48 47 49 70 129 171 216 148 47 42 46 42 44 48 44 43 44
44 44 43 43 44 44 47 46 49 54 48 47 51 64 110 182 216 126 61 48 46 45 42 44 48 43 44
43 44 44 42 44 43 44 46 43 45 50 44 45 47 61 108 106 58 45 44 46 41 44 48 44 44 44
43 39 44 48 44 44 44 44 45 45 45 45 47 49 76 108 66 60 44 45 42 43 48 43 43 43 42
43 43 40 43 49 44 46 46 44 46 47 45 47 54 93 102 80 55 44 42 44 44 42 43 48 43 43
43 48 43 43 44 42 44 46 45 46 45 45 48 53 81 82 77 53 45 46 43 43 46 43 42 43 43
42 42 43 43 43 44 44 45 48 46 44 45 46 53 79 78 59 46 45 40 44 44 42 43 43 42 44
42 44 50 44 44 46 49 53 54 55 58 52 54 86 142 151 107 60 45 46 46 44 44 44 43 44 43
44 43 45 49 45 47 53 55 59 68 65 56 61 114 205 177 155 79 47 46 47 47 46 46 44 42 44
44 42 44 42 45 48 48 53 60 60 59 50 55 94 159 158 114 59 45 44 46 46 44 45 46 43 46
44 43 45 45 44 46 52 68 90 97 62 52 56 91 114 140 85 51 44 46 46 46 46 44 43 44 45
48 45 48 51 49 54 130 136 168 172 119 97 96 175 247 270 211 94 55 51 55 52 49 45 44 47 47
46 47 46 47 50 52 98 170 157 166 130 88 91 183 209 234 157 84 53 50 53 55 50 45 46 45 45
44 43 44 46 45 50 60 89 102 99 83 73 77 110 95 105 65 50 48 47 47 49 48 42 43 44 44
46 47 47 46 49 81 115 161 142 133 136 130 129 154 127 144 107 69 48 52 52 50 50 44 44 48 44
50 49 48 47 49 68 110 178 174 177 155 169 159 169 152 177 124 85 51 53 54 54 54 46 44 48 51
48 46 46 45 47 51 82 132 144 151 155 157 140 158 142 143 94 63 50 51 54 52 51 48 46 54 57
46 47 48 47 49 53 88 143 162 175 139 194 152 171 133 95 63 54 51 51 54 54 51 46 44 49 49
50 48 48 49 51 63 116 193 201 246 256 253 229 254 188 151 100 76 50 54 59 59 59 50 45 48 47
51 49 47 49 50 66 147 198 209 179 193 232 211 230 211 148 103 72 50 52 59 60 58 50 46 48 48
43 44 43 44 45 45 55 63 72 76 77 81 93 151 95 76 60 48 47 45 47 48 45 45 49 45 46
43 44 45 42 44 46 54 68 72 69 66 68 67 68 62 57 48 45 45 44 46 49 46 44 44 42 45
46 41 46 50 46 53 72 100 92 97 85 87 101 100 90 80 63 50 45 47 46 48 55 57 44 44 44
45 45 40 45 51 48 66 95 92 92 86 85 101 112 91 76 64 50 46 47 49 50 68 95 46 44 44
44 47 44 43 45 44 49 64 71 67 68 73 81 80 67 59 52 46 44 45 45 47 62 70 44 45 44
43 46 50 45 46 51 60 99 121 126 125 118 124 126 86 67 51 50 46 48 52 66 79 50 44 44 46
47 47 50 47 48 52 67 113 153 157 167 198 196 159 113 77 62 54 47 53 70 221 319 51 44 47 48
47 45 46 50 47 50 60 87 118 135 138 179 170 131 93 69 58 52 48 51 97 481 443 50 46 47 46
43 45 45 44 46 47 52 71 94 93 94 84 96 81 63 57 49 46 46 46 58 135 98 45 44 44 51
48 48 46 47 48 51 66 126 154 156 132 142 170 140 104 81 65 54 49 58 85 108 60 45 42 45 50
49 46 47 52 50 54 74 153 201 175 167 145 187 168 135 106 88 64 59 96 197 177 62 46 44 45 47
46 47 44 47 52 51 66 137 150 134 127 104 127 131 110 102 86 70 53 113 157 102 58 45 44 47 48
51 51 46 50 56 59 115 271 236 201 171 109 113 118 101 106 84 65 56 81 89 61 55 44 44 46 46
56 56 53 53 60 79 249 356 327 261 257 223 277 255 196 214 205 179 92 201 222 83 66 49 47 48 50
58 57 54 53 60 75 227 362 379 285 220 206 242 210 191 205 207 204 146 258 188 71 65 49 47 52 52
54 50 53 50 58 84 236 300 252 147 112 99 100 88 89 100 95 89 96 96 74 57 51 46 45 51 51
63 60 60 86 116 213 490 464 339 181 128 127 126 115 117 129 104 95 84 71 67 61 56 47 46 48 54
59 62 61 75 105 130 149 131 136 112 90 99 95 93 94 100 99 86 62 54 54 48 49 50 44 45 48
68 69 63 71 82 91 69 58 58 59 61 59 54 54 50 50 48 46 46 41 46 48 44 46 44 42 44
61 90 87 82 97 116 71 59 57 57 58 57 53 49 49 49 46 46 46 46 45 45 44 44 46 44 44
149 157 119 121 154 159 89 76 70 69 68 71 62 56 54 54 50 44 46 49 47 48 46 43 44 44 45
156 110 126 102 124 123 114 100 85 85 83 87 75 68 63 61 55 51 46 49 49 47 50 44 43 44 45
106 84 80 66 83 87 90 93 82 71 73 69 61 61 63 57 56 52 45 49 50 46 48 44 43 44 45
144 116 81 80 93 100 96 103 91 78 78 68 63 61 57 59 56 55 46 49 47 46 47 42 45 51 48
189 146 126 134 129 142 127 148 129 99 91 86 71 70 65 72 73 63 52 53 50 49 50 43 44 54 60
127 108 89 107 109 116 117 122 115 88 94 99 77 70 73 86 81 101 80 49 50 49 49 46 42 47 62
57 74 53 59 59 55 63 67 74 60 57 61 56 57 58 72 55 72 59 46 47 44 45 50 47 52 56
54 52 50 47 52 58 57 54 54 50 52 54 50 55 54 54 50 47 46 45 44 46 42 45 54 55 69
