43 44 44 44 45 52 77 47 46 45 45 47 44 46 51 51 99 383 83 45 46 43 45 45 43 45 48
43 44 47 42 43 46 59 45 44 44 44 44 44 44 44 44 51 93 47 43 44 44 44 44 45 45 46
44 45 44 44 45 70 154 55 44 44 44 44 42 44 50 45 58 89 47 44 47 44 42 44 43 44 46
43 46 44 44 45 81 168 63 44 44 46 44 45 45 45 46 87 152 68 44 46 44 42 45 43 44 45
42 44 44 44 45 58 70 47 43 43 44 44 45 42 44 50 69 106 66 43 45 47 44 43 43 43 44
42 43 45 43 49 84 99 57 44 43 44 43 44 44 42 44 51 61 52 44 44 44 42 43 43 43 45
44 47 47 44 81 268 237 101 49 51 46 44 46 46 46 50 110 125 83 46 45 43 44 44 44 44 42
43 44 49 43 55 161 189 95 46 47 51 46 44 46 46 56 145 157 157 54 46 47 45 42 43 44 44
42 43 45 47 46 64 89 61 45 43 44 43 44 45 44 47 64 77 71 44 43 43 49 44 42 43 43
43 44 45 46 65 155 179 110 54 46 45 46 45 46 46 50 94 102 80 47 47 44 44 44 47 44 43
44 45 48 48 70 235 275 174 58 49 47 48 48 50 52 75 177 197 231 51 46 43 46 50 44 44 44
43 44 44 44 46 84 123 64 46 51 46 44 45 44 46 48 99 136 120 42 44 49 46 44 44 44 44
43 43 46 46 46 63 82 47 45 42 44 49 44 42 44 43 46 55 47 45 44 46 44 42 42 43 43
46 42 44 51 50 59 123 49 46 45 43 44 49 45 44 47 51 70 57 46 44 43 48 44 42 43 44
40 43 47 44 44 45 50 44 44 42 44 47 45 43 44 44 47 53 54 45 44 44 42 44 48 44 44
43 46 46 42 44 43 44 44 42 43 47 44 43 44 43 43 46 44 44 48 42 42 44 43 43 46 44
44 44 44 49 46 43 46 44 44 44 43 44 48 44 43 44 49 46 46 51 43 43 44 42 43 48 44
44 45 47 44 45 46 51 49 46 44 44 48 45 45 45 44 58 56 48 44 44 43 43 44 43 44 47
42 44 44 43 44 44 48 49 43 43 44 43 44 48 44 43 45 46 44 43 44 42 44 46 43 43 44
42 42 44 44 44 47 63 83 52 44 44 45 45 46 43 51 59 54 44 43 44 44 43 43 46 44 44
43 44 46 45 48 52 118 185 132 60 51 48 50 54 57 113 160 129 47 46 45 44 43 44 48 44 44
43 44 45 47 46 47 71 102 101 51 48 48 45 49 57 106 117 105 50 45 46 45 42 43 44 44 46
43 44 47 44 45 46 66 85 79 52 46 47 46 47 53 67 77 58 51 44 43 44 43 43 44 44 46
44 46 44 45 52 52 114 155 185 118 60 56 58 61 95 152 132 108 51 50 46 44 45 46 44 51 45
48 46 44 45 46 52 105 165 208 118 62 62 63 64 110 174 155 116 54 46 45 44 45 44 45 50 45
42 46 42 43 45 45 54 75 96 63 50 47 54 50 65 101 115 74 46 43 44 42 44 44 45 44 46
44 44 48 43 46 49 86 125 130 125 100 63 68 106 121 178 136 75 49 50 46 44 44 44 44 45 45
48 56 50 50 52 60 191 276 270 280 287 222 189 268 251 302 278 206 63 49 47 48 51 48 46 46 47
47 49 48 48 50 56 125 227 227 200 199 190 174 280 206 224 190 141 56 46 46 45 43 46 49 46 46
43 44 45 45 45 46 55 80 93 110 100 93 84 130 93 90 67 52 45 41 45 43 44 48 44 43 44
44 47 46 47 48 51 81 149 154 155 158 162 148 164 136 168 124 89 47 46 46 45 50 45 43 44 45
44 48 48 47 47 51 77 147 165 164 168 210 175 176 144 185 125 78 49 50 46 46 46 44 44 45 46
43 48 46 46 46 46 56 84 118 129 123 167 149 146 130 117 69 52 44 44 45 45 45 44 44 43 44
43 43 45 47 46 44 48 51 59 88 111 128 117 108 83 56 47 46 44 44 43 44 48 44 43 44 44
44 50 46 44 46 46 52 63 67 150 143 168 160 175 100 65 53 49 44 47 43 44 46 44 45 45 44
44 45 45 44 45 46 51 55 55 87 132 138 107 122 69 53 51 47 44 46 44 44 45 41 44 49 45
46 43 45 44 43 43 44 45 46 52 70 65 56 52 47 44 43 43 46 42 43 44 44 44 41 44 44
42 44 46 44 46 44 43 44 45 51 59 50 49 56 46 43 42 43 44 43 44 41 43 48 43 42 44
42 43 45 43 45 50 49 51 55 96 119 85 74 80 61 49 46 44 44 43 44 44 42 44 48 44 43
44 44 44 44 44 46 47 54 58 108 109 75 71 78 60 49 46 44 44 44 44 44 41 44 49 45 43
42 41 44 48 44 43 45 44 47 63 61 49 48 52 50 45 43 43 48 44 43 43 42 43 43 44 44
43 45 45 44 45 45 49 53 79 129 118 72 82 87 69 52 48 46 49 45 43 43 44 44 44 42 44
44 47 45 46 50 48 60 83 162 182 191 134 120 124 85 63 54 51 46 50 46 44 46 44 44 45 44
44 45 45 42 45 46 51 72 85 97 110 86 73 64 57 57 49 46 43 43 44 43 45 43 44 47 44
43 47 43 44 46 45 56 75 86 86 85 65 69 71 78 63 50 51 45 43 44 43 43 46 44 44 46
47 50 51 46 51 56 177 222 190 170 140 130 139 151 131 154 102 63 49 45 46 45 46 47 45 46 49
46 50 48 47 52 64 220 233 205 151 116 99 117 132 127 151 97 60 45 46 48 46 49 46 44 44 45
44 45 45 45 46 51 85 126 114 76 54 57 68 98 103 108 62 52 40 44 50 44 44 44 44 44 45
46 52 49 49 60 138 191 270 256 155 80 85 138 216 167 177 151 99 55 43 47 52 48 46 50 46 46
46 51 48 52 95 180 191 209 161 99 73 75 134 204 162 165 176 138 52 50 47 48 47 46 46 55 48
43 45 44 47 52 53 53 61 55 51 48 46 53 62 63 62 62 63 48 48 46 46 45 43 43 52 46
43 51 51 64 58 48 47 49 49 49 46 50 57 50 48 52 51 63 69 63 57 53 52 47 45 51 45
57 100 91 105 85 66 71 75 79 77 69 87 81 68 71 69 79 107 115 116 114 84 83 63 50 48 49
72 142 105 110 82 71 74 73 72 76 73 73 66 60 58 55 63 62 72 72 63 59 69 54 49 47 53
57 83 67 66 56 54 52 51 47 50 53 51 47 47 46 46 50 49 48 64 53 50 53 46 48 50 46
60 90 73 67 61 68 61 59 60 56 58 70 58 52 53 53 53 57 58 78 66 64 70 64 56 45 48
153 197 124 102 111 122 107 104 110 97 99 121 97 74 74 73 65 67 67 60 81 59 71 68 55 49 46
141 193 104 89 89 96 94 86 78 74 79 89 68 60 61 58 52 52 50 52 55 57 48 51 47 47 45
69 73 63 57 53 58 59 54 53 53 55 56 51 50 53 48 46 46 47 50 46 57 61 50 53 46 43
66 77 70 71 62 60 74 73 71 68 64 73 72 67 58 63 58 68 66 63 53 79 80 63 65 58 46
72 114 134 108 99 92 94 98 90 92 85 95 91 86 80 85 85 91 72 65 61 93 70 69 61 53 48
65 109 83 93 95 75 76 71 66 64 61 60 59 61 58 61 59 60 52 55 50 53 49 48 51 51 47
46 57 48 52 49 50 54 50 46 47 48 46 48 45 49 54 48 49 46 45 47 47 47 44 52 56 56
44 52 46 50 51 47 50 55 49 48 48 47 48 50 52 52 48 55 49 45 54 56 58 63 65 83 110
