42 63 187 101 49 46 45 43 44 44 44 43 44 43 44 43 40 43 49 44 43 43 42 43 44 46 46
44 55 98 74 45 44 45 44 43 42 44 46 44 42 43 43 43 40 43 49 45 43 44 42 43 44 46
43 58 95 72 49 45 44 41 43 48 44 42 44 44 44 43 43 42 44 38 43 48 44 44 44 42 44
43 64 138 95 50 46 46 46 44 44 44 42 43 44 44 43 43 43 44 44 43 43 46 44 45 44 43
44 65 144 75 47 46 45 44 44 44 45 44 43 43 44 44 43 47 44 42 48 44 43 43 41 44 49
54 197 455 212 64 56 52 49 45 46 48 44 43 44 44 44 43 44 44 44 42 44 48 44 43 44 44
62 409 612 331 93 64 57 54 50 47 46 44 45 46 45 44 44 44 45 44 44 45 46 44 46 45 43
55 166 277 163 60 51 48 47 46 45 44 41 44 49 44 42 42 43 44 42 44 46 44 45 44 42 43
48 109 100 101 55 47 46 45 44 42 44 48 44 42 44 42 44 42 45 43 44 44 44 43 44 41 43
63 141 124 117 87 51 48 46 45 42 44 49 44 42 43 42 43 43 47 42 43 43 43 44 41 44 49
68 200 175 152 105 54 50 48 46 46 42 44 49 44 43 43 39 44 45 43 43 43 45 44 44 44 43
50 141 123 97 65 46 46 45 45 45 42 43 49 44 42 43 43 42 43 43 44 43 43 44 48 44 43
74 429 351 178 76 59 59 52 49 46 44 44 45 44 44 44 45 44 43 44 44 44 45 42 44 44 44
100 931 531 212 95 72 70 59 54 50 46 44 45 44 45 46 44 45 44 44 46 45 46 42 45 50 46
47 128 95 56 54 46 46 45 43 43 44 43 44 42 44 46 42 43 44 47 45 44 44 42 43 44 44
45 91 108 51 44 46 50 45 42 44 44 43 44 42 44 47 43 43 44 48 45 42 43 42 43 44 42
54 105 148 63 50 57 48 46 45 43 44 44 44 43 47 44 42 43 39 43 49 43 43 43 43 43 44
50 81 127 75 54 47 47 52 46 43 44 43 44 44 42 43 42 43 46 43 49 44 42 44 42 43 44
43 54 85 57 46 46 51 44 42 43 43 43 44 42 44 47 40 43 48 44 43 43 42 43 44 43 44
52 95 183 167 133 85 60 52 50 47 46 44 45 44 43 43 42 43 47 44 43 43 44 43 44 43 44
70 214 446 387 357 314 130 85 73 64 52 47 45 43 45 44 44 42 45 49 46 44 45 44 45 45 45
60 129 257 321 316 259 131 80 69 59 51 46 43 44 45 44 42 43 44 39 45 50 45 44 44 43 44
50 68 151 112 130 117 105 79 60 51 47 44 44 44 43 44 44 42 42 44 42 44 48 44 43 44 43
53 92 166 135 106 116 124 99 90 61 54 47 44 44 44 44 44 44 42 44 42 44 50 44 43 45 43
58 94 120 135 122 126 139 121 140 73 60 47 44 44 45 44 43 44 42 44 49 44 44 44 42 44 45
51 64 73 106 159 184 231 201 184 97 61 44 45 44 45 44 43 44 42 44 47 44 46 44 43 44 44
61 79 95 141 341 415 485 376 351 246 106 53 46 50 45 44 43 45 45 45 46 45 46 48 45 44 45
68 93 118 204 336 536 621 566 489 421 310 99 50 46 47 45 45 46 48 46 46 47 46 47 46 44 46
68 83 96 120 209 461 530 639 492 373 220 74 47 47 46 45 46 44 45 43 45 46 46 46 43 46 49
47 56 54 59 69 99 173 192 178 145 96 57 49 44 43 43 43 43 44 44 44 44 44 43 41 44 42
45 53 51 57 59 71 97 103 86 92 84 69 47 44 42 43 42 42 43 44 44 44 41 44 48 44 43
46 50 53 55 55 70 95 137 98 100 94 62 44 43 44 46 43 44 42 43 45 44 44 44 40 44 45
43 46 44 49 54 59 76 93 118 97 94 57 44 41 44 48 42 43 43 43 45 43 44 43 44 45 44
53 59 63 70 84 109 192 391 433 275 102 49 45 45 42 44 43 43 44 43 44 44 45 44 44 44 45
48 54 61 64 74 90 148 276 291 232 98 46 45 49 44 43 45 44 45 47 45 42 44 43 44 44 42
49 52 56 59 68 88 145 217 242 215 79 47 42 44 49 44 42 43 42 44 47 44 43 43 43 44 44
43 46 49 50 54 59 81 120 152 92 51 44 44 43 42 44 42 44 44 43 47 44 42 43 43 44 44
43 45 46 47 49 59 73 78 81 69 48 44 44 41 44 49 43 43 46 44 43 43 43 43 44 42 44
47 50 52 55 57 73 107 121 102 78 54 45 44 43 43 43 45 43 45 44 43 43 43 44 44 42 44
48 51 50 54 61 89 119 149 117 81 51 44 44 42 43 44 42 43 44 46 44 42 43 43 43 44 43
48 54 59 65 74 108 182 268 225 96 56 46 44 43 44 42 42 43 44 40 44 48 44 43 44 43 44
56 65 74 87 110 220 321 393 364 217 70 48 45 45 43 44 44 44 42 44 43 45 50 45 44 44 44
64 75 76 91 118 236 336 393 337 193 70 48 45 44 44 44 43 43 41 44 43 44 50 45 44 44 44
65 59 58 63 71 107 154 235 151 81 53 45 44 43 44 43 43 43 41 44 49 44 43 44 42 44 44
90 85 70 61 59 75 100 119 102 68 49 45 41 44 45 44 42 44 42 44 49 44 43 44 42 43 45
145 151 133 124 84 99 114 116 100 65 50 46 45 44 44 42 43 44 44 41 44 50 45 44 44 43 44
124 149 129 150 116 104 125 112 102 59 50 45 44 44 44 44 42 46 44 45 45 42 44 49 44 44 44
59 91 136 141 157 148 108 109 74 63 50 44 45 43 43 44 43 43 48 42 44 45 44 44 48 44 44
82 133 268 386 483 440 338 279 167 100 70 50 46 45 46 45 45 45 48 44 46 46 46 46 46 48 47
85 144 259 526 571 524 414 300 163 108 71 51 47 45 45 45 43 46 44 49 45 46 47 46 46 48 47
63 87 115 212 391 537 281 143 112 83 62 47 45 47 45 44 44 44 45 44 46 46 44 45 48 46 45
61 78 93 123 372 418 205 114 93 73 57 47 45 43 44 46 42 43 44 44 45 43 46 48 45 46 45
83 99 83 96 138 146 110 79 65 55 48 46 45 44 42 44 44 44 44 44 45 44 45 43 45 48 45
254 359 138 103 92 87 79 67 60 52 47 43 45 48 45 43 44 44 44 46 46 44 45 46 46 46 43
372 481 125 93 74 68 66 58 54 50 46 45 42 44 49 45 44 43 46 45 47 46 46 45 45 44 46
113 123 77 85 63 59 59 50 49 47 45 45 43 44 47 44 43 44 46 44 48 50 45 46 45 44 49
430 508 316 134 111 91 88 75 65 57 51 51 48 43 46 50 49 46 49 46 47 49 50 48 46 46 47
323 497 254 114 95 78 73 68 64 52 46 46 46 44 45 44 48 45 46 46 44 48 48 47 45 42 46
74 84 83 62 57 52 52 47 47 51 45 43 44 43 43 44 43 47 46 46 45 47 54 45 44 44 47
80 89 84 70 63 57 54 54 54 47 44 45 46 45 45 44 44 49 46 48 49 59 62 47 49 48 48
137 166 154 110 90 71 68 66 57 50 47 46 48 46 44 50 48 54 45 53 52 64 57 55 48 49 49
118 128 93 82 72 61 61 51 50 52 46 43 44 44 45 46 44 46 41 45 46 48 49 46 45 47 47
54 56 50 49 48 46 44 45 48 44 43 43 44 43 44 41 43 44 42 44 49 44 43 44 44 49 53
47 48 47 46 46 45 45 43 43 44 44 44 48 44 43 44 43 47 46 44 50 49 48 55 65 82 103
