43 48 44 42 44 43 43 44 44 44 46 44 45 44 42 43 42 42 44 44 46 45 45 44 45 46 46
43 47 44 44 44 40 44 49 44 42 44 43 44 44 43 44 42 43 44 42 44 44 44 44 41 46 51
44 44 44 42 44 48 44 43 44 43 44 44 44 44 45 44 42 43 38 43 50 44 43 43 44 45 45
43 44 44 42 44 48 44 42 44 43 44 44 44 44 47 44 42 42 39 44 50 44 43 43 43 44 46
42 44 44 44 42 44 48 44 43 44 43 43 45 44 44 46 42 42 43 38 44 49 44 43 44 42 44
43 43 44 44 44 44 42 44 48 44 43 44 43 43 44 44 40 43 49 44 43 43 43 43 44 43 45
42 43 44 44 43 43 44 44 44 42 45 47 45 43 44 44 43 41 44 49 44 43 44 42 43 44 46
43 43 44 43 46 44 44 43 46 44 42 43 44 44 45 42 42 43 44 43 44 42 44 45 44 44 46
42 43 46 43 46 44 42 43 43 43 44 41 44 49 44 45 45 43 43 47 45 42 44 43 43 44 42
43 43 44 44 44 44 44 44 44 46 44 44 44 43 44 53 55 44 41 44 43 43 47 44 44 43 43
43 42 45 44 44 44 44 44 46 45 46 47 47 50 58 327 127 47 46 45 46 46 46 47 46 46 46
47 44 42 43 43 43 44 43 43 44 42 44 45 46 66 138 46 45 42 44 49 44 45 44 42 44 44
43 44 45 44 45 44 42 43 44 44 44 42 46 50 88 56 43 43 44 42 44 46 44 46 44 43 43
43 40 44 45 45 46 44 42 43 45 46 48 50 50 209 168 50 46 46 43 46 50 46 47 45 45 44
46 43 44 44 43 43 43 43 44 42 45 51 48 46 144 120 50 45 46 43 44 45 45 45 42 46 50
42 44 44 46 44 42 43 43 43 44 42 43 44 44 46 48 43 43 46 42 43 44 43 43 43 44 46
43 49 44 42 44 43 44 44 43 44 44 45 47 47 48 99 81 54 46 47 43 44 46 44 44 43 44
40 44 49 44 44 44 43 43 44 45 46 45 48 52 52 151 136 108 57 52 52 48 44 48 50 45 43
42 42 43 44 44 44 41 43 48 44 42 43 44 44 45 45 45 56 46 45 49 44 43 43 42 43 44
43 42 50 44 43 44 43 43 44 44 44 45 45 46 45 44 44 55 110 74 49 45 45 44 44 42 44
44 44 44 44 45 43 44 48 44 43 46 48 50 49 47 52 50 70 278 242 128 78 58 51 46 51 53
43 43 44 41 45 49 44 42 44 44 46 49 49 50 53 49 46 49 94 174 201 196 84 62 50 49 57
43 44 44 42 44 47 45 42 43 44 45 46 45 46 51 46 42 45 44 61 110 122 87 62 47 47 53
43 44 46 44 42 45 49 44 44 46 48 54 55 52 55 60 50 53 62 77 158 207 206 191 96 63 55
43 45 45 44 44 46 49 44 44 46 52 64 63 60 70 72 62 63 72 77 136 211 224 284 252 108 81
43 44 43 44 44 44 45 43 44 45 46 50 50 47 49 50 46 45 49 54 61 122 112 147 128 99 99
43 44 42 43 44 43 44 44 44 47 50 57 65 52 61 61 51 52 51 56 60 86 124 152 104 68 64
44 46 46 46 47 47 47 46 47 66 198 271 226 206 272 384 265 183 156 185 198 251 230 236 212 177 190
45 46 45 46 46 46 46 45 46 82 213 274 245 293 256 238 191 168 145 177 163 207 216 213 144 153 142
44 43 44 44 44 44 43 44 49 59 124 232 282 172 113 108 85 86 81 77 76 92 89 72 55 53 53
44 45 45 45 45 44 45 45 46 125 150 192 207 166 137 154 123 130 111 127 106 124 114 95 60 54 55
44 45 44 45 47 45 44 44 50 156 149 185 159 171 162 161 130 99 91 102 94 111 77 66 56 51 58
42 41 44 44 44 44 44 44 43 110 127 144 135 125 136 91 68 55 53 51 52 55 51 53 49 46 46
43 40 44 45 45 46 44 42 43 55 129 167 132 76 63 52 47 46 46 47 47 48 46 47 50 46 46
43 43 44 47 45 43 44 45 45 62 189 230 238 120 76 61 54 51 54 50 50 55 50 52 53 49 55
43 47 44 42 44 43 44 46 44 57 176 179 180 104 76 59 52 51 49 56 48 52 51 54 51 54 52
40 43 48 44 43 43 43 43 44 48 74 94 100 73 59 49 43 46 46 48 44 45 47 47 51 44 45
40 43 49 44 44 44 42 43 44 47 66 81 82 72 58 48 44 46 44 45 47 47 49 59 97 59 46
42 47 44 44 44 42 44 49 45 46 83 97 100 94 84 56 48 48 47 48 50 52 55 157 145 126 50
43 44 44 44 44 45 44 46 44 45 64 114 133 117 97 57 49 47 47 47 49 58 50 106 95 66 49
43 43 44 43 44 47 44 42 44 46 56 103 169 133 76 54 48 47 48 47 48 54 50 51 54 48 48
43 43 45 46 45 46 44 43 44 48 77 176 246 191 138 68 54 52 51 52 51 56 55 68 58 50 56
44 45 44 43 44 44 44 44 42 49 71 197 216 205 174 93 57 55 53 55 52 62 61 68 51 49 62
42 44 43 44 46 44 46 44 42 46 54 102 160 159 95 64 53 50 51 50 51 83 51 51 50 44 47
43 45 43 44 45 44 44 43 44 50 58 127 131 133 98 69 55 54 58 77 92 108 65 51 51 47 48
42 46 43 44 46 45 46 42 45 53 62 135 133 139 102 86 76 95 126 176 159 197 146 59 57 51 48
42 43 44 44 44 42 44 49 44 44 49 77 96 90 69 60 62 74 95 82 61 63 62 48 48 46 46
42 43 44 43 44 42 44 49 44 44 48 62 105 95 65 78 78 95 71 53 47 49 53 48 45 46 44
43 43 44 44 45 44 42 44 50 48 56 86 157 157 115 151 172 189 104 62 65 61 61 63 51 53 49
43 44 44 44 45 46 42 45 49 48 54 68 125 198 166 172 155 119 58 50 56 55 56 58 51 58 49
42 44 42 43 44 43 44 40 43 50 46 46 55 73 79 86 59 50 46 42 46 51 46 45 45 54 49
44 44 43 45 46 44 44 44 43 47 56 67 83 229 259 261 96 60 55 52 59 63 60 60 53 50 52
45 40 46 51 46 45 46 46 48 52 63 96 108 279 383 299 105 76 68 76 91 98 118 90 79 56 54
44 46 46 46 46 45 45 46 46 45 50 74 63 92 98 99 63 56 56 56 63 65 78 62 64 49 57
46 48 45 43 47 46 46 46 43 46 51 50 49 54 54 55 51 51 51 62 58 59 68 53 57 54 67
44 49 50 49 53 55 53 50 48 49 47 57 60 56 58 62 68 70 80 106 93 98 113 76 73 65 56
46 51 63 67 70 71 62 56 54 49 53 62 58 59 61 64 72 84 100 124 116 108 133 94 74 64 51
49 43 50 53 54 57 52 50 47 47 48 49 49 48 53 52 55 61 68 76 70 61 70 65 55 52 48
44 42 48 46 47 51 49 49 46 45 47 48 49 48 50 53 56 59 70 74 66 71 67 59 62 53 49
44 46 47 52 48 51 55 52 49 50 52 54 56 57 57 67 78 102 110 114 99 114 107 89 81 78 60
44 43 49 52 54 57 58 55 52 52 54 56 62 60 60 72 95 138 120 105 90 119 100 97 80 76 60
44 46 42 44 55 49 50 48 46 47 48 49 50 50 51 60 66 93 87 66 58 63 57 55 56 54 53
47 44 42 44 49 44 46 44 42 44 45 46 48 45 50 59 58 62 55 50 50 54 52 53 57 51 55
45 46 42 44 45 44 45 42 44 49 46 45 47 47 49 52 49 62 56 51 57 63 63 69 69 81 97
