43 42 44 44 44 45 50 63 348 122 53 48 46 46 45 44 42 44 43 44 43 44 48 44 42 45 45
41 42 42 44 44 44 49 49 69 51 45 44 44 42 43 46 42 43 44 40 44 48 44 43 44 43 45
49 43 45 44 43 43 46 61 88 72 46 50 45 43 44 43 42 43 46 41 43 43 44 44 40 44 49
43 47 44 44 44 45 46 62 78 83 46 48 45 45 45 42 43 43 47 42 43 44 43 44 46 44 44
42 47 44 42 44 43 45 59 75 63 46 45 45 44 43 43 42 43 43 46 42 42 44 43 43 44 44
40 43 49 44 43 44 50 132 127 60 46 46 44 44 44 44 42 43 43 44 43 43 46 44 44 44 42
43 45 42 46 51 51 100 412 391 147 55 52 51 46 47 50 42 43 43 44 45 44 45 44 44 46 44
43 45 44 45 46 46 85 301 267 108 51 50 49 47 46 42 42 43 43 43 45 42 44 45 44 44 44
42 43 46 44 46 45 55 88 84 56 48 42 45 50 44 42 43 43 44 46 45 42 43 43 43 44 41
43 44 44 43 46 54 99 116 98 102 54 46 45 46 44 44 43 44 43 45 44 42 43 43 43 44 41
43 44 44 46 48 50 170 181 140 120 60 49 46 47 51 44 43 45 45 44 48 44 42 43 43 44 44
42 43 44 44 44 46 113 134 111 96 50 47 47 44 44 49 42 43 44 46 44 42 44 44 44 44 42
45 42 44 46 46 49 204 268 146 74 50 48 48 46 46 42 48 44 43 43 43 43 44 44 44 41 44
44 46 44 48 51 59 575 541 291 124 67 57 56 52 48 46 44 44 45 44 45 45 44 44 44 44 46
42 44 44 46 45 49 245 279 118 63 50 48 48 46 46 44 44 43 44 40 44 48 44 45 43 42 44
41 43 43 43 45 44 74 94 48 46 45 43 44 44 44 43 44 42 43 43 45 43 44 43 43 44 43
42 44 46 44 47 44 103 124 57 47 47 44 45 45 43 44 42 44 41 43 42 43 49 43 43 43 43
43 42 44 44 45 47 90 108 88 50 47 46 46 45 45 43 45 43 45 41 44 41 44 44 44 44 44
43 42 44 44 44 44 54 79 80 49 44 44 45 44 44 42 42 43 42 43 49 44 42 43 42 43 44
44 46 53 45 44 46 76 127 115 68 50 48 47 47 45 42 43 43 44 40 44 48 44 43 43 42 44
44 48 51 51 56 76 263 417 343 271 108 67 63 61 52 47 44 44 45 42 45 49 45 44 44 43 44
48 46 46 51 52 67 207 370 419 341 147 77 68 62 53 48 43 44 46 42 45 45 44 45 43 45 48
43 46 47 46 48 52 105 114 142 115 104 73 55 50 48 44 43 42 47 42 43 44 42 43 48 44 44
43 46 45 46 49 64 148 147 135 128 125 101 68 56 57 45 44 44 43 49 43 43 45 42 44 49 44
43 46 45 49 50 57 116 135 135 118 123 112 92 61 66 46 42 45 44 44 42 44 48 44 44 45 43
42 52 43 48 52 50 63 101 123 110 131 136 122 68 57 51 42 44 44 43 45 42 44 46 44 44 46
42 48 49 51 51 54 63 88 194 232 284 229 188 113 71 50 42 43 44 44 45 42 44 49 45 44 45
43 49 53 63 63 69 86 159 430 426 442 446 372 344 193 98 47 46 48 47 46 46 45 45 46 47 44
44 44 48 64 60 64 70 93 181 295 384 362 305 312 207 106 47 45 45 44 45 44 45 45 44 46 49
43 42 47 57 52 52 55 59 79 146 222 308 216 182 98 64 42 44 44 44 44 44 43 43 44 44 45
43 45 43 47 52 47 49 55 66 90 105 109 108 111 82 82 46 42 44 43 44 44 44 43 44 44 45
44 44 45 46 47 47 50 54 66 86 88 100 94 117 92 92 50 44 44 44 43 43 44 44 43 44 44
42 47 43 46 47 47 47 46 56 78 78 114 102 103 85 69 42 43 49 44 43 43 42 43 44 44 44
44 48 43 50 50 51 51 52 59 72 128 193 205 200 99 56 44 48 44 43 44 42 43 44 44 44 44
43 45 46 57 56 57 57 67 74 86 238 392 353 247 119 75 45 44 45 44 45 46 44 48 45 44 44
42 43 45 50 49 50 50 56 57 63 106 188 175 181 63 52 44 43 41 43 44 43 47 44 42 43 44
42 43 44 45 45 45 43 46 51 49 59 85 84 76 49 42 43 42 44 40 43 44 40 43 47 44 42
43 44 46 45 45 45 44 45 49 47 57 62 66 66 50 43 42 43 44 43 47 44 42 43 43 43 44
42 44 49 46 44 45 45 46 48 49 65 73 70 66 49 45 43 43 44 42 44 43 44 44 43 43 43
44 43 45 46 45 47 47 48 49 48 74 88 79 71 50 44 43 41 43 48 44 43 44 42 42 44 44
43 44 43 50 48 50 48 47 52 61 79 136 145 113 56 47 44 43 46 43 44 44 41 44 43 44 44
43 44 44 54 57 127 71 58 66 82 193 218 245 204 80 54 44 43 46 44 45 44 41 44 50 45 43
44 46 47 57 141 427 254 175 92 88 129 179 192 166 71 51 47 45 44 49 44 45 46 42 44 50 46
43 44 46 50 85 214 164 141 77 64 61 73 79 69 54 46 43 44 44 44 41 44 50 44 43 44 44
42 44 41 49 84 130 78 104 81 87 73 80 78 77 66 51 42 43 44 44 45 41 44 48 44 44 44
43 43 47 67 126 110 63 123 108 94 93 96 85 75 76 54 46 44 47 45 44 43 43 43 44 44 44
43 44 47 85 151 74 58 86 116 109 99 100 102 105 76 46 44 43 44 40 44 46 44 46 44 43 44
44 45 46 65 68 58 55 61 74 98 184 244 255 250 118 57 43 44 46 42 44 44 44 44 44 45 50
44 49 48 82 82 65 64 70 86 193 384 329 370 302 193 81 43 44 44 44 44 44 44 44 46 46 46
44 48 48 123 104 79 66 73 87 148 349 391 492 386 202 63 42 46 44 47 45 44 45 44 46 44 46
44 46 47 85 70 64 58 62 72 87 174 332 532 292 88 56 47 44 44 44 44 44 45 44 46 48 45
43 48 46 129 73 63 59 63 73 87 133 301 508 393 85 58 46 45 43 44 45 44 45 44 45 50 45
44 47 54 115 73 49 54 55 63 62 71 112 155 95 60 51 43 49 45 42 44 44 45 44 43 44 47
43 51 87 346 177 58 63 70 61 62 63 70 92 67 54 47 45 45 43 50 46 44 44 43 44 46 44
43 46 60 152 94 56 50 53 51 51 50 51 53 49 48 45 43 44 39 44 50 44 43 44 42 43 48
42 53 56 66 57 66 62 56 56 51 49 51 50 47 46 45 44 44 46 47 41 46 46 44 47 44 44
42 51 69 136 95 95 101 104 101 79 69 67 61 56 53 46 46 47 51 51 48 47 47 45 44 44 46
44 52 65 121 69 92 117 110 93 72 68 70 60 55 49 45 44 46 46 46 51 48 46 46 43 44 45
46 48 48 60 52 58 69 69 62 54 53 54 50 49 46 45 44 42 47 52 46 55 53 43 44 45 44
48 46 54 57 54 63 79 78 69 65 55 52 53 54 47 50 47 51 51 50 50 56 63 44 45 53 49
47 49 68 73 74 84 102 110 92 84 69 63 63 61 52 58 58 60 56 59 52 65 51 52 49 49 49
46 63 62 69 78 81 98 95 74 68 64 57 53 53 51 55 56 55 46 52 46 54 49 46 49 49 55
48 45 48 49 53 56 55 57 52 49 51 47 46 47 49 48 47 50 46 45 44 46 50 45 47 50 55
43 45 41 48 54 50 49 52 49 47 48 47 47 51 48 47 45 47 45 44 45 46 48 56 58 75 97
