45 43 42 43 44 43 44 43 44 50 44 44 44 51 159 110 43 45 46 44 45 44 45 44 43 44 44
42 43 42 43 46 44 42 43 44 48 45 42 44 49 54 44 41 43 44 43 44 42 43 47 43 42 44
42 44 49 44 43 43 43 46 85 347 86 47 45 45 62 47 44 44 45 43 44 43 45 44 44 44 45
43 44 46 44 43 43 43 44 66 236 51 49 45 46 161 61 47 45 46 43 44 43 45 44 42 44 48
42 42 44 48 44 42 43 42 44 50 43 44 47 45 71 50 41 43 43 43 43 43 43 43 44 43 44
42 43 44 41 44 48 44 42 43 43 44 44 43 44 51 49 44 42 43 42 44 44 42 44 45 43 44
43 43 42 44 44 44 44 44 46 46 42 43 45 45 61 77 63 45 43 44 43 43 44 43 43 44 44
42 46 43 43 44 44 43 44 44 44 46 44 44 44 57 102 88 46 44 44 44 43 45 43 44 46 44
42 43 43 44 45 43 46 43 42 43 44 43 45 41 46 63 58 44 44 43 44 46 44 42 43 43 43
42 43 44 44 44 44 45 45 47 46 47 47 58 50 50 74 122 62 45 50 45 43 44 42 43 44 44
44 46 47 47 51 68 94 100 95 112 129 134 136 128 88 160 366 263 63 53 57 52 53 47 44 44 46
43 43 44 45 43 45 46 51 51 53 56 57 58 56 57 75 202 225 74 50 49 46 47 45 44 44 44
45 51 53 46 55 57 58 59 53 55 61 50 49 47 47 48 67 107 71 47 46 45 44 44 43 44 44
54 65 81 70 88 89 108 104 105 85 83 81 80 95 79 71 104 145 160 63 51 50 49 45 44 44 45
43 43 46 45 47 48 51 57 61 59 62 58 56 65 66 66 119 129 157 78 51 47 49 48 44 44 44
45 43 42 43 44 43 44 43 44 47 45 44 45 45 45 45 55 79 93 51 46 49 45 44 43 42 43
44 47 53 47 52 51 60 60 60 72 61 52 50 52 51 51 58 114 237 147 54 53 54 45 46 44 43
47 44 45 45 46 47 55 55 56 61 58 56 51 55 52 53 57 91 244 292 70 57 56 46 42 45 49
42 42 44 42 44 44 44 44 41 44 48 44 43 43 44 44 43 45 54 73 44 44 49 43 42 43 42
42 44 43 47 59 53 51 53 47 48 49 45 47 47 47 45 44 46 59 75 49 46 46 43 46 43 42
44 51 64 50 58 71 78 76 67 72 74 58 59 61 62 47 50 59 95 99 67 56 49 47 44 42 44
44 44 47 44 44 46 47 47 46 44 48 52 48 46 48 46 51 59 102 98 74 54 48 46 45 44 43
42 43 43 44 42 43 49 44 42 44 43 44 45 42 45 49 45 49 53 54 55 56 46 42 43 42 43
43 44 46 46 48 43 48 54 58 62 60 56 55 58 57 59 66 132 203 225 196 89 61 48 46 45 44
44 48 46 46 48 46 49 49 54 59 55 57 63 68 71 76 84 178 273 364 249 130 71 56 59 47 46
43 42 42 44 44 44 48 45 45 45 44 45 46 46 48 50 56 75 131 124 101 57 53 45 44 44 44
43 44 42 44 43 44 50 46 45 46 46 48 52 56 69 70 71 84 98 104 146 126 65 48 45 49 44
44 44 43 45 50 45 49 50 50 57 60 75 86 102 104 104 112 106 110 136 156 113 86 70 62 44 45
43 44 44 44 42 44 50 45 44 46 46 49 55 74 84 94 93 84 87 92 87 78 54 49 47 44 44
42 43 44 41 44 49 44 43 44 44 45 46 46 53 62 72 81 105 80 58 56 50 47 45 43 43 45
43 45 46 45 46 44 47 54 48 49 53 56 63 79 81 182 178 187 194 128 64 60 60 53 54 45 48
46 47 50 46 48 49 60 79 77 87 91 108 109 169 192 280 210 235 209 124 78 68 68 67 63 45 46
43 45 46 45 46 45 50 57 61 63 63 73 83 123 143 145 150 162 113 62 54 55 55 48 46 44 45
43 45 44 45 44 45 49 55 60 69 67 82 76 97 100 83 77 78 76 59 50 48 50 46 45 44 44
44 47 47 54 50 49 65 88 85 84 80 80 76 106 97 82 74 76 67 51 52 55 53 62 46 43 44
42 44 45 46 48 48 57 74 73 77 74 79 71 88 82 75 67 64 54 50 47 48 57 61 44 44 43
42 42 43 43 45 45 44 46 49 47 47 51 56 69 68 66 53 60 44 46 44 46 56 47 44 43 42
43 45 45 46 50 54 56 74 74 78 73 80 86 96 97 97 83 79 55 54 57 56 142 92 43 43 45
45 52 50 49 58 61 82 104 87 100 99 92 101 101 89 86 73 65 58 60 64 67 248 219 43 44 45
43 44 48 44 45 45 46 48 47 49 51 50 55 61 56 51 48 47 48 44 47 53 88 87 43 42 43
47 44 46 44 44 45 46 49 49 47 51 56 56 56 57 53 56 49 53 49 49 62 102 110 44 41 44
50 49 48 50 54 66 64 83 78 74 78 73 81 78 69 64 65 59 65 60 63 96 267 127 42 45 50
44 53 47 47 51 56 59 65 63 63 59 60 67 68 63 60 61 57 57 54 55 95 134 62 42 44 42
43 48 45 44 45 43 44 45 45 45 43 46 50 47 48 50 47 45 47 46 47 57 74 48 49 44 43
45 45 43 46 47 47 54 53 52 57 61 76 83 90 83 98 93 100 99 75 72 158 310 79 42 45 48
44 46 44 52 50 50 59 69 68 75 82 110 120 116 110 120 133 159 161 104 91 223 357 110 46 48 48
42 44 44 44 48 44 44 46 45 46 47 47 53 59 58 61 65 71 81 71 58 99 126 53 44 44 44
43 50 50 45 48 46 46 48 49 50 55 55 70 76 76 88 85 92 100 117 94 168 167 67 44 46 43
45 47 47 46 51 55 63 74 75 82 90 90 98 92 87 85 94 100 121 142 176 221 186 72 45 47 46
43 54 46 48 50 46 53 63 58 63 67 70 81 82 70 84 88 108 140 193 185 166 159 60 45 46 46
45 46 47 47 47 48 53 52 50 53 54 57 60 59 66 85 84 116 226 327 239 268 204 59 46 46 47
54 49 56 57 54 56 60 67 64 73 83 97 107 111 111 140 126 207 358 423 497 646 480 111 51 49 51
66 51 56 58 59 67 72 78 71 79 77 91 92 83 81 92 97 144 251 387 433 445 444 94 50 49 46
43 46 46 46 49 47 47 48 52 46 46 48 48 49 49 50 53 62 72 104 121 113 78 47 45 43 44
42 51 49 47 53 49 49 54 46 46 48 47 49 50 50 58 62 69 82 125 122 104 85 51 47 46 44
43 46 53 55 63 59 55 55 52 58 55 54 57 57 64 83 90 95 102 132 109 114 104 63 59 50 48
44 52 55 63 70 59 49 58 57 54 54 57 56 59 66 77 82 82 81 86 81 73 68 56 50 48 46
42 46 53 51 50 49 46 48 48 47 47 47 46 49 53 56 56 60 59 60 61 58 52 50 45 45 45
45 44 54 50 47 49 49 51 49 47 47 48 50 52 53 60 63 67 69 62 60 70 60 52 47 44 44
49 44 52 56 54 59 63 63 58 52 54 56 63 67 71 97 111 126 103 96 78 81 78 65 53 51 50
46 45 55 56 58 63 62 64 60 63 57 62 71 76 95 147 192 218 132 108 87 98 77 67 58 51 54
44 47 46 45 51 49 51 51 49 51 53 52 56 59 69 115 122 147 103 73 65 71 61 51 48 48 52
43 49 45 43 46 46 46 47 47 47 49 50 53 54 60 95 97 102 75 66 62 69 60 53 52 50 59
44 44 42 45 44 46 51 48 46 48 49 52 56 68 81 112 150 122 87 84 78 94 78 61 64 79 118
