43 41 44 48 44 45 84 56 44 45 46 45 45 54 76 68 45 43 43 42 44 43 44 43 43 43 44
43 47 43 43 45 60 182 76 46 47 46 44 45 48 67 152 56 50 44 42 44 42 43 44 43 44 46
42 43 46 45 46 57 191 91 49 46 46 46 47 49 102 303 59 48 43 45 45 44 47 44 42 44 45
42 44 44 43 45 49 85 54 46 49 45 43 45 45 66 178 54 45 40 43 46 44 46 44 42 43 44
42 42 43 44 44 51 77 51 47 44 43 43 45 45 47 58 49 43 43 40 44 42 43 47 43 42 43
43 44 45 42 45 106 148 72 45 46 48 45 44 46 60 93 71 45 46 44 46 44 43 43 43 43 44
42 44 48 44 44 110 128 79 48 45 46 50 46 46 74 112 118 46 44 43 45 47 44 42 43 43 44
43 42 44 43 45 66 72 52 50 44 44 44 44 44 52 79 74 44 43 43 44 43 44 40 43 48 44
42 44 42 44 59 110 112 74 45 44 45 45 46 46 52 70 61 46 44 49 45 42 44 42 43 44 43
43 44 47 43 102 224 236 172 56 49 50 54 50 52 122 174 166 68 47 45 46 44 43 44 49 44 44
43 44 47 44 77 179 212 134 52 52 54 49 49 52 113 196 204 111 49 48 46 44 45 41 44 49 45
46 44 48 44 58 103 110 59 46 45 45 44 50 45 51 72 69 60 44 46 42 43 48 43 42 44 44
43 49 44 50 103 197 160 95 49 47 47 46 47 51 65 96 106 65 47 46 45 41 44 49 44 45 44
44 43 56 43 69 163 161 70 49 46 46 46 48 48 59 103 130 73 49 46 49 42 44 48 44 44 45
40 43 49 44 44 51 56 46 45 44 44 44 44 46 46 54 68 52 45 44 44 43 43 43 43 44 46
42 40 44 48 44 44 46 42 43 44 44 44 43 43 43 45 47 44 44 42 44 42 44 44 43 45 50
42 42 50 49 48 67 59 44 44 44 44 44 46 44 46 46 52 47 44 44 44 43 43 43 44 43 48
42 43 42 43 52 54 60 45 43 44 44 44 44 44 45 49 49 52 42 46 44 43 46 44 42 43 49
42 44 41 43 50 53 59 46 43 44 44 43 44 46 45 51 51 46 43 43 43 43 44 43 43 42 49
43 46 44 44 47 127 161 95 51 53 49 46 47 49 64 103 79 56 45 44 45 44 43 43 44 43 48
44 49 47 46 55 228 201 173 70 55 52 50 52 58 132 149 162 95 46 44 46 45 45 44 43 44 52
42 44 50 44 53 116 170 150 71 54 52 51 52 58 152 172 154 93 42 46 46 44 46 44 44 43 45
42 43 46 45 46 91 107 84 60 47 46 46 47 50 66 75 65 55 40 44 48 43 45 44 42 43 46
43 47 70 59 78 275 340 298 227 93 64 65 67 123 282 247 151 91 53 48 49 48 46 46 45 45 53
44 65 319 91 83 275 373 335 305 117 77 76 82 208 377 319 238 206 96 85 62 50 46 46 46 47 48
44 54 58 48 50 85 169 179 126 64 59 63 62 117 202 211 159 130 55 52 51 56 46 43 44 44 45
43 50 52 50 65 166 191 137 159 106 63 65 75 165 171 185 156 84 50 52 48 53 45 43 44 45 45
46 82 62 55 62 190 223 188 176 159 95 109 127 197 185 218 194 103 67 51 111 59 44 45 50 46 46
44 70 87 49 53 99 158 153 142 139 78 83 116 192 149 162 123 63 56 66 125 50 44 44 47 45 44
43 45 82 75 50 91 143 190 142 165 117 100 102 161 105 102 70 51 46 63 54 46 45 42 44 48 45
49 48 102 103 60 147 238 307 244 258 248 255 246 287 206 238 143 63 51 99 58 47 50 46 45 46 47
46 59 54 59 58 96 168 263 257 289 294 319 254 285 200 232 133 62 51 74 52 46 47 50 46 46 48
45 44 52 47 50 62 108 166 188 200 173 191 190 191 141 137 69 53 48 52 48 45 47 47 45 44 44
44 42 62 50 49 60 97 146 122 130 109 127 128 130 128 103 67 49 46 56 46 45 42 44 49 46 44
44 42 47 55 48 50 69 93 98 99 94 96 99 126 91 72 54 48 48 59 46 45 44 44 41 44 52
44 47 46 52 45 43 47 52 58 57 53 56 56 55 49 47 40 43 44 49 42 43 44 43 44 41 44
42 44 50 49 49 47 48 53 59 73 92 86 63 58 50 49 43 44 44 51 42 43 44 43 44 41 44
42 44 49 49 49 45 44 46 49 63 70 69 56 53 47 45 44 44 43 48 44 43 44 41 43 50 45
42 47 43 64 55 43 45 49 46 53 55 48 49 48 46 45 42 43 50 65 44 42 43 43 44 41 44
43 53 44 173 124 51 50 55 57 76 72 53 60 57 49 50 46 46 56 131 46 44 44 47 44 45 50
43 53 46 163 108 54 47 46 47 51 51 47 47 47 46 46 44 44 54 107 46 44 44 44 44 42 44
43 47 46 156 264 54 46 46 50 52 56 48 50 50 50 48 46 45 104 196 50 44 44 44 43 43 44
42 44 44 73 127 51 51 48 56 68 63 48 52 51 49 48 46 45 67 88 45 44 45 43 43 44 42
42 43 43 48 51 45 50 45 47 50 47 45 48 46 46 47 40 43 51 48 44 43 42 43 44 43 44
44 43 46 47 61 49 50 66 95 93 105 72 71 76 74 64 51 45 55 73 46 44 44 44 44 44 44
42 44 46 50 79 57 61 124 155 155 141 111 112 115 111 97 71 52 57 79 50 46 44 43 45 45 43
42 43 44 44 54 48 51 78 98 97 77 58 55 60 61 60 50 46 46 49 45 44 44 43 43 44 44
42 44 45 46 47 51 56 86 132 101 91 83 66 71 95 106 78 50 46 61 45 44 47 44 46 44 43
45 47 56 53 58 81 108 224 488 357 257 241 208 192 229 362 246 94 55 83 54 49 48 46 47 49 47
44 50 50 47 51 62 86 164 281 246 159 124 105 110 140 199 145 66 49 52 48 45 46 47 46 46 46
46 44 43 43 44 45 47 52 62 68 61 52 48 49 64 67 48 47 46 44 46 45 44 46 44 42 43
43 42 46 46 46 53 63 78 92 156 126 83 69 92 127 185 84 94 57 49 45 44 45 44 44 43 45
43 47 46 46 49 56 74 84 98 180 145 111 98 116 135 180 82 81 56 50 47 44 45 44 45 45 42
41 44 45 46 46 49 56 64 75 93 80 75 76 79 72 80 61 54 50 44 45 45 44 46 44 44 46
43 50 45 44 46 49 53 56 62 68 66 69 68 69 66 73 59 51 49 53 45 44 46 44 46 44 44
41 56 52 49 62 82 91 92 108 108 123 134 128 118 115 118 95 68 59 67 51 50 54 47 51 46 45
40 46 55 54 65 78 79 96 95 100 121 142 135 114 102 97 81 62 56 54 51 47 50 44 47 50 45
42 47 45 46 49 47 54 62 57 58 58 67 62 60 59 54 50 50 48 46 47 46 47 45 47 48 44
42 48 47 47 49 48 58 63 57 56 56 64 65 65 57 61 54 55 54 47 49 51 57 51 47 45 48
43 48 56 61 66 77 86 86 82 79 85 104 108 115 92 98 85 89 68 62 60 66 62 61 61 52 43
43 44 56 66 69 78 82 79 83 84 89 112 120 125 101 110 100 110 66 64 58 62 53 56 60 50 48
43 44 46 48 54 52 59 55 54 58 59 66 68 66 65 71 63 70 51 51 43 55 53 47 49 46 48
44 44 45 46 44 50 57 55 51 53 56 60 61 59 63 76 61 69 61 49 49 52 50 49 51 50 62
44 44 46 46 46 53 65 68 61 63 64 76 73 89 94 95 96 85 62 56 63 69 64 56 68 72 116
