42 44 44 44 44 44 43 44 45 46 64 59 46 49 46 44 133 268 53 46 46 42 45 48 45 44 45
43 40 44 41 44 48 44 43 44 45 71 160 48 44 48 45 51 68 46 44 45 44 41 45 48 44 44
46 43 46 50 47 46 48 50 51 53 148 1248 383 58 53 85 70 74 54 48 50 51 47 45 42 45 50
44 49 44 46 45 44 46 46 47 51 74 421 211 58 47 72 128 325 54 49 44 47 51 44 44 44 44
42 42 43 43 44 44 41 44 43 44 47 56 46 44 49 44 43 62 43 44 42 43 44 43 43 41 44
41 43 45 44 46 43 42 43 43 46 55 53 47 49 44 42 48 55 44 43 44 43 44 42 43 48 44
42 46 42 44 45 42 44 46 45 67 89 76 49 49 45 45 68 85 53 46 45 44 44 41 43 49 44
42 45 43 44 45 42 44 47 44 56 68 53 46 46 44 46 72 97 72 52 46 44 44 44 41 44 49
42 43 44 42 44 46 44 45 44 44 46 44 44 44 44 44 48 73 66 40 44 47 44 44 43 42 43
42 43 44 42 45 48 44 44 45 68 69 46 46 45 44 45 58 114 132 48 50 45 44 43 42 43 44
43 44 45 45 44 45 48 47 50 100 97 55 50 49 48 51 113 237 449 104 50 51 49 44 45 44 43
42 43 44 44 42 44 49 45 46 53 49 46 47 46 46 46 57 127 251 94 47 46 43 43 43 44 44
43 43 46 44 43 42 44 44 47 63 59 51 45 43 44 43 54 91 87 57 45 44 45 43 42 43 44
42 43 43 44 44 44 45 45 62 92 83 56 47 45 45 46 86 124 133 118 49 45 44 42 43 44 44
41 43 43 44 45 44 45 43 47 66 60 46 46 46 45 46 89 131 141 109 49 46 44 44 44 49 44
41 43 43 43 44 43 44 43 45 48 45 43 44 44 44 45 46 76 87 60 45 44 44 43 46 43 42
43 42 44 42 44 44 44 44 45 47 50 46 45 45 45 46 56 142 142 66 46 45 44 43 43 44 44
43 42 43 42 44 44 43 44 46 46 47 46 44 44 44 47 53 84 114 53 48 44 44 43 44 46 44
47 43 42 43 43 43 44 43 44 43 44 46 44 42 43 43 41 44 46 44 45 42 43 47 43 42 43
43 43 43 43 40 43 48 43 42 44 44 44 45 42 44 50 42 45 48 45 45 44 44 46 44 42 43
43 40 44 43 44 46 45 42 45 45 46 47 44 45 49 49 45 51 56 50 46 46 42 44 47 44 42
42 43 44 43 48 43 42 43 44 45 46 42 45 49 44 44 45 50 58 46 45 46 44 44 40 44 48
42 47 44 43 44 42 44 44 46 47 44 46 49 44 43 44 40 57 58 51 43 43 44 43 44 41 44
42 44 45 45 45 46 51 59 93 109 114 80 63 54 51 51 68 136 127 96 50 52 46 44 46 42 44
41 44 51 45 48 63 76 86 151 159 157 116 89 66 51 53 88 146 133 113 60 63 47 43 46 51 45
42 47 43 44 45 45 47 51 66 67 76 71 57 46 46 44 48 56 58 54 50 46 44 40 43 49 44
43 47 44 47 53 58 76 83 84 82 78 81 85 64 50 50 80 81 90 100 73 69 50 45 41 44 49
44 44 47 56 62 86 98 101 103 109 103 99 93 88 61 66 106 97 100 105 110 124 90 55 44 45 42
43 44 46 57 55 66 76 86 95 87 78 81 73 71 57 55 76 80 74 95 59 57 55 46 43 44 45
42 43 45 45 44 46 55 56 58 64 68 69 62 61 51 60 67 89 77 63 50 47 44 43 43 43 44
43 44 50 53 54 58 73 95 99 130 126 133 123 148 99 182 152 159 137 87 99 63 71 45 45 44 45
44 45 50 54 52 53 66 88 113 133 131 158 145 195 165 234 168 172 125 78 72 76 67 45 44 45 46
43 44 43 44 46 46 52 65 77 90 90 96 100 124 113 141 124 119 80 56 52 51 52 43 44 45 43
44 44 46 45 47 45 55 69 80 76 85 88 87 113 89 99 86 90 79 48 50 55 49 43 44 43 44
42 44 45 50 49 47 55 81 83 82 81 83 88 123 79 95 79 87 79 52 48 60 70 46 45 44 43
43 42 46 45 46 49 53 73 81 77 83 88 83 116 80 78 70 69 60 48 48 62 62 43 44 45 44
43 41 45 50 46 45 49 53 56 64 64 69 81 117 93 68 59 57 49 47 47 52 49 43 44 44 44
42 44 46 52 58 54 60 66 67 73 78 88 104 124 121 87 82 64 52 50 50 95 96 44 44 44 43
42 44 61 58 58 57 62 71 69 79 82 89 98 113 102 60 54 54 52 46 55 132 160 46 44 43 44
44 38 45 53 49 48 49 50 52 56 58 62 66 68 61 47 44 46 46 45 44 63 70 44 44 44 44
47 44 44 46 48 51 50 59 59 59 62 63 64 62 57 47 46 45 50 42 52 82 66 44 43 44 46
43 50 59 68 67 82 76 84 80 73 70 67 74 70 62 51 47 53 50 52 71 230 78 47 45 43 44
47 45 58 69 68 86 82 76 80 69 73 69 67 65 61 50 46 49 46 50 60 92 56 44 44 44 44
40 44 50 46 48 51 55 59 53 55 56 58 62 58 51 44 44 45 44 44 50 60 46 41 44 47 44
42 46 46 50 58 68 67 76 72 70 78 88 95 84 70 53 60 56 51 54 92 179 59 43 44 47 45
43 47 56 76 91 95 108 133 115 109 109 130 135 124 97 69 94 83 63 66 129 244 66 46 43 46 49
43 43 49 53 65 64 65 74 66 67 75 82 83 74 66 57 61 59 52 55 75 87 47 44 44 44 42
43 42 45 51 51 55 55 59 62 63 70 82 85 83 74 67 64 72 74 73 102 129 46 44 44 44 45
43 46 51 63 87 93 87 95 89 93 90 93 102 83 68 80 78 86 92 101 147 165 52 44 44 45 46
43 45 45 59 76 76 81 90 83 81 84 85 99 81 71 79 91 99 119 123 146 125 49 43 44 44 45
42 44 45 46 48 49 51 63 59 63 66 72 75 67 58 64 95 121 147 165 126 86 47 45 45 42 46
43 48 46 49 52 54 60 76 77 91 93 101 102 85 78 140 169 232 246 339 305 197 52 46 46 46 44
45 49 50 51 51 50 59 63 62 69 74 84 85 76 79 120 135 149 174 249 197 132 55 46 47 45 43
43 44 45 44 46 44 48 56 51 50 51 54 56 57 55 78 80 80 72 91 77 56 52 44 44 43 43
50 44 44 45 49 51 48 50 53 51 51 54 53 54 59 79 83 77 80 102 83 63 48 45 52 44 44
46 60 47 54 61 59 56 61 65 63 67 78 76 82 91 124 131 103 99 122 95 85 71 56 58 46 46
46 60 57 64 63 64 60 63 63 69 71 81 81 85 99 116 102 91 84 83 67 65 64 53 50 44 44
48 53 61 54 51 49 51 51 51 50 50 59 55 57 62 63 59 57 58 52 51 57 50 46 44 43 44
44 44 54 57 50 48 53 53 49 50 49 54 59 61 60 66 60 59 59 52 53 58 56 51 44 43 45
46 51 62 63 58 60 71 70 61 65 66 78 84 99 93 116 106 93 81 70 66 69 64 53 49 47 52
44 52 73 63 70 67 67 73 66 71 76 103 117 131 127 168 165 156 92 84 67 74 58 59 46 50 51
43 51 55 53 60 54 57 56 54 59 62 70 76 85 95 143 103 100 73 65 53 60 49 46 45 50 49
41 44 50 46 47 49 48 52 49 50 54 61 63 71 78 110 76 73 58 55 53 54 49 45 47 50 58
42 45 42 47 51 50 58 62 53 56 60 71 75 105 121 135 121 100 70 62 63 66 61 56 63 81 115
