42 48 44 44 45 49 80 46 45 46 42 45 49 45 50 54 134 136 57 44 44 44 41 44 49 44 45
43 43 41 43 43 53 74 46 43 44 43 43 45 44 46 44 59 97 45 42 44 47 44 44 44 45 44
47 44 44 44 47 123 241 59 46 42 45 50 46 44 46 46 61 64 47 41 43 44 43 44 41 44 50
43 46 44 45 50 124 195 62 46 46 42 45 51 45 46 48 143 156 46 43 46 42 43 44 44 44 42
43 47 44 44 47 63 69 47 44 44 42 43 49 44 44 47 108 144 45 44 42 42 44 43 44 41 44
42 44 47 47 52 117 96 58 44 44 44 41 46 49 45 46 62 63 44 43 44 43 43 43 42 44 47
44 44 44 49 62 173 119 73 44 44 45 45 46 42 46 66 87 79 47 44 44 44 44 41 43 46 44
43 46 44 44 56 140 105 85 46 44 45 44 46 46 44 84 93 90 55 49 45 44 44 43 44 43 44
42 43 44 44 60 75 71 51 44 44 45 42 45 49 46 67 78 89 54 50 46 42 43 42 43 44 42
43 44 45 43 104 213 181 118 49 46 46 46 45 46 53 63 72 63 43 45 49 44 44 43 44 44 44
44 45 46 43 102 268 273 155 54 49 49 49 50 51 59 176 198 221 83 44 50 45 45 44 42 44 45
42 44 44 44 49 67 88 53 45 45 44 44 46 45 46 88 130 127 57 44 44 43 42 43 43 44 44
43 46 46 43 45 89 75 47 47 44 44 44 43 44 46 46 59 56 52 44 43 43 43 43 44 42 43
44 45 43 45 49 96 86 53 49 49 45 45 45 44 47 52 78 70 45 49 44 42 44 42 43 44 43
43 43 44 43 45 54 52 47 50 44 44 44 44 45 46 47 76 62 49 41 44 49 44 43 44 42 43
41 43 44 43 46 43 46 49 44 42 44 42 43 44 44 44 49 45 42 43 42 43 49 43 43 43 42
43 43 45 44 45 48 57 43 45 49 44 42 44 43 44 46 48 45 42 43 42 43 50 43 42 43 42
42 42 44 44 45 53 73 48 51 45 43 44 44 46 46 56 65 46 46 42 44 41 44 47 44 43 44
44 44 42 43 44 48 52 45 44 44 49 44 43 44 44 51 50 44 41 43 49 43 43 43 42 43 44
44 43 50 45 46 66 102 78 52 46 46 44 46 49 57 70 57 45 45 41 44 48 44 43 44 42 43
43 41 47 50 49 98 138 110 70 50 47 50 49 52 89 97 93 49 45 44 44 49 44 43 44 42 43
49 44 45 44 47 74 136 100 70 48 48 52 50 55 112 115 88 52 47 43 44 45 45 44 41 44 48
42 48 44 45 46 52 88 71 53 47 46 46 46 51 76 85 68 47 47 43 44 44 42 44 47 44 44
44 48 47 46 52 115 187 181 130 69 58 57 56 77 166 141 84 53 44 49 45 46 47 44 44 46 44
42 47 54 49 53 109 197 184 185 103 66 70 68 103 249 178 119 71 46 46 45 52 86 45 45 44 44
42 46 42 46 49 55 107 116 90 59 52 50 53 66 158 143 78 50 44 44 45 45 50 44 44 45 46
43 45 46 45 48 68 113 97 98 92 62 54 65 77 94 89 77 52 44 44 44 45 47 43 44 45 44
42 47 51 47 52 84 159 141 144 134 114 97 117 146 127 147 124 58 46 48 46 122 87 44 44 45 42
44 49 49 49 52 110 157 150 142 116 105 95 103 148 118 129 98 55 45 46 46 85 53 42 44 49 45
43 49 46 45 47 62 108 123 113 136 117 90 112 134 84 93 68 48 47 45 45 46 42 44 48 44 43
45 51 54 49 50 79 178 213 194 223 231 214 221 236 133 140 88 62 48 49 47 49 46 44 45 46 44
52 55 57 51 51 71 155 237 277 270 252 318 284 270 148 154 89 63 48 51 51 53 47 45 45 44 46
44 49 47 45 47 50 69 113 168 203 150 129 168 151 92 71 51 52 46 46 46 44 44 44 44 44 44
43 47 44 44 45 45 50 66 77 83 63 78 72 87 71 51 45 50 44 45 57 45 44 44 43 44 42
48 47 46 45 46 43 51 71 68 75 76 68 70 74 58 52 46 46 42 56 64 48 49 44 42 43 44
59 54 45 45 46 45 49 55 71 84 71 63 62 66 52 48 45 44 40 56 59 44 48 44 42 43 43
47 52 45 44 44 44 42 46 59 61 52 53 56 51 46 43 43 44 45 44 49 41 43 49 44 42 43
56 140 67 45 45 44 46 51 60 73 62 58 58 54 47 45 43 44 45 95 61 44 42 43 42 43 44
59 391 264 56 46 48 52 76 106 132 108 87 80 72 58 50 46 45 59 202 51 49 45 43 44 43 44
45 159 352 52 46 48 51 70 96 105 69 67 61 61 52 48 46 44 44 56 45 44 45 42 44 49 45
43 48 63 46 49 45 47 61 62 60 53 53 55 50 48 50 43 42 45 51 46 44 44 42 42 44 44
43 48 97 62 49 50 59 100 87 77 69 70 70 64 56 52 46 44 56 66 46 44 42 43 49 44 43
45 48 81 74 48 52 73 110 90 80 78 65 68 66 59 56 48 46 52 64 44 44 45 41 44 48 44
43 46 51 50 44 47 59 82 82 65 59 55 62 54 51 51 45 44 47 50 42 43 49 44 43 43 43
43 48 44 51 53 53 74 139 147 110 109 92 98 107 119 114 59 46 56 55 46 43 45 47 44 44 44
46 55 61 80 68 90 198 513 326 213 177 176 195 242 249 232 115 63 70 66 49 46 49 49 46 45 46
42 49 56 61 58 65 130 280 204 129 93 79 89 115 130 105 65 52 50 50 46 44 45 44 44 44 42
43 42 45 48 47 49 56 70 67 67 60 58 71 78 72 75 67 63 63 46 45 42 44 43 44 45 42
43 43 48 54 72 76 93 93 85 93 78 68 86 78 72 74 75 74 70 52 51 45 43 43 44 44 44
43 45 45 49 66 78 85 76 74 85 71 59 81 73 66 65 62 60 48 46 46 43 46 44 42 43 45
43 44 42 44 52 49 51 50 52 53 49 47 51 49 48 51 50 45 44 44 44 43 44 43 43 41 44
43 47 45 45 52 53 64 71 80 77 75 90 84 70 69 58 52 48 46 45 49 44 42 43 44 44 44
44 53 57 62 66 71 102 109 102 100 95 131 126 83 74 67 56 58 49 46 46 44 44 44 44 44 46
43 52 54 58 57 55 65 75 66 68 64 74 71 59 50 51 45 46 42 44 46 44 44 43 44 43 44
46 45 47 46 46 47 50 53 48 48 50 56 51 49 45 47 44 45 40 44 46 44 46 44 42 43 45
46 60 52 53 60 62 63 68 72 73 83 110 91 72 67 59 55 50 47 47 51 45 44 43 46 44 46
58 95 78 76 86 90 87 87 93 92 114 139 115 81 74 66 57 53 50 56 53 46 44 43 44 44 46
54 59 61 56 56 71 63 64 65 67 76 89 70 61 55 53 49 49 49 50 46 52 47 43 43 43 44
44 48 51 47 53 51 50 52 53 55 59 63 60 64 50 50 49 49 51 51 48 53 54 42 43 44 44
46 50 51 55 52 59 68 71 74 80 81 96 98 97 67 74 64 67 62 60 56 63 51 45 50 49 50
44 54 67 62 66 71 77 81 84 86 88 121 111 93 74 78 74 80 62 63 54 63 45 48 51 48 49
44 50 49 51 58 56 62 57 56 59 62 66 59 58 55 60 63 64 50 54 46 46 44 42 45 52 51
51 46 44 45 46 46 47 46 47 47 47 50 53 50 49 52 50 55 46 46 43 44 48 45 46 50 59
44 44 41 44 48 45 47 46 45 46 47 50 48 50 50 56 46 54 45 44 45 44 45 55 58 72 105
