44 43 44 45 45 46 44 42 43 44 44 44 42 44 50 46 46 51 52 57 340 339 100 59 47 48 52
42 42 47 43 44 44 43 43 46 44 44 43 43 43 44 44 43 46 46 47 79 166 63 46 46 49 48
43 44 42 43 48 43 45 43 42 43 44 44 44 41 44 47 43 43 45 46 55 60 50 42 43 44 46
42 43 44 43 44 44 44 46 43 42 44 44 44 44 41 44 43 44 42 45 71 78 64 51 44 42 45
42 43 44 42 44 47 44 44 43 42 43 43 44 44 42 44 42 43 45 46 79 94 71 48 43 44 46
43 43 44 43 44 43 44 43 46 44 42 43 44 43 44 41 42 44 47 46 67 94 68 46 44 44 46
43 42 44 43 44 44 44 43 43 44 46 44 43 43 44 45 42 46 54 53 104 213 103 50 46 46 49
44 43 44 44 44 44 45 43 43 42 44 47 45 43 45 46 47 47 55 76 187 334 292 72 48 50 54
43 43 44 44 44 44 43 44 47 44 43 43 44 44 45 43 46 48 52 57 129 297 269 94 50 46 46
42 43 43 43 44 44 44 41 44 48 44 42 44 43 44 44 44 44 49 50 75 111 92 59 50 45 43
43 44 45 44 43 44 44 44 44 42 44 47 45 44 44 46 46 46 51 78 118 142 145 95 54 46 44
43 42 44 42 44 44 44 43 41 44 47 44 43 44 44 46 45 47 56 74 125 147 156 116 50 46 46
42 43 42 43 44 48 44 42 43 48 44 42 44 43 44 44 44 46 47 48 82 102 112 79 43 45 51
44 44 47 43 44 44 43 44 48 44 44 44 44 44 45 46 49 50 56 70 84 166 395 115 49 46 53
43 44 44 44 45 44 45 44 44 44 42 44 49 45 46 47 47 54 60 71 90 193 506 359 56 56 52
46 44 44 44 43 43 44 44 44 41 44 49 44 42 44 44 45 46 51 50 57 75 239 188 47 46 52
44 45 44 45 44 42 44 44 44 44 44 42 44 49 45 43 45 45 50 46 51 78 123 84 42 44 50
43 47 44 44 44 42 44 44 43 44 41 44 49 44 43 45 45 52 50 57 66 117 131 117 48 43 46
42 43 45 44 46 44 42 43 43 43 44 44 45 44 49 45 45 46 52 58 86 151 105 120 58 46 45
43 43 42 43 42 44 49 44 43 43 43 43 45 44 44 46 44 46 48 55 73 117 95 61 45 50 45
43 48 44 44 45 43 44 47 44 44 44 43 44 45 47 51 53 59 86 160 207 276 233 140 53 57 53
44 44 42 44 50 45 44 44 43 44 45 44 46 46 50 59 62 73 184 239 278 354 322 218 58 60 62
43 44 44 42 44 48 44 44 44 43 44 44 44 45 46 53 55 72 121 156 232 226 155 83 51 49 50
43 44 44 42 44 49 44 43 43 43 44 44 44 44 48 58 57 90 89 104 125 132 119 70 46 51 52
42 45 44 44 43 44 47 44 44 45 43 43 46 47 53 72 88 109 107 113 119 147 122 86 52 53 55
44 42 44 44 44 44 44 44 46 44 44 44 44 45 57 135 130 123 116 110 114 122 97 61 49 53 54
44 44 43 44 44 43 44 44 44 45 44 45 45 46 68 176 210 176 256 181 135 87 69 55 49 52 57
44 45 46 46 45 46 48 46 48 45 44 45 46 85 245 407 458 441 381 342 326 198 111 78 61 60 73
44 44 44 45 46 45 45 45 45 47 45 44 45 77 239 403 487 557 255 194 148 107 80 62 54 57 68
42 44 44 44 45 44 44 45 44 45 44 43 44 49 98 278 291 176 130 89 69 59 56 49 49 48 51
43 42 44 43 44 44 44 44 43 45 45 44 43 59 92 103 97 87 86 65 54 50 52 46 43 49 47
44 44 43 45 45 42 43 43 43 44 41 44 49 58 90 92 85 80 75 61 56 52 53 47 49 48 47
43 42 43 44 46 44 42 43 43 43 44 42 44 55 84 72 80 76 67 54 51 48 48 49 45 47 48
43 44 44 44 45 45 48 44 42 43 44 44 45 43 65 175 202 182 89 58 56 55 51 49 48 47 51
45 44 46 44 44 43 43 43 44 42 44 49 44 46 70 183 236 188 115 64 60 56 54 49 46 48 60
43 43 44 44 44 44 42 43 44 44 44 41 44 50 57 126 145 109 87 60 53 52 52 48 47 55 102
43 48 44 43 44 42 43 44 43 44 42 44 47 44 45 60 71 67 63 55 46 47 49 47 47 49 280
42 43 48 44 44 43 44 44 43 43 43 43 42 44 48 55 64 56 58 51 46 46 43 45 49 47 77
43 43 41 43 42 43 49 44 42 43 43 43 45 44 45 57 65 63 69 60 51 50 49 50 48 67 169
42 47 43 43 44 41 44 43 43 44 44 43 42 44 46 49 60 71 71 64 52 48 47 45 52 59 73
42 43 41 43 49 44 42 43 42 43 44 43 44 47 46 50 68 85 95 93 55 51 50 46 45 47 49
43 43 44 41 44 49 44 43 44 42 44 44 45 45 49 68 108 124 150 175 83 69 63 55 50 55 64
43 43 45 46 45 46 45 43 44 44 45 44 42 46 55 64 99 136 176 217 97 82 72 74 66 200 275
42 44 44 44 44 44 47 44 42 43 44 43 44 44 46 48 57 70 83 74 54 54 53 55 51 95 164
44 42 43 44 44 44 42 44 48 44 44 44 43 44 46 53 76 72 77 71 62 63 89 126 106 81 61
44 43 43 44 44 44 45 44 44 48 45 43 44 43 47 54 78 77 85 100 95 125 178 176 168 68 58
42 43 44 44 42 44 49 44 43 44 43 43 45 44 46 49 58 68 75 80 90 111 152 113 82 52 54
41 44 50 45 44 44 43 44 44 44 44 44 45 47 51 58 68 133 160 168 223 300 250 118 63 62 59
44 45 46 46 47 44 46 50 45 45 45 44 46 47 56 70 86 157 228 324 429 539 490 182 92 85 71
44 44 45 45 46 46 45 45 48 46 46 44 45 47 56 71 83 135 238 403 518 448 286 110 74 81 72
44 43 44 44 45 45 43 44 48 44 44 44 44 45 49 56 59 69 113 223 337 199 108 68 56 62 56
44 46 49 46 47 46 45 45 45 46 46 43 46 51 58 73 83 106 194 464 713 668 221 127 93 92 76
45 45 50 46 45 45 45 45 46 46 46 49 51 47 53 64 72 89 140 408 361 303 191 149 164 136 95
48 44 44 45 44 44 46 45 46 46 46 47 46 44 46 49 50 56 66 95 114 110 107 92 105 101 77
43 44 50 45 44 45 45 45 44 44 45 44 45 45 45 45 47 49 56 57 63 70 72 75 95 97 84
44 51 45 44 46 46 48 48 45 45 44 46 47 45 45 47 47 54 57 72 71 88 121 128 149 150 142
46 45 50 59 59 58 55 52 49 50 47 50 48 46 49 49 49 52 59 68 76 92 133 139 142 145 127
44 44 49 52 53 53 55 50 44 45 45 45 46 42 46 51 44 48 50 54 59 63 71 76 75 88 65
46 45 46 46 46 46 43 44 44 44 42 44 50 45 44 45 44 50 61 57 60 70 71 75 83 78 59
50 44 46 45 46 46 45 48 51 45 44 44 45 45 47 49 54 57 61 69 79 105 119 127 131 140 85
49 45 46 44 47 51 47 52 46 45 45 44 46 44 47 54 53 61 60 73 77 112 103 106 104 106 73
44 43 45 49 46 48 46 44 44 44 44 44 42 44 49 47 46 53 50 52 54 60 53 54 56 57 51
46 46 43 44 46 44 45 44 44 44 44 44 44 44 43 45 45 47 47 45 47 51 49 50 51 51 59
46 42 44 44 44 44 42 44 49 44 43 43 44 43 45 45 51 49 50 52 53 59 62 71 78 88 101
