43 48 45 44 45 44 46 45 45 50 45 49 61 308 330 64 45 44 44 44 44 46 44 42 43 44 44
44 44 49 43 45 46 46 46 45 75 49 46 46 278 362 51 42 44 49 44 44 44 42 43 44 44 46
44 44 44 45 47 46 44 47 73 118 49 51 59 262 340 60 52 44 45 42 44 44 44 44 48 44 43
43 43 44 44 44 44 42 46 69 90 46 48 56 78 105 53 50 45 43 40 44 41 43 48 44 42 44
42 43 42 43 44 44 44 44 51 56 44 42 44 46 53 45 44 42 46 43 44 44 44 43 43 43 44
41 44 43 43 46 45 47 76 95 58 46 43 44 46 46 44 43 43 44 41 44 48 44 42 43 43 43
44 40 44 50 47 47 60 135 112 77 51 49 50 50 50 45 45 44 44 44 42 43 49 44 42 44 44
43 44 44 39 46 52 58 120 80 53 45 46 46 45 47 44 44 44 46 44 42 43 48 44 42 43 43
43 49 45 43 45 45 60 97 54 45 45 44 46 44 43 43 44 42 43 43 43 43 44 43 43 43 44
46 49 48 54 57 69 248 251 127 55 56 49 53 47 46 45 46 45 44 46 44 44 44 42 44 51 46
50 54 53 54 62 118 401 313 153 59 65 63 61 55 57 49 48 47 50 45 47 45 45 45 43 48 51
44 46 46 46 50 62 126 111 61 50 52 53 66 70 65 52 48 46 51 50 49 42 44 49 44 46 45
45 50 48 47 55 157 153 138 74 50 53 52 55 54 49 46 44 44 44 44 45 44 43 44 48 67 67
47 51 47 52 61 165 172 157 80 65 56 75 93 109 93 78 66 67 52 49 49 46 43 44 49 48 46
44 44 46 51 53 100 109 81 49 48 48 51 57 69 72 68 64 66 68 52 53 52 49 45 46 48 45
42 44 44 44 52 67 53 46 45 44 45 44 45 45 48 44 44 44 49 44 42 43 46 43 44 54 45
44 48 45 50 68 211 66 52 47 47 47 49 49 59 54 51 51 48 46 49 45 44 45 43 43 48 45
44 45 46 43 50 114 52 48 45 46 46 48 52 60 64 73 66 62 47 50 46 44 46 48 43 48 44
43 44 44 42 49 56 46 42 43 44 43 44 43 44 48 44 43 48 44 42 44 42 43 44 44 54 58
46 47 51 50 77 134 100 53 46 49 49 46 45 46 47 46 44 42 44 49 45 43 44 42 44 48 47
47 51 55 59 131 172 170 75 53 56 53 57 56 58 70 59 60 67 60 50 47 46 44 44 46 54 50
44 46 47 52 70 90 112 58 51 51 45 47 48 47 51 47 50 57 48 46 47 46 42 44 48 78 70
44 48 49 66 101 110 103 58 51 49 45 46 46 45 46 42 44 45 44 40 44 44 44 47 44 44 45
54 71 72 150 304 336 334 159 74 73 66 63 63 63 61 57 56 54 50 47 48 46 47 45 46 59 50
53 68 67 105 247 297 325 185 78 70 66 65 65 68 70 67 60 59 58 55 53 51 46 51 58 127 52
45 44 47 56 69 84 97 63 51 47 46 46 50 46 45 45 43 44 45 44 45 44 44 44 46 162 65
48 59 56 80 134 138 142 99 77 59 52 59 57 51 49 48 46 46 43 44 50 45 45 45 43 51 47
52 62 62 82 137 193 179 185 170 93 116 128 103 119 101 96 78 75 56 64 59 64 56 53 47 62 52
53 58 56 60 99 197 163 163 169 90 85 87 64 71 61 54 52 50 46 52 47 47 48 43 46 64 68
53 54 53 54 73 156 159 138 95 67 61 61 50 47 47 46 44 45 46 42 44 44 45 44 42 47 46
55 71 69 74 153 259 255 232 177 207 158 130 94 99 71 70 53 51 49 48 47 44 46 51 47 53 50
55 63 63 60 111 154 210 253 241 212 151 138 93 97 75 80 61 55 50 48 50 52 46 49 59 90 52
48 52 51 52 60 70 120 182 176 143 159 91 64 62 51 49 45 44 44 45 45 45 42 45 50 55 50
46 50 46 49 51 62 95 118 106 103 103 84 70 72 62 55 46 47 44 46 45 46 45 42 45 53 46
46 51 50 50 55 64 88 113 103 103 97 93 84 103 86 75 58 65 61 60 51 64 46 54 50 61 47
46 52 49 50 60 78 93 102 100 94 80 83 74 88 66 59 55 54 47 54 47 55 45 50 48 105 60
44 45 45 43 49 51 60 59 57 60 54 51 49 46 46 50 44 44 44 47 45 43 44 43 44 48 43
54 52 49 50 58 81 94 88 86 84 74 71 63 65 64 54 52 50 46 43 44 45 54 44 43 47 53
106 58 54 50 64 87 95 99 89 87 81 74 72 72 63 58 59 52 49 45 45 45 56 46 45 54 76
88 48 49 45 51 60 57 58 61 54 50 48 46 46 46 44 44 44 47 44 43 43 44 44 44 43 52
80 84 49 49 58 73 65 69 60 56 48 47 48 46 46 45 43 45 40 44 49 45 44 46 44 45 46
113 149 63 66 102 154 129 122 98 95 85 77 74 68 60 60 54 50 49 45 48 58 50 72 65 55 50
111 162 66 68 126 157 150 138 104 97 77 67 60 57 53 51 50 50 48 45 46 49 46 52 47 51 54
56 88 61 55 81 114 107 77 59 56 50 48 48 49 46 44 43 44 43 43 45 44 44 42 44 50 46
88 142 85 124 191 264 241 180 105 93 80 79 66 63 53 53 50 47 47 46 46 52 46 46 46 50 50
210 315 191 208 343 416 340 295 171 141 130 128 122 91 72 65 56 53 47 50 53 52 49 51 48 60 62
88 165 135 129 279 279 195 113 88 79 70 62 55 54 51 50 50 47 45 48 46 47 46 46 46 50 57
63 124 122 91 166 141 108 72 70 58 56 58 53 53 54 48 46 47 41 44 49 46 46 44 44 47 50
82 229 165 155 220 218 171 129 119 109 108 106 101 86 76 79 66 59 54 48 51 54 74 48 56 57 70
82 279 212 215 198 193 152 106 117 91 90 88 85 68 59 56 50 47 51 45 50 47 48 47 52 55 79
53 147 178 173 157 105 78 61 56 51 49 51 53 48 46 46 44 44 44 45 45 45 42 45 45 47 49
75 359 571 542 364 181 120 95 88 74 72 80 77 67 66 58 50 50 49 51 47 52 47 54 51 52 61
72 270 400 377 243 177 145 110 91 89 85 108 115 87 86 79 59 59 53 48 49 51 56 54 48 56 130
54 87 113 121 106 86 77 68 57 53 50 52 48 50 53 46 44 44 46 45 43 44 45 44 45 43 53
44 51 62 63 70 63 54 51 48 46 46 42 45 50 45 42 43 43 43 47 45 42 44 43 43 45 43
50 68 75 83 87 93 78 72 63 56 53 50 49 43 45 50 44 44 44 46 45 46 44 44 44 46 54
82 142 137 140 142 138 120 108 100 76 65 61 51 50 54 48 46 47 46 45 45 46 46 46 42 47 56
118 106 95 94 87 88 78 71 65 57 51 51 48 46 46 45 44 47 45 43 44 43 45 45 43 45 50
60 69 79 79 72 69 70 64 56 50 48 47 45 46 45 44 42 44 49 44 43 44 46 44 44 44 45
98 106 113 119 119 116 130 113 84 66 59 54 55 52 45 47 47 46 46 50 49 48 54 48 48 51 51
136 197 185 178 162 148 155 138 105 76 64 60 58 53 50 54 49 50 52 45 50 54 49 49 46 53 56
114 120 124 122 115 97 96 87 65 58 56 52 51 50 49 47 46 46 47 44 45 48 46 43 44 47 50
48 59 59 65 68 62 63 67 50 47 50 48 46 47 45 46 47 45 45 48 46 47 46 44 45 48 56
49 65 73 85 87 80 87 81 57 53 53 49 49 50 50 48 47 56 48 54 52 61 59 59 58 78 104
