43 43 44 43 44 46 44 45 44 42 44 61 139 63 43 45 43 48 45 50 104 65 71 108 52 46 42
44 42 45 42 43 44 43 44 42 43 49 49 71 47 45 44 43 42 44 45 60 52 67 119 50 46 48
44 43 44 41 44 48 44 42 43 43 44 89 152 63 49 44 42 43 40 44 51 45 50 69 44 43 45
43 44 44 44 42 43 49 44 42 45 44 193 254 95 46 45 43 42 44 45 42 46 63 92 50 44 44
42 43 44 44 42 44 48 44 42 43 45 85 106 61 46 49 42 43 44 39 45 51 74 144 78 44 46
42 43 45 44 44 41 44 49 44 42 45 88 97 60 44 44 43 43 44 44 50 44 50 70 60 44 47
43 45 42 45 45 44 45 43 44 50 63 145 129 83 46 45 43 47 44 46 46 44 63 66 55 45 47
43 44 44 42 44 44 44 45 43 44 78 153 121 92 45 44 43 44 44 45 46 49 87 77 87 46 51
42 43 44 44 44 42 44 48 44 43 47 69 90 57 46 44 43 44 42 44 44 50 92 88 79 55 46
42 42 43 43 44 44 43 44 47 45 65 109 138 68 46 45 46 43 43 43 46 48 59 65 53 47 46
43 42 44 44 44 44 42 44 49 47 81 214 253 131 50 47 48 46 46 44 50 59 135 160 93 52 45
44 44 42 44 44 43 44 43 44 48 48 69 87 56 47 46 44 44 46 45 47 62 143 213 140 52 46
43 44 49 44 43 44 42 43 44 43 45 53 54 50 45 43 43 43 44 41 44 49 53 70 59 43 50
43 39 44 48 44 44 44 42 43 45 46 65 67 51 50 46 42 43 43 44 45 44 52 56 49 46 44
42 43 49 43 43 43 43 43 44 44 45 47 52 48 45 44 43 43 48 42 45 49 51 51 51 46 46
43 48 44 42 44 43 43 44 43 44 44 44 47 44 43 43 41 43 43 47 42 43 46 48 46 44 44
43 43 44 43 44 44 44 42 43 44 44 44 48 45 45 44 42 44 43 46 42 43 46 45 44 47 44
40 43 48 44 43 43 44 44 44 43 45 47 58 54 46 43 43 44 44 43 46 51 51 62 44 45 44
42 40 44 43 44 43 44 43 42 43 45 44 49 51 46 44 41 43 43 43 46 49 58 58 44 46 44
43 43 44 44 44 43 44 47 44 42 44 44 64 68 58 45 44 43 44 44 45 59 64 48 43 44 46
43 43 44 43 44 44 44 44 44 44 46 48 78 77 89 49 46 45 46 47 53 92 102 66 47 46 46
43 43 44 44 44 46 44 43 43 44 46 55 79 87 107 50 46 48 46 49 66 105 108 73 49 49 58
42 44 44 44 42 43 48 44 42 44 46 46 61 76 65 48 46 45 52 47 56 83 75 53 47 46 48
43 44 42 44 49 45 45 46 44 44 50 63 104 170 157 75 54 53 56 67 105 150 135 81 105 88 57
43 44 45 44 46 48 46 47 46 44 50 70 124 167 238 108 75 64 72 84 148 241 217 145 95 86 60
42 47 43 43 46 44 44 42 45 49 45 47 68 120 137 82 54 57 59 61 95 155 124 72 59 57 69
44 42 45 42 45 44 44 45 42 45 50 49 87 88 113 108 85 57 65 97 127 126 107 56 48 48 51
42 44 46 59 79 43 46 51 46 45 47 60 119 143 166 179 153 112 108 168 176 216 183 122 54 54 53
44 45 45 55 47 45 43 46 51 45 47 62 92 136 130 133 120 96 79 110 104 125 123 94 56 51 63
43 43 45 44 45 44 42 45 50 45 44 46 77 105 97 131 123 117 108 113 81 82 75 62 48 47 47
44 44 44 45 46 45 46 45 47 51 48 49 100 171 160 245 192 208 187 206 137 150 102 67 54 55 49
45 44 48 46 45 45 46 49 48 44 47 56 97 168 174 293 225 222 214 225 164 158 107 73 62 73 61
44 41 45 47 45 43 44 45 46 44 44 46 60 92 113 176 132 125 119 115 86 84 62 51 51 80 87
44 43 44 46 44 42 45 44 44 44 42 44 51 50 76 72 63 55 62 63 63 59 51 45 44 62 50
43 46 45 43 44 46 60 49 44 44 48 45 47 52 65 67 69 58 69 69 56 61 52 48 50 114 74
43 43 44 48 45 46 77 62 44 44 44 45 50 49 59 70 66 54 60 64 51 54 49 46 55 119 93
42 43 46 44 42 44 51 53 45 43 44 48 45 44 50 56 54 48 51 47 46 44 44 44 48 63 51
43 43 41 44 48 44 55 110 57 44 44 43 46 52 57 68 65 61 61 55 51 47 48 49 98 159 46
44 44 46 44 45 47 53 383 161 45 44 46 49 57 74 89 95 69 78 72 61 56 54 49 228 213 49
43 43 44 44 45 43 45 85 172 46 44 42 45 52 59 67 58 46 53 57 49 47 44 44 64 63 44
43 42 44 46 44 44 44 45 55 45 45 44 43 54 59 56 53 47 58 63 54 48 46 44 52 56 45
42 44 44 44 45 44 44 47 75 53 46 47 51 65 63 61 57 54 71 75 67 66 59 46 86 77 46
42 43 41 44 50 44 44 46 59 63 46 46 54 69 62 61 63 57 69 82 70 76 58 45 58 80 49
42 43 44 41 44 48 44 44 47 49 45 44 48 54 55 57 57 49 52 57 62 70 52 46 50 56 45
44 47 43 45 46 45 46 45 48 58 49 48 70 129 120 129 124 101 117 162 233 350 147 64 74 84 50
46 46 48 45 48 47 48 52 50 72 61 60 135 278 239 216 195 159 170 259 433 525 283 144 138 143 68
42 44 45 44 46 43 45 50 46 51 50 49 77 127 130 113 87 69 77 101 201 187 108 71 72 72 50
43 43 44 44 44 44 42 46 50 45 47 51 69 75 80 85 76 64 77 97 118 137 113 84 105 82 46
43 44 45 45 45 46 44 49 50 47 69 78 95 90 81 82 87 76 104 115 137 152 131 127 131 108 47
42 44 43 43 45 44 44 43 45 50 54 64 79 69 68 72 73 61 87 117 108 83 63 61 57 52 46
42 43 47 44 45 44 42 43 44 44 45 43 47 51 48 49 49 50 55 65 58 51 47 45 49 50 44
42 46 43 43 45 42 45 49 45 44 45 49 50 53 60 64 68 80 101 113 84 74 63 56 59 46 46
42 41 45 47 46 43 46 46 47 49 47 56 61 58 64 70 77 99 100 111 89 71 67 51 52 46 46
43 47 44 42 45 43 45 46 45 47 46 47 48 48 48 51 52 59 57 65 56 50 56 45 48 45 50
43 46 44 43 45 44 44 45 44 45 48 45 46 46 47 51 53 58 62 75 58 53 50 45 48 47 50
41 46 50 46 47 49 47 48 48 46 48 54 53 56 59 67 74 83 90 123 83 78 65 58 51 47 51
48 53 56 59 61 59 56 55 51 46 51 60 56 55 63 70 74 92 101 117 84 72 74 63 49 46 48
44 43 53 48 51 58 50 49 47 44 46 47 48 49 51 58 58 66 81 84 64 57 52 51 51 46 46
46 44 47 44 46 44 46 51 46 44 45 45 48 51 53 61 63 78 113 103 76 72 67 55 61 47 47
44 43 48 52 48 47 52 53 50 49 47 50 56 63 67 87 96 140 157 135 103 114 94 72 77 51 53
47 46 58 49 57 60 55 56 49 52 49 50 55 63 72 95 115 169 141 111 94 109 83 71 58 50 52
47 47 45 48 55 50 50 49 46 46 46 46 49 55 54 69 75 108 85 72 63 63 56 49 47 49 50
47 48 44 44 45 45 50 45 43 44 44 45 47 47 49 62 59 69 57 53 54 60 53 46 47 54 62
44 49 44 43 45 44 45 46 45 46 44 44 47 51 51 57 56 75 58 55 60 64 58 54 54 71 103
