46 44 44 47 49 63 113 293 82 57 53 51 51 164 645 371 98 50 55 47 48 46 45 45 42 44 48
43 42 40 44 46 45 51 48 43 44 44 44 45 70 110 111 47 44 43 43 44 43 44 43 44 45 49
42 43 44 45 48 58 68 44 43 44 44 41 44 50 47 51 45 43 43 47 44 42 43 44 43 43 52
42 43 46 44 46 60 85 44 43 44 44 41 44 50 46 63 54 45 43 47 45 42 43 42 43 44 45
42 43 44 43 45 66 77 44 44 44 44 44 42 44 52 85 72 44 44 43 49 44 42 43 42 43 47
41 43 44 43 46 70 63 48 44 43 44 43 44 44 42 59 61 45 44 42 44 42 43 44 41 44 51
43 43 49 43 63 276 133 48 48 45 45 44 44 45 47 63 82 49 47 44 43 43 43 43 44 42 45
44 44 45 47 88 413 202 57 48 48 51 47 48 48 55 179 278 78 47 46 44 43 44 44 44 42 45
43 43 44 44 56 117 95 48 47 46 44 44 46 45 49 125 209 93 45 39 45 47 44 45 44 42 45
41 43 44 44 80 94 91 47 50 44 43 44 44 44 46 54 68 53 44 40 43 43 44 42 43 48 44
44 45 48 51 191 192 215 91 49 46 47 51 47 47 62 115 116 122 47 46 45 43 44 44 44 44 48
43 43 47 53 206 206 214 100 50 52 48 46 48 48 77 133 140 165 55 51 46 43 44 43 44 44 43
43 50 45 46 94 127 107 53 46 46 46 45 47 46 54 85 98 121 44 46 50 44 43 44 42 44 44
44 44 54 48 182 255 218 61 47 47 47 46 43 47 51 70 78 70 44 46 49 44 44 43 43 44 48
44 45 52 48 207 298 262 73 56 51 51 48 48 53 60 154 229 198 50 51 46 45 45 42 44 47 45
48 44 43 44 59 88 70 46 46 43 45 44 46 45 48 68 147 96 46 43 45 42 44 48 43 44 44
44 47 44 44 48 47 46 43 43 48 44 43 44 42 44 44 47 46 49 42 43 44 41 43 46 44 44
42 47 46 44 48 50 49 45 44 46 47 44 44 44 45 46 52 49 48 41 43 44 44 43 44 43 45
42 48 44 43 49 55 53 45 45 46 44 44 46 45 43 47 53 50 46 44 44 43 42 43 47 44 44
43 43 40 44 43 49 55 44 42 44 43 43 44 42 44 51 47 46 45 42 43 45 43 43 47 44 44
42 43 40 43 45 64 79 49 43 44 46 44 43 44 45 53 52 48 50 43 43 43 42 43 44 43 44
44 43 46 46 60 223 287 119 58 53 48 49 49 51 73 146 135 88 47 43 45 45 40 44 48 44 44
43 44 46 46 55 134 177 138 63 53 49 52 51 54 129 207 191 117 50 43 46 44 44 48 44 44 45
42 43 44 45 47 58 86 68 53 50 46 44 45 46 63 74 66 55 48 44 45 43 44 43 43 42 44
43 43 70 83 59 106 171 131 106 55 51 52 50 62 154 129 103 78 73 47 46 44 44 44 41 44 49
44 61 156 85 86 102 144 127 110 57 52 54 52 81 149 153 127 201 96 83 65 44 44 44 44 44 45
43 54 46 44 46 46 56 58 51 45 44 44 45 51 66 71 62 52 44 44 56 44 44 43 44 44 44
45 48 46 45 50 64 125 179 107 56 51 51 52 73 118 134 86 72 46 42 46 48 44 42 43 43 44
48 65 51 48 60 83 189 246 198 100 71 70 73 158 188 188 138 93 52 49 57 47 45 44 44 44 46
42 52 47 46 50 60 97 140 111 96 74 65 81 119 108 123 86 56 47 48 74 45 49 44 43 44 44
43 44 58 48 55 83 136 126 110 113 90 86 104 135 106 139 95 61 47 56 50 43 44 43 44 45 42
46 53 51 46 53 70 118 159 140 129 98 102 116 140 107 140 102 62 48 68 76 45 44 44 44 45 45
46 46 51 46 52 57 84 124 136 126 106 104 119 147 112 110 80 51 47 59 51 45 42 44 49 45 44
43 44 43 46 46 48 67 95 100 110 85 95 118 130 94 68 52 48 44 46 45 44 44 42 44 50 45
44 46 47 53 62 55 96 176 191 222 235 232 185 250 160 115 67 56 51 56 48 43 46 49 46 45 45
44 45 46 51 54 52 71 121 181 208 158 194 157 191 121 82 57 51 52 59 47 45 42 45 49 45 45
43 45 44 44 46 44 46 56 68 74 76 79 65 64 52 47 44 44 47 46 44 44 41 44 48 43 43
45 43 44 60 53 44 45 48 55 76 74 76 71 62 47 47 44 44 47 56 42 43 49 43 44 44 43
44 44 43 110 92 46 48 50 64 93 85 75 83 68 53 50 45 45 58 74 44 44 47 46 44 44 43
43 44 47 86 86 46 48 49 55 70 70 56 65 52 49 51 43 44 47 63 45 43 44 45 44 44 44
42 43 45 55 69 45 43 44 46 54 54 45 50 54 46 45 42 44 50 68 45 44 42 43 43 44 44
42 45 51 191 639 95 60 59 87 127 138 90 106 98 66 61 57 56 171 305 47 44 45 46 45 46 45
43 41 44 61 115 57 48 50 74 93 83 67 76 68 58 50 47 47 61 63 44 43 46 41 43 44 44
43 40 44 51 52 44 44 47 50 58 54 48 51 50 50 46 44 43 46 46 44 43 44 44 41 43 47
44 43 48 46 70 53 47 67 104 100 111 74 80 88 79 65 57 48 60 73 46 44 44 44 44 44 43
44 44 46 50 97 62 54 106 142 136 127 105 104 106 106 88 74 52 60 80 46 44 45 44 44 43 45
42 44 44 46 59 50 54 74 96 92 78 65 60 64 63 67 51 45 46 45 44 43 44 44 44 43 43
43 44 42 46 54 51 54 79 122 99 88 81 72 69 99 116 79 52 49 74 46 45 44 42 43 44 44
44 46 49 52 74 78 93 216 412 322 224 201 193 181 202 309 221 96 58 103 60 48 49 46 47 46 47
43 45 47 48 60 64 88 175 267 239 155 123 113 119 154 202 163 78 58 63 51 46 47 45 44 45 46
42 43 44 44 45 46 50 55 65 67 58 53 50 53 66 65 51 54 50 46 47 44 42 43 43 44 44
43 40 46 45 52 49 62 76 78 113 100 81 76 89 119 133 76 111 85 57 47 45 43 43 44 44 45
44 45 49 48 52 56 72 85 90 139 130 121 102 122 130 132 80 89 66 55 48 48 45 43 44 44 45
43 44 44 45 48 49 58 70 78 95 84 83 83 84 77 79 63 59 50 45 46 43 44 49 46 43 44
42 44 43 44 48 51 55 54 66 71 62 64 63 62 63 69 58 52 54 52 47 45 43 44 50 46 43
43 46 45 49 65 79 84 85 96 92 102 117 110 100 96 104 86 67 64 68 55 52 53 47 52 46 43
44 44 47 58 78 92 89 104 100 102 126 138 127 110 102 99 82 66 62 59 50 48 54 49 45 45 44
43 43 40 48 58 54 56 61 65 64 63 74 63 63 65 58 53 52 51 48 46 46 50 47 46 44 43
41 43 41 47 55 51 56 58 59 59 58 65 64 68 59 58 52 54 56 47 48 46 53 52 50 43 44
41 44 55 63 67 75 85 87 85 83 90 113 111 115 90 95 78 91 66 58 59 62 60 53 55 54 45
47 45 57 75 86 89 100 99 104 99 108 148 157 150 109 126 116 121 70 66 56 62 53 59 51 50 52
43 45 46 56 65 58 67 66 65 70 74 88 88 88 75 88 71 76 60 50 48 55 47 47 44 46 53
44 46 44 46 50 50 55 60 56 58 64 67 72 66 62 74 59 63 56 48 49 53 48 48 53 50 58
43 44 44 46 52 60 78 77 65 72 71 87 80 94 92 92 93 86 62 58 60 70 70 60 66 78 127
