43 44 44 43 44 44 44 44 42 44 50 45 44 46 44 46 147 126 79 71 74 110 196 86 69 46 45
43 44 40 44 49 43 44 44 42 43 44 44 45 43 45 52 87 59 46 46 52 91 129 92 103 48 45
42 44 44 44 42 43 49 44 42 43 43 43 45 44 47 82 65 44 44 38 45 51 50 68 78 44 44
41 43 44 44 45 41 44 48 44 44 45 44 46 46 74 197 135 46 42 44 45 46 56 79 52 44 43
43 44 42 44 44 43 44 43 44 48 45 43 46 46 64 133 84 44 42 45 44 46 75 169 60 44 45
43 42 43 44 44 43 42 44 48 44 43 44 44 46 67 68 46 44 41 43 49 44 55 96 55 43 46
43 44 44 44 44 46 44 42 43 43 44 45 46 65 106 95 50 44 43 44 46 45 63 68 55 44 46
42 44 42 44 46 44 42 43 43 44 45 43 52 123 104 98 52 44 45 45 44 51 90 90 64 42 46
42 43 47 44 44 43 44 44 44 44 42 45 59 87 89 67 44 46 42 43 45 54 96 115 50 49 45
48 44 43 44 43 43 44 44 44 42 45 50 69 101 101 57 44 44 47 42 44 53 59 58 43 47 49
43 48 45 46 46 44 45 45 45 47 49 50 184 267 226 99 47 47 50 45 49 123 166 141 54 50 45
43 47 45 43 44 44 44 44 44 45 48 46 72 117 100 48 45 44 45 46 54 202 262 261 78 45 44
43 44 40 43 44 43 47 44 42 43 44 44 46 52 45 44 42 42 43 44 45 84 101 96 55 44 45
43 44 41 44 42 43 49 44 43 44 44 47 60 79 49 52 43 44 43 44 46 86 89 56 46 52 46
42 44 41 44 49 44 43 44 42 43 45 45 50 58 48 51 43 45 46 54 49 122 116 70 50 42 45
41 43 45 44 45 44 42 43 43 43 44 42 46 51 45 43 43 42 43 49 46 63 73 52 44 46 46
42 43 44 43 44 46 44 42 43 43 44 45 45 44 49 44 42 43 44 44 44 50 48 46 44 46 45
43 43 44 45 44 45 44 42 44 44 44 51 55 48 52 44 43 44 44 44 50 50 44 44 44 44 44
42 44 44 43 43 43 47 44 42 43 44 47 53 42 45 49 43 43 44 44 45 44 44 44 43 44 42
45 42 43 44 44 44 43 44 49 44 45 58 65 50 46 44 45 45 47 46 47 46 44 44 43 41 45
44 44 42 44 45 46 46 46 44 49 52 79 75 63 46 46 46 46 51 61 69 61 46 44 43 43 47
42 44 44 45 43 48 52 48 43 46 59 89 77 64 47 52 46 48 58 78 89 93 51 43 44 43 46
42 43 45 45 47 61 46 50 44 44 62 77 69 52 44 46 45 45 49 77 74 55 44 44 43 44 50
43 46 46 48 67 65 50 53 48 62 138 142 139 69 52 53 48 54 94 127 99 52 50 45 44 46 44
44 49 49 51 66 63 50 51 61 102 164 232 179 97 73 65 57 96 170 220 175 65 50 46 45 46 46
44 45 46 46 49 47 47 47 51 73 114 150 101 60 51 56 49 68 119 137 91 48 44 44 45 45 50
43 43 51 46 45 46 45 46 52 83 80 91 100 68 50 56 51 54 66 88 56 51 45 44 43 43 44
44 46 47 49 56 48 52 53 69 131 127 129 140 125 82 91 98 123 102 136 95 44 51 54 45 46 50
45 46 45 49 56 48 56 56 77 108 110 113 112 131 111 116 120 119 95 93 57 48 46 48 51 58 47
44 44 46 47 48 46 46 47 55 81 86 100 102 119 78 114 94 102 90 64 47 46 45 45 44 44 51
45 53 50 81 65 52 55 56 63 103 146 203 205 228 180 245 187 174 129 98 55 51 47 49 49 45 44
48 53 53 206 89 60 63 63 74 129 173 283 274 328 294 321 203 186 146 123 55 54 57 51 47 46 45
44 49 46 72 62 52 53 52 55 84 139 231 220 246 270 259 165 117 91 64 50 47 50 52 46 49 45
42 43 45 63 50 47 45 45 45 47 53 68 66 66 72 76 63 54 46 45 45 42 44 48 44 43 44
42 46 52 104 58 47 48 49 51 58 70 71 79 96 76 83 68 62 50 52 47 45 46 45 45 46 42
44 45 51 108 67 48 52 50 56 68 73 71 68 77 63 62 57 52 50 48 47 47 50 46 44 45 44
43 42 56 63 48 45 47 46 50 52 58 58 52 54 53 48 46 45 45 43 47 45 46 43 43 43 45
44 47 84 62 50 47 62 60 58 61 64 52 53 50 46 45 44 44 45 43 46 48 46 44 41 44 48
48 68 151 79 62 63 118 120 131 146 129 79 85 71 54 48 52 48 50 51 69 82 47 45 45 41 45
50 78 92 61 59 68 141 138 126 128 84 66 70 61 47 47 45 47 53 56 71 55 44 44 44 44 44
44 49 52 48 50 55 79 77 72 56 49 49 51 43 45 50 42 43 46 50 50 47 44 42 43 43 43
58 94 75 74 87 96 96 99 108 78 67 68 71 61 45 46 45 52 64 78 55 42 45 49 44 44 44
84 122 87 100 118 118 107 111 103 82 76 77 76 64 47 49 46 71 198 96 46 46 51 44 44 44 44
57 116 97 109 123 136 130 132 87 74 69 73 64 50 47 46 45 50 55 50 46 45 45 44 44 43 44
52 79 81 102 178 199 172 172 77 69 90 94 67 52 46 47 47 48 50 48 50 45 44 44 43 44 45
79 167 224 315 468 402 319 318 203 191 204 247 174 89 59 59 66 62 61 60 56 53 47 47 46 46 46
57 73 104 166 310 266 209 208 163 172 246 351 243 74 59 62 59 54 58 57 53 47 47 48 45 46 46
47 46 45 49 55 65 72 71 54 65 85 94 70 47 46 46 43 43 50 44 44 45 44 43 45 44 44
43 48 56 55 76 83 80 79 100 92 100 92 89 67 50 54 46 46 51 47 47 50 45 44 47 44 44
45 54 53 56 62 74 83 83 96 86 78 77 86 75 52 49 46 46 46 52 44 45 46 44 44 46 44
43 46 46 53 52 51 60 59 71 59 53 57 61 49 45 44 42 43 44 44 44 44 46 44 44 44 43
43 47 45 58 60 55 69 67 76 64 54 59 59 47 46 50 42 44 44 44 45 44 44 44 44 45 45
54 77 81 100 103 104 118 117 116 90 78 92 83 64 55 50 44 46 48 47 47 43 46 49 44 44 45
56 118 110 104 99 91 92 92 69 64 57 57 57 55 47 46 44 45 46 48 46 43 44 44 44 44 42
59 63 71 70 65 71 63 62 50 49 48 45 47 51 45 44 43 44 44 43 45 44 44 44 42 44 49
63 104 92 97 98 118 77 77 63 53 51 54 58 49 46 47 42 46 50 45 46 48 44 46 46 43 44
264 302 191 184 184 173 111 112 81 65 63 66 61 54 51 50 49 47 56 47 49 48 46 46 44 46 47
253 299 156 136 119 111 82 84 63 52 52 53 51 48 46 44 50 46 49 46 45 47 46 45 47 48 46
86 113 79 72 64 62 59 56 50 52 46 46 46 45 45 44 48 45 46 45 44 46 50 44 46 44 45
86 110 93 84 75 70 72 68 54 49 48 48 50 46 47 53 45 47 55 44 48 58 54 48 48 44 46
148 180 157 119 107 82 76 80 59 51 52 51 52 50 49 52 50 54 49 46 49 60 52 52 49 49 48
141 145 94 93 82 72 63 64 52 48 48 48 47 46 44 48 44 46 42 45 48 46 46 46 45 51 47
65 62 49 50 52 49 49 48 47 45 44 44 45 44 45 41 43 45 45 46 44 46 45 44 48 49 54
48 49 47 46 47 46 46 46 42 44 50 44 43 44 44 44 42 44 48 44 46 50 51 59 64 80 103
