43 44 46 48 53 61 293 207 159 53 51 49 51 364 333 207 65 55 45 47 45 44 45 45 44 44 45
42 49 45 43 46 50 155 58 56 47 46 46 47 67 110 261 76 49 42 44 50 44 44 43 42 44 48
42 42 44 42 44 44 52 45 42 44 47 44 43 44 46 57 48 43 43 46 43 43 44 40 43 48 49
42 50 44 42 44 49 75 48 43 44 47 44 45 44 44 53 49 44 43 42 44 42 43 46 43 44 46
45 44 43 43 48 83 120 58 46 48 45 44 45 45 51 103 74 45 48 42 44 44 43 44 45 44 47
43 44 44 44 47 77 94 52 46 44 45 43 45 48 52 97 96 45 45 44 44 42 44 47 44 42 44
42 40 44 42 46 71 62 44 43 43 44 44 43 44 50 60 58 43 43 44 44 43 41 43 48 44 43
42 43 42 45 72 212 168 81 48 45 45 45 46 47 52 87 90 54 44 44 43 44 47 44 44 44 43
43 48 46 46 102 249 234 116 54 50 45 48 53 52 87 196 200 89 48 46 44 44 44 44 44 42 45
42 44 46 44 61 94 96 59 47 46 46 46 46 47 71 135 156 85 44 44 44 43 44 44 44 44 45
40 49 50 46 129 165 174 93 48 46 46 46 46 49 58 85 83 62 45 45 44 42 43 44 43 44 43
43 42 50 53 202 202 209 176 54 50 49 49 49 50 103 152 146 146 52 52 46 44 45 42 45 50 45
43 51 46 47 119 162 160 99 51 47 47 46 47 50 93 119 136 153 48 47 45 44 44 44 42 47 50
44 43 53 42 57 86 73 49 49 44 44 44 45 44 48 65 81 68 44 42 44 44 44 43 43 44 46
43 44 46 44 64 168 116 48 46 44 44 45 43 45 52 52 63 50 42 44 48 44 42 43 42 43 45
42 44 49 44 53 123 94 48 44 44 44 44 45 44 48 54 91 54 44 46 41 44 49 44 42 45 43
42 47 53 44 52 58 56 44 43 43 43 43 44 42 44 52 65 47 44 42 44 47 44 42 42 43 44
42 43 45 43 50 57 58 49 44 43 44 43 44 44 43 46 50 53 44 43 44 44 43 49 44 42 47
42 43 45 44 50 99 102 54 46 44 44 44 45 46 45 68 80 55 44 47 45 42 43 42 43 44 49
44 49 45 43 50 136 159 74 51 49 50 47 48 49 59 139 125 98 46 45 45 45 44 43 44 44 46
43 44 45 42 49 78 100 63 45 46 51 45 44 46 58 104 94 72 49 44 45 44 42 43 44 44 46
43 42 45 45 56 120 163 148 60 49 46 47 46 51 69 100 80 58 45 43 45 45 44 44 43 44 48
44 46 55 56 98 341 380 303 186 72 60 60 60 95 261 248 208 134 54 49 49 43 46 49 45 45 49
45 48 61 62 68 213 263 206 176 74 60 58 59 116 280 263 187 151 76 56 47 46 43 45 45 46 52
44 49 110 107 61 93 149 110 87 59 51 50 51 66 136 138 112 126 77 77 49 50 45 44 44 43 45
46 64 52 63 86 153 170 143 142 71 56 56 57 128 176 156 145 106 68 53 48 53 49 44 44 44 44
44 66 47 46 68 104 148 110 116 68 53 54 56 125 119 139 110 124 60 52 57 69 52 45 44 44 43
45 51 46 44 48 51 81 86 75 53 49 49 54 75 115 118 98 54 46 47 72 46 44 49 44 42 44
44 51 61 52 53 93 174 241 200 118 72 67 87 165 156 148 84 57 46 49 48 45 45 43 45 48 46
44 47 301 84 60 152 201 277 223 217 156 141 156 252 195 197 133 73 51 93 89 46 46 46 45 46 50
44 43 56 51 58 85 145 202 197 217 193 203 188 231 156 161 104 61 49 92 69 45 46 48 46 46 46
45 45 49 48 53 92 129 151 150 146 117 122 139 161 137 185 116 56 47 52 47 46 44 45 46 46 48
44 51 51 48 51 59 85 124 129 133 102 117 134 139 112 112 79 51 46 54 46 46 45 44 47 45 47
42 44 46 46 48 50 70 90 99 109 84 101 105 110 91 78 59 49 46 49 46 44 45 44 45 48 46
43 44 46 45 46 47 57 71 83 89 66 64 88 111 65 58 48 45 51 46 44 43 43 43 44 44 48
46 48 44 50 56 51 57 93 155 177 121 153 143 158 93 65 55 49 46 58 47 44 44 42 44 45 45
46 44 46 46 49 53 51 64 97 112 129 116 99 100 61 54 49 46 46 54 45 43 45 43 43 44 45
46 43 44 46 47 49 44 44 47 51 53 51 51 48 46 44 43 48 45 45 44 42 43 43 43 43 43
44 45 46 84 72 49 47 46 63 78 73 65 63 62 56 48 45 43 55 71 45 43 44 42 43 44 45
43 49 48 115 105 46 47 49 60 74 78 58 62 56 49 49 42 45 58 84 46 44 42 46 46 44 49
42 43 43 71 68 44 41 45 51 49 48 45 46 45 45 43 43 43 51 61 44 43 44 43 49 44 43
44 47 47 215 503 63 52 56 70 95 105 64 78 72 58 54 54 50 165 294 46 43 44 49 45 44 46
42 43 43 62 123 52 49 49 68 92 78 56 67 58 52 50 47 47 62 69 45 44 44 42 44 48 44
41 43 43 51 54 44 45 44 51 63 54 48 51 49 49 46 44 44 46 46 44 48 44 42 43 42 44
44 39 45 54 69 50 51 68 101 100 112 72 77 82 75 67 50 48 62 82 43 44 44 44 44 44 44
44 47 47 51 94 60 58 115 142 138 129 107 109 109 103 94 68 52 58 83 51 46 46 44 43 44 45
43 45 45 44 61 50 50 76 96 95 84 62 56 62 60 61 49 48 45 50 45 44 44 43 44 44 45
43 45 46 48 50 50 54 79 125 102 85 81 71 69 92 104 78 53 47 68 46 45 45 42 44 49 45
46 47 56 54 67 81 102 211 456 345 239 223 193 189 215 330 238 96 60 97 56 48 47 46 45 47 52
44 45 46 49 61 64 88 166 282 255 159 121 109 116 148 204 156 73 55 58 47 46 45 46 42 45 51
43 45 44 46 46 44 47 52 62 67 58 52 53 51 63 67 51 50 47 46 45 44 42 44 47 44 44
42 44 46 46 50 52 61 78 82 127 109 78 66 87 116 147 76 104 72 53 46 46 42 44 49 44 44
43 44 45 49 50 57 77 86 95 159 136 116 98 119 134 154 82 87 60 52 46 46 46 43 45 49 46
43 44 44 45 47 50 58 68 82 96 82 83 82 82 80 83 63 57 54 48 45 44 44 45 45 43 45
42 44 42 44 52 51 53 57 63 67 63 66 64 67 65 71 61 53 49 58 48 44 46 42 45 47 43
43 49 47 46 63 85 87 86 100 96 108 120 116 106 102 114 92 66 61 71 54 51 55 46 48 47 44
43 46 49 53 75 92 85 99 101 98 121 142 128 110 108 99 85 69 60 57 52 47 50 49 46 46 46
42 43 45 46 51 53 55 59 61 63 61 73 65 62 61 56 53 54 52 46 46 46 47 48 46 44 46
43 46 50 46 50 52 57 58 59 59 59 67 63 63 59 59 52 55 60 48 47 50 54 49 49 44 44
43 44 53 65 69 76 87 87 88 81 86 109 112 112 91 97 81 90 64 60 63 65 63 59 53 47 46
43 44 57 74 83 88 98 94 101 97 101 131 148 143 106 120 109 116 67 63 58 63 54 62 53 47 47
42 44 45 51 62 58 65 61 64 68 69 76 82 82 71 81 67 74 55 51 48 51 48 46 48 49 48
42 43 44 45 49 50 54 56 54 57 63 61 65 65 62 72 59 65 54 50 49 57 51 47 48 50 60
42 41 46 49 51 57 71 73 63 70 67 82 82 93 92 92 95 84 61 58 60 70 69 57 66 76 119
