43 43 44 44 44 46 71 46 46 45 45 45 45 46 48 58 111 289 66 46 45 43 44 45 43 45 43
44 44 46 42 43 45 59 45 41 44 49 44 43 43 44 44 48 88 50 44 44 44 42 44 43 46 45
44 43 44 44 44 57 153 56 45 44 44 43 44 44 44 45 59 84 42 43 47 44 45 44 42 43 45
43 45 44 44 44 67 165 63 48 45 44 44 45 45 45 44 101 150 55 41 44 44 44 47 44 42 44
41 43 43 44 45 55 65 45 44 43 44 44 44 44 44 44 72 102 53 42 44 46 44 46 43 42 44
41 42 44 43 47 78 96 52 44 46 44 42 44 44 44 44 53 60 49 44 44 46 44 42 43 43 45
43 42 49 47 65 230 218 105 48 46 44 46 46 46 46 51 116 107 66 48 45 46 45 42 43 44 44
44 44 47 46 51 135 191 98 49 46 44 46 51 46 45 64 150 148 111 54 45 44 47 44 42 43 44
43 46 44 44 44 61 84 56 44 44 48 44 44 44 43 47 65 77 64 42 49 42 43 44 42 43 48
43 46 45 44 57 154 190 118 46 46 51 46 45 46 46 55 91 96 64 49 44 44 45 42 43 48 44
43 45 49 46 59 238 277 185 55 48 49 53 49 49 51 98 174 206 184 49 48 46 46 43 44 43 45
44 44 46 44 43 77 119 67 46 44 45 50 46 44 45 49 102 129 91 44 45 42 44 47 44 44 44
43 42 44 44 46 64 83 50 44 42 44 44 44 44 42 44 47 53 46 44 44 43 44 42 43 49 44
47 42 44 45 49 66 132 51 46 44 44 44 44 45 50 48 56 77 55 47 44 44 41 43 49 44 42
43 41 44 49 45 44 52 43 43 44 44 43 45 44 46 45 50 56 56 47 43 43 44 44 44 43 44
43 41 46 48 44 42 44 43 43 44 43 44 46 44 44 44 46 44 50 45 42 43 42 43 44 43 44
44 44 42 44 51 44 44 45 43 43 44 44 44 46 44 45 48 46 46 53 45 42 44 42 43 44 44
43 44 42 43 50 45 47 47 45 44 45 43 44 48 44 45 56 53 47 51 45 42 44 43 43 44 44
43 43 44 41 44 49 48 46 44 43 44 44 44 44 46 45 46 50 45 43 44 42 43 44 43 44 43
43 44 48 43 44 46 63 86 56 44 46 48 46 44 45 54 62 58 44 42 44 42 43 44 44 44 45
44 44 47 43 45 51 113 184 121 56 54 51 49 53 60 130 150 117 52 46 44 45 44 44 44 44 45
43 44 44 44 44 46 73 103 102 51 48 47 47 49 55 106 116 98 42 44 50 44 45 44 42 43 45
42 43 46 44 43 45 72 82 86 50 45 46 47 46 54 67 74 57 45 39 44 47 44 45 44 42 46
42 46 46 44 46 52 129 185 207 129 59 59 59 60 112 163 132 108 53 40 46 51 47 45 44 48 45
43 46 45 45 46 51 112 180 220 116 63 63 64 66 127 189 163 118 53 50 47 47 48 43 44 46 45
46 44 44 45 44 44 53 78 93 59 50 47 56 55 64 102 115 63 46 48 45 44 45 42 43 44 46
44 50 46 44 46 47 88 133 134 125 94 67 79 114 140 173 140 78 48 44 48 46 48 46 42 44 45
48 60 49 46 49 58 191 285 244 259 238 213 189 266 236 266 275 189 70 48 48 51 56 48 48 46 45
46 52 47 45 47 54 130 226 204 199 179 191 173 266 199 211 184 137 52 48 47 49 52 45 45 48 47
49 47 44 44 44 45 59 99 95 118 106 108 95 146 108 107 72 54 44 44 45 45 47 44 44 46 44
50 51 46 46 46 51 83 159 167 174 167 180 160 191 159 191 126 90 48 45 46 46 51 49 45 44 45
46 50 48 45 47 55 80 155 173 187 177 225 189 202 175 209 132 80 47 46 47 48 52 43 45 48 46
44 46 46 45 46 50 56 88 124 146 147 195 170 168 167 127 71 51 46 45 46 46 48 45 48 45 43
43 47 41 44 43 45 53 54 63 99 116 121 116 113 90 63 48 47 44 44 44 44 46 45 42 44 47
44 50 46 49 46 44 50 60 70 149 130 139 146 173 113 68 53 49 51 45 44 45 48 44 44 43 45
44 48 43 45 49 46 47 54 57 85 129 122 109 131 72 53 48 46 45 44 46 45 47 44 43 44 45
44 44 44 44 44 44 42 46 51 54 68 62 58 58 49 45 45 43 44 41 44 42 44 49 44 43 44
50 52 43 43 44 43 44 43 45 57 59 53 50 49 46 45 42 43 44 41 44 48 45 43 44 44 44
110 138 47 44 45 42 48 59 57 96 117 88 76 79 60 50 46 45 44 42 44 48 57 49 43 44 57
207 680 51 44 46 45 47 56 71 123 118 90 85 84 67 52 52 46 46 45 44 50 88 58 46 45 46
52 88 47 44 45 44 46 48 53 68 64 50 51 53 49 46 43 45 40 44 48 52 451 54 42 44 45
64 128 71 46 45 46 51 68 98 134 118 76 87 89 70 55 49 46 46 41 47 128 380 108 46 44 45
69 225 109 54 46 48 63 130 164 166 165 125 111 116 93 72 56 51 46 41 49 163 258 66 45 45 49
44 90 66 48 46 44 62 109 95 108 116 88 76 72 65 57 50 44 45 49 46 59 68 45 44 45 44
44 50 55 45 45 46 56 124 98 89 87 71 69 70 71 69 56 45 45 50 56 59 49 44 43 44 44
46 63 81 66 49 72 172 315 278 182 154 151 152 167 168 201 111 68 47 53 96 84 59 47 45 46 46
46 56 56 56 52 81 132 246 245 149 148 124 130 149 182 179 98 60 46 49 55 51 56 46 46 45 44
44 45 44 47 44 46 48 58 74 73 61 58 64 71 92 71 54 47 46 44 45 44 45 45 45 45 44
49 50 45 45 51 83 89 119 159 125 98 105 130 138 125 114 87 67 64 47 47 48 51 48 48 46 45
47 50 44 45 49 69 76 125 138 107 84 113 131 153 109 96 77 72 56 45 46 47 48 44 47 50 46
43 49 44 42 44 44 46 52 58 53 50 51 70 61 53 49 48 46 45 42 44 47 45 44 44 46 44
42 40 44 46 44 45 45 46 47 50 49 53 54 51 54 48 44 45 44 44 44 43 45 44 45 46 42
43 46 42 44 46 48 61 73 85 92 87 110 102 77 71 67 59 60 50 47 44 46 51 44 45 45 43
44 52 45 46 48 50 65 74 79 91 77 82 83 64 58 54 51 48 51 47 44 44 46 44 44 42 46
42 45 45 44 49 47 48 49 49 52 51 49 49 51 46 44 44 45 40 46 45 46 40 43 49 44 44
43 48 44 45 51 56 51 57 65 61 59 66 57 50 53 48 48 49 46 51 47 48 47 50 44 42 45
43 51 46 53 72 93 92 95 109 102 98 108 89 67 67 64 56 56 55 48 59 51 50 47 45 43 45
42 48 49 56 60 76 79 86 76 72 77 80 63 55 50 52 48 47 47 44 46 50 50 46 42 44 48
44 43 46 47 47 50 51 54 58 53 53 53 50 47 46 45 50 46 45 45 46 48 58 46 46 45 43
43 46 47 50 52 59 68 69 68 66 66 69 63 63 58 57 53 58 50 53 55 64 65 53 52 46 48
43 48 56 57 70 78 92 95 87 91 86 92 84 77 66 75 74 76 56 54 54 71 60 56 51 50 48
44 46 47 52 68 68 78 71 65 65 62 62 58 52 54 63 55 51 48 43 46 55 47 45 47 48 48
44 43 44 44 47 46 50 55 49 47 49 46 47 47 46 48 47 44 46 49 46 44 45 44 48 51 54
41 45 46 43 44 46 47 50 49 48 49 50 50 51 50 48 47 48 48 51 50 51 55 58 63 85 103
