43 44 44 44 43 44 47 46 46 46 46 54 152 213 65 54 46 44 47 44 45 44 43 44 44 46 46
44 43 46 44 44 43 44 44 44 44 44 44 62 69 50 44 43 43 44 43 47 44 42 43 43 44 48
43 42 43 43 44 43 44 45 46 45 47 47 48 137 85 47 46 43 44 44 44 43 44 44 43 45 46
47 44 42 43 44 43 44 45 45 46 46 50 50 146 105 54 46 44 44 40 44 41 44 48 44 42 45
42 44 42 43 44 43 44 42 45 50 46 44 47 96 100 58 44 43 48 43 44 44 41 44 48 44 44
43 44 44 42 43 43 44 44 42 44 44 44 46 64 71 50 43 43 44 40 44 48 44 42 43 42 45
44 39 44 49 44 43 45 46 48 49 48 47 68 142 203 130 48 45 44 44 42 44 49 44 43 44 43
42 45 40 44 49 44 46 50 51 51 51 50 98 206 235 206 67 48 45 44 42 44 49 44 43 44 43
43 49 44 42 44 43 44 46 46 47 46 46 65 95 121 99 47 43 44 43 43 43 44 43 43 42 44
41 44 49 44 44 44 43 46 47 47 52 45 86 115 116 109 65 44 41 45 44 46 42 43 44 43 44
41 45 50 44 43 44 44 46 49 49 52 47 81 135 127 138 87 47 49 44 45 43 44 44 44 44 43
43 41 44 48 44 43 44 44 46 46 46 46 49 81 104 100 63 44 44 43 44 43 44 43 44 46 44
43 43 44 42 44 46 44 45 44 42 44 44 45 45 56 50 44 42 43 43 43 43 43 43 46 43 44
44 42 44 44 44 43 45 45 47 45 44 44 50 52 78 70 54 45 42 43 44 43 43 43 43 44 47
43 42 44 47 44 44 44 42 43 44 45 44 44 46 55 50 46 43 46 43 45 43 42 42 43 43 44
42 43 43 44 45 44 46 44 42 43 44 44 45 42 46 50 43 42 43 42 44 46 44 43 43 43 44
42 43 42 44 46 44 45 44 43 43 45 44 46 44 53 54 46 43 44 45 45 44 44 42 42 44 44
42 43 44 43 44 44 44 47 46 45 45 44 47 53 70 74 51 43 46 44 43 43 46 44 42 43 44
42 43 43 43 44 43 44 43 44 47 45 42 44 45 51 56 44 47 44 44 44 42 43 44 44 44 40
42 46 45 42 44 43 44 45 45 49 53 45 45 49 74 75 47 44 45 43 46 44 42 43 43 43 44
46 46 45 46 46 44 51 55 75 120 66 54 63 76 206 192 102 46 48 45 46 44 43 43 44 44 45
44 44 44 44 44 46 45 52 72 89 57 51 51 64 151 152 95 47 44 42 44 42 44 47 44 44 52
46 46 45 44 44 44 47 54 88 92 63 51 51 63 115 102 71 43 44 40 44 43 44 48 44 43 46
47 57 47 44 45 46 56 83 196 163 102 70 67 84 136 136 112 54 51 44 45 44 42 44 49 48 44
58 83 82 44 45 45 57 117 180 156 103 82 77 79 160 131 128 55 50 46 47 48 46 44 44 45 45
45 43 49 49 45 44 49 78 123 97 66 65 97 62 102 107 97 50 45 44 42 44 49 44 43 44 45
51 52 44 49 51 49 78 191 207 214 179 99 108 156 184 261 146 61 46 46 46 46 50 46 44 45 45
61 67 58 49 49 52 204 377 364 405 382 306 257 334 363 413 291 155 53 50 49 51 51 50 50 50 48
54 62 61 47 47 50 176 301 307 295 299 256 228 333 271 305 177 99 50 52 47 49 49 45 48 53 48
50 48 46 44 44 45 54 100 102 119 115 109 89 122 121 114 73 48 45 42 44 44 44 45 42 44 50
47 51 46 47 47 46 69 132 119 131 140 120 104 158 130 144 111 60 44 44 46 45 46 44 45 50 45
47 48 46 43 46 51 61 131 141 140 142 125 108 170 149 169 106 54 46 45 46 46 43 45 50 45 44
47 47 43 45 44 45 56 80 110 103 110 110 105 114 113 108 68 48 45 44 45 44 44 45 42 44 49
53 47 42 44 43 45 54 57 73 99 127 156 156 139 95 68 53 48 43 44 45 45 45 42 44 50 45
53 52 44 45 50 46 54 71 85 192 169 204 216 219 126 79 61 51 46 45 46 45 49 46 44 45 46
62 53 43 46 50 46 51 58 67 104 139 172 125 132 78 61 52 46 46 49 46 44 45 43 44 45 44
48 47 44 42 44 47 45 47 48 58 74 64 57 60 47 47 43 43 43 43 44 44 44 43 43 38 43
74 76 43 43 43 43 45 46 48 59 60 56 51 51 47 46 43 43 44 43 44 43 44 46 44 42 43
110 96 46 44 45 47 47 50 60 83 98 68 65 74 66 51 46 44 44 44 44 44 43 44 43 44 44
279 108 47 46 44 46 47 50 68 104 95 68 69 76 68 52 46 44 44 44 44 44 44 44 46 44 43
140 58 44 46 45 42 45 46 56 69 62 50 54 53 47 46 45 43 49 44 42 43 43 44 44 42 44
137 148 47 44 45 45 51 67 118 160 134 87 91 93 71 59 52 46 46 40 45 46 45 48 44 43 44
153 288 63 47 47 47 75 141 228 232 226 185 148 148 108 82 64 51 48 46 47 46 46 46 49 46 44
51 95 53 45 43 44 68 113 114 119 123 105 78 71 63 59 51 45 45 46 45 46 45 43 44 44 44
46 52 53 47 46 44 58 104 82 84 86 68 72 68 67 68 56 46 44 44 44 44 47 45 42 43 43
51 56 98 68 47 58 133 266 202 128 110 115 108 111 105 117 97 54 45 46 48 46 48 46 44 45 45
49 55 82 72 56 72 162 200 167 116 124 93 104 103 102 124 100 51 44 45 46 45 46 44 46 49 46
46 46 49 48 44 45 56 72 75 68 56 58 72 91 104 109 70 53 45 46 44 44 44 41 46 48 45
57 57 49 48 60 68 92 135 235 174 133 119 172 254 214 207 186 136 55 47 47 50 48 47 46 50 51
49 56 49 46 50 61 75 100 165 136 104 91 158 224 186 199 183 176 62 47 47 48 48 47 44 50 51
43 50 44 43 44 43 44 46 51 50 46 47 56 56 55 54 51 59 51 46 46 44 43 44 50 48 44
43 44 41 43 42 44 50 46 47 49 47 50 53 49 48 49 46 52 65 64 55 47 48 56 51 49 47
45 46 42 44 44 46 57 62 66 72 69 92 90 69 69 71 63 78 106 126 95 96 95 89 58 54 51
45 49 42 45 51 48 55 62 60 68 64 76 75 63 58 54 52 59 64 66 74 70 86 66 55 50 48
44 45 41 44 50 47 47 49 47 51 51 54 51 53 49 48 48 49 50 63 59 53 62 53 53 57 46
44 49 44 42 48 58 51 53 56 56 58 68 64 58 61 56 52 57 59 65 72 71 86 74 72 63 46
46 53 46 48 64 78 74 77 83 80 89 116 103 80 87 81 67 70 67 63 80 68 84 73 66 64 47
45 47 46 49 56 70 65 70 64 66 76 91 75 66 65 62 51 53 50 53 54 60 54 52 51 54 45
43 43 46 45 46 49 52 54 50 52 58 60 57 55 54 53 46 51 55 52 47 59 62 55 56 52 44
44 44 46 47 49 51 62 66 67 65 63 76 81 78 69 72 71 78 65 62 60 89 88 70 80 82 46
45 48 47 50 62 71 78 86 77 82 76 97 106 104 88 104 103 116 74 66 65 105 75 77 76 73 47
44 46 45 47 58 63 67 68 63 63 60 63 63 62 65 74 67 74 59 55 48 57 53 52 56 55 47
46 44 44 44 47 45 48 52 48 48 49 48 48 49 51 56 51 52 49 51 48 52 50 47 57 53 55
45 46 44 44 45 44 46 48 49 49 46 50 56 53 52 57 51 60 50 50 63 65 65 70 74 88 106
