43 44 44 44 45 50 82 133 61 50 49 48 51 76 436 343 129 50 45 46 43 45 47 44 43 44 47
43 42 46 44 43 44 60 70 55 43 45 49 45 53 79 77 48 42 44 45 44 46 44 42 44 43 50
45 44 43 44 45 74 257 118 68 51 47 46 48 53 81 150 90 44 47 44 45 44 44 44 42 43 49
42 43 41 44 49 54 107 57 46 46 46 45 46 50 62 162 63 46 44 50 44 42 44 42 43 44 46
42 43 44 40 44 52 63 46 44 43 44 44 44 44 50 97 55 43 44 43 49 43 43 44 43 44 48
42 44 44 42 44 77 130 48 42 44 49 44 44 44 45 63 49 43 44 44 42 43 48 43 44 44 43
42 44 40 44 51 265 282 77 46 46 46 46 47 44 58 163 119 46 44 44 45 44 44 46 44 44 44
42 44 40 44 51 127 159 64 46 47 46 46 47 46 59 214 216 48 44 45 45 42 44 47 44 44 44
40 43 47 44 46 58 58 45 44 44 44 41 45 49 46 69 74 44 44 46 44 42 43 43 43 44 41
42 43 42 44 64 119 145 67 44 44 45 44 46 46 51 80 84 48 44 43 44 43 43 44 43 44 46
43 43 45 49 85 227 270 118 49 48 48 48 49 49 88 161 163 92 48 46 46 44 43 44 44 44 45
43 43 46 45 56 92 120 66 46 44 45 46 46 46 72 115 125 75 46 44 44 43 44 44 44 43 45
44 43 46 45 73 180 140 65 48 45 44 44 44 44 49 56 62 46 43 43 43 43 44 43 43 43 44
43 47 46 46 118 303 324 171 51 50 52 49 48 50 94 147 150 101 46 46 45 44 45 44 44 46 45
42 44 44 44 56 124 190 79 47 46 46 47 47 44 71 143 159 88 47 44 45 47 44 42 43 43 44
41 43 44 43 45 51 59 44 43 44 44 43 44 43 45 48 51 44 43 48 44 43 44 42 44 44 44
42 47 46 43 47 78 92 51 45 43 44 44 44 45 44 48 49 46 40 44 48 43 44 43 42 43 44
42 43 45 44 44 52 60 47 47 44 44 44 44 47 46 50 50 50 40 44 49 44 44 44 42 43 44
42 43 44 44 42 44 49 44 43 43 42 43 44 43 44 43 41 44 48 44 44 43 42 43 43 43 44
43 43 45 43 43 44 46 44 44 40 44 49 44 43 44 44 40 44 48 43 44 43 42 43 43 43 44
43 44 44 43 44 46 57 50 45 42 44 49 44 43 45 51 46 44 45 47 44 44 43 42 43 43 44
42 43 42 43 44 46 64 50 45 50 44 43 44 43 46 67 56 45 46 45 45 40 44 41 43 49 44
42 43 42 43 44 45 65 55 46 50 45 43 44 43 51 60 51 43 48 43 44 44 40 43 49 44 43
42 44 46 45 49 61 166 153 83 52 54 52 49 51 123 135 84 51 46 46 45 43 44 43 39 46 49
43 44 48 49 52 56 166 153 94 55 56 52 50 59 160 165 110 62 55 51 44 44 49 44 44 44 43
42 44 43 50 50 45 53 58 48 45 45 45 46 45 72 74 54 48 57 47 44 44 44 43 49 43 42
43 64 51 46 48 48 78 96 74 48 48 45 47 58 85 113 66 52 47 45 54 43 44 47 44 42 44
46 83 55 50 61 63 154 200 142 69 60 68 62 109 192 206 149 138 55 64 106 44 45 45 44 44 45
48 46 48 45 49 50 88 132 97 55 52 58 54 70 126 143 87 122 48 46 55 43 45 44 42 44 48
42 43 44 47 46 49 81 86 64 64 50 51 60 67 64 81 54 46 45 46 44 43 43 43 43 44 44
42 48 54 45 51 75 120 140 105 105 93 83 93 118 97 119 92 60 47 64 60 44 44 44 47 44 45
43 50 52 48 53 69 133 182 143 147 139 133 126 160 126 178 114 60 48 81 56 44 46 44 45 47 45
43 46 45 46 50 49 76 110 118 123 110 113 123 144 115 104 67 49 46 47 45 44 45 43 44 48 45
44 50 43 48 55 54 114 176 178 187 160 168 168 203 172 133 84 56 49 51 46 44 45 45 44 45 48
43 45 46 51 57 55 114 189 180 198 200 204 176 232 159 141 88 55 50 66 47 45 45 44 45 46 46
43 45 45 46 54 55 74 121 166 179 154 164 142 173 118 83 59 51 43 54 51 44 45 44 43 44 46
42 43 44 50 47 44 46 50 64 74 70 68 62 66 52 47 44 45 40 45 50 44 43 43 42 43 44
42 44 49 108 66 47 54 53 80 105 96 103 91 86 58 54 44 46 62 60 44 44 43 43 44 44 44
42 46 51 153 109 48 49 53 65 98 99 85 92 75 52 50 44 46 70 71 44 44 43 43 44 44 44
42 43 44 73 63 45 45 46 48 60 63 55 58 50 46 45 44 41 48 57 44 43 43 42 43 44 44
42 43 43 64 82 47 45 42 47 63 58 52 57 53 47 46 43 42 59 63 44 48 44 44 43 42 44
42 44 46 169 672 123 57 65 85 132 139 92 109 102 69 62 52 53 208 187 45 46 47 45 47 45 44
43 42 44 58 158 70 48 51 79 105 94 68 82 73 59 53 47 47 76 64 45 44 43 44 47 44 43
42 42 43 43 51 45 44 46 46 53 56 47 48 49 47 45 43 44 46 47 42 43 49 43 42 43 43
43 43 40 48 74 56 48 60 95 102 124 77 86 95 79 67 51 49 60 70 44 44 47 44 46 44 43
44 45 48 55 100 67 55 92 135 142 139 118 116 120 111 93 68 52 62 77 47 47 47 46 44 43 45
45 44 46 46 57 52 48 63 88 86 80 72 62 61 64 61 54 44 46 51 44 44 47 43 42 44 43
43 44 44 46 48 50 58 78 113 95 87 78 76 70 102 119 94 52 52 65 46 48 45 43 44 44 44
42 46 46 51 75 70 90 207 363 288 193 179 180 169 178 281 209 99 61 117 58 47 47 46 46 47 44
44 49 46 49 61 60 89 174 234 213 143 118 117 115 147 187 161 88 59 67 46 45 46 45 46 43 46
41 44 45 44 48 45 48 56 61 69 60 51 50 60 66 67 55 55 47 47 44 43 44 44 43 43 44
42 44 45 46 49 50 66 74 71 99 97 83 73 89 117 130 78 116 81 55 47 45 45 42 44 47 45
43 49 46 48 52 53 73 87 86 122 121 115 101 122 123 120 79 92 66 51 48 47 45 45 42 44 44
42 43 44 46 45 50 64 68 80 91 77 83 84 82 76 82 62 59 51 53 46 43 44 44 46 45 43
43 43 44 42 47 57 55 56 67 67 62 66 59 62 65 64 56 53 45 51 52 44 44 44 43 44 45
42 48 45 48 65 77 84 86 92 91 96 108 103 97 88 98 81 63 57 68 57 51 50 46 48 45 47
43 48 45 60 80 95 94 104 100 99 118 138 126 108 101 101 81 64 63 60 51 48 48 46 46 45 46
42 44 44 49 54 54 56 61 64 65 63 73 66 63 59 57 53 50 53 47 45 45 45 46 46 42 44
42 46 44 48 50 50 57 58 59 62 57 66 63 63 57 58 53 52 54 51 47 48 51 45 47 45 44
42 45 48 61 68 72 86 88 83 81 92 113 111 115 90 92 78 88 70 53 58 63 60 54 54 50 45
42 44 58 72 86 85 100 108 102 101 110 143 155 151 108 127 115 123 68 69 55 64 58 58 54 50 46
43 42 46 54 64 61 66 68 66 70 77 91 89 87 74 86 71 75 56 52 45 54 52 47 46 46 47
44 42 44 46 49 51 52 59 60 56 66 67 63 64 61 71 58 63 51 49 53 53 51 48 47 50 59
43 45 48 47 53 58 72 76 63 71 72 89 78 91 89 88 90 81 62 58 60 69 71 61 69 81 119
