42 44 44 44 44 44 44 44 42 44 47 71 251 179 52 52 46 45 46 47 46 44 47 46 44 51 46
43 42 44 44 44 43 44 47 44 42 45 47 74 56 43 45 44 42 46 43 44 44 44 44 43 46 51
44 44 45 43 44 47 44 43 44 43 46 50 123 96 51 52 44 44 45 47 47 42 43 44 44 46 44
43 47 44 44 44 46 44 42 43 43 46 46 72 112 66 48 45 45 44 46 49 44 42 43 44 44 46
42 44 43 43 42 44 48 44 42 43 45 45 55 81 59 48 45 44 47 44 48 45 42 43 43 44 45
42 46 44 43 44 44 46 44 42 43 44 45 48 65 73 55 45 44 47 44 43 43 43 43 44 43 45
43 45 43 44 45 43 45 43 45 47 48 54 61 187 300 133 60 50 48 46 44 44 46 45 44 44 46
42 45 43 44 45 44 44 41 44 50 50 55 64 165 394 305 90 64 56 51 50 46 46 46 45 46 44
42 42 44 44 44 41 44 48 44 43 45 46 50 59 141 147 58 49 46 45 44 39 43 44 45 45 44
44 44 46 44 42 44 43 43 44 43 45 51 50 58 96 89 73 63 51 43 44 43 44 44 43 44 48
42 43 45 47 45 44 43 44 43 45 44 47 55 62 102 100 110 103 68 52 46 45 44 44 51 44 43
43 42 43 44 46 44 41 44 49 44 44 46 50 53 92 95 122 123 72 50 51 46 44 44 44 44 45
43 45 49 44 43 44 43 43 44 43 44 44 47 49 57 74 97 92 55 46 44 44 44 44 43 43 43
44 44 49 45 44 44 43 44 44 45 47 51 55 68 87 156 197 391 137 48 47 52 47 46 45 44 45
48 45 44 45 44 44 45 44 44 43 46 52 54 60 64 97 160 535 415 60 47 49 49 46 46 46 48
47 44 42 44 43 43 44 43 43 44 44 46 45 44 45 47 48 79 123 45 44 44 44 44 43 44 50
43 49 44 43 44 43 43 44 44 43 43 46 49 47 47 50 53 141 135 107 44 44 45 44 45 44 44
43 41 45 49 44 42 44 44 45 44 46 47 47 49 55 55 74 122 137 108 46 44 47 45 47 44 45
40 44 49 44 43 43 43 43 44 44 45 45 47 49 49 51 76 127 119 71 46 44 45 42 44 48 45
43 44 44 43 44 43 43 44 44 44 43 44 47 47 49 54 93 120 87 50 45 42 44 48 44 44 44
44 44 45 43 46 47 45 46 45 44 49 56 63 71 103 195 318 402 325 117 49 53 49 48 49 46 49
44 45 45 45 45 45 46 45 44 46 52 62 73 87 196 269 363 446 376 128 52 50 53 49 48 47 50
44 42 44 47 45 44 44 43 44 45 49 53 56 74 117 126 188 216 126 61 48 48 45 45 45 45 46
44 44 45 44 44 44 44 43 45 44 52 60 70 96 109 114 103 117 117 66 49 46 45 45 45 46 47
43 49 43 44 50 44 45 44 45 46 57 94 110 112 125 129 119 103 106 66 48 47 47 46 45 42 46
43 44 42 43 45 43 44 44 44 46 54 116 139 134 145 119 132 99 86 52 46 46 47 47 46 43 47
43 45 43 44 46 44 45 42 45 54 76 160 201 255 297 236 126 74 59 51 48 48 51 51 46 47 44
44 46 46 47 47 44 46 50 49 92 251 387 504 530 462 418 353 128 88 67 57 60 65 59 53 50 54
44 45 46 44 46 49 46 46 47 100 241 382 533 554 338 237 173 84 64 56 57 58 60 59 49 49 51
43 44 44 45 44 44 46 44 46 54 118 286 375 242 156 102 66 57 49 48 49 50 53 51 45 46 46
42 43 44 44 44 43 42 44 49 77 84 103 106 91 90 74 55 49 46 46 49 46 44 45 43 46 45
43 43 49 44 43 44 43 43 47 73 83 88 76 81 91 63 54 52 50 46 51 45 47 45 44 44 44
42 44 45 44 43 43 44 43 46 50 77 76 74 78 86 58 51 45 46 48 45 45 46 43 44 44 45
43 44 43 46 45 43 44 44 45 48 68 177 225 217 121 68 57 52 50 47 47 46 50 49 46 43 47
43 44 44 44 45 44 44 42 46 61 92 201 308 354 145 88 69 57 56 49 50 52 55 52 52 46 49
44 44 45 43 44 44 44 44 43 53 79 214 255 215 124 88 64 55 50 52 49 57 71 63 47 46 58
43 43 44 42 44 44 44 44 41 46 54 78 121 101 70 56 51 47 46 48 44 46 58 93 47 50 47
46 44 44 45 43 43 44 44 44 42 46 69 74 68 65 52 45 45 46 44 46 43 78 128 57 45 47
42 44 43 44 46 44 43 43 43 45 47 62 77 76 69 55 46 46 46 45 46 48 107 136 75 52 53
43 41 44 43 44 48 44 42 43 44 48 68 91 97 95 63 49 46 46 46 46 51 65 163 99 65 47
43 44 42 44 48 44 43 43 43 44 50 64 136 140 108 63 52 49 47 44 45 46 49 68 47 51 50
43 43 44 47 45 43 44 43 44 47 57 134 250 238 186 108 61 58 53 48 48 51 66 64 53 46 56
43 44 45 42 45 49 45 43 45 46 58 130 238 239 198 143 64 60 54 54 51 66 74 60 49 44 62
42 43 43 44 48 44 43 43 43 45 49 62 116 133 93 64 55 49 46 47 49 109 57 46 46 46 48
43 46 45 44 44 44 44 44 44 45 48 80 91 88 74 62 56 53 52 64 78 111 70 44 50 48 46
43 46 43 44 45 44 45 45 44 46 47 81 94 87 77 70 66 72 81 107 110 160 114 49 49 45 48
42 43 46 44 44 45 44 44 44 44 45 66 78 77 69 65 68 74 81 93 69 88 70 46 47 45 45
43 44 44 41 44 49 44 44 44 44 47 62 105 110 77 84 97 104 85 57 55 50 50 48 44 46 46
43 44 45 45 43 45 49 45 44 47 57 92 190 203 133 187 225 222 136 70 69 67 67 59 48 51 48
43 46 46 45 43 46 50 45 44 46 54 75 145 222 183 192 191 135 69 48 53 58 54 52 48 54 47
42 43 44 43 44 42 44 47 44 43 46 49 56 74 76 80 58 52 53 46 45 45 45 45 46 57 49
43 44 44 45 44 44 45 45 45 46 56 79 107 227 235 242 106 66 60 56 55 53 57 56 49 52 49
44 45 46 48 46 44 46 48 49 51 61 107 137 270 327 272 103 78 72 72 87 87 114 85 74 51 51
44 47 44 45 48 45 47 46 47 52 49 76 67 94 96 98 62 55 56 55 60 66 74 59 62 47 55
45 50 46 44 47 46 46 46 43 46 51 51 49 54 53 53 49 50 51 61 58 59 62 53 54 49 78
44 48 48 50 53 54 53 51 47 48 52 57 54 57 59 63 69 72 74 109 93 93 105 74 72 61 59
51 51 68 75 74 71 62 60 55 47 53 58 56 58 58 63 73 87 90 116 109 95 120 89 73 59 48
49 45 54 57 54 53 51 52 46 46 47 45 50 54 54 53 60 65 67 73 65 63 64 60 53 49 47
43 41 47 50 47 49 49 47 46 46 46 49 47 50 57 56 59 65 72 72 63 71 64 58 59 56 50
48 48 47 50 47 49 53 54 50 46 48 57 56 57 59 68 85 107 125 111 92 106 98 88 82 73 61
44 49 48 49 52 55 54 54 51 50 46 53 61 58 60 73 86 133 109 102 81 107 91 95 79 72 58
44 53 45 45 48 46 49 46 45 46 43 47 54 50 51 58 62 95 78 67 53 61 56 54 56 50 52
47 45 45 44 47 44 43 44 43 44 45 43 47 54 51 56 57 68 57 50 52 53 52 52 56 59 55
44 47 44 43 42 44 43 44 47 44 44 45 46 47 50 51 50 60 50 49 53 58 63 64 66 84 95
