44 44 44 44 42 44 46 46 46 51 81 451 107 49 52 51 44 44 43 43 46 44 45 41 44 52 46
43 46 44 43 44 40 44 49 44 44 56 81 48 45 44 44 43 44 44 42 43 43 43 44 40 44 51
42 43 46 44 44 43 44 44 44 51 97 121 49 45 46 46 44 43 43 49 45 42 43 42 43 44 44
42 43 44 41 44 49 44 44 45 57 106 127 51 46 50 46 44 43 38 43 50 44 43 43 42 43 44
42 43 44 44 42 43 44 44 45 58 88 95 46 45 44 44 43 44 44 43 49 44 42 43 43 44 44
42 44 44 43 43 44 48 45 44 73 104 68 47 43 46 50 43 44 47 44 43 43 43 43 44 42 43
44 47 44 44 45 45 47 52 72 260 330 263 95 54 53 53 51 46 46 45 44 44 44 44 44 42 44
42 46 44 44 45 45 47 51 81 236 318 329 110 54 54 54 49 47 45 48 46 44 44 43 44 45 42
42 43 43 43 45 43 44 45 56 95 137 93 55 47 46 46 44 43 43 39 45 48 44 42 43 43 43
42 44 44 44 45 41 45 52 86 114 147 129 58 49 47 48 46 43 41 45 43 44 49 44 42 44 43
43 43 44 44 44 44 43 46 113 127 127 117 53 48 49 48 46 47 44 45 45 46 45 42 43 44 43
42 41 44 49 44 43 44 44 66 86 86 68 49 46 47 46 44 43 43 42 44 44 45 44 42 43 47
43 43 46 43 44 43 41 44 52 67 55 46 44 44 45 43 42 43 44 43 42 44 49 43 42 43 42
43 43 50 44 42 43 43 47 51 93 61 53 49 46 46 44 44 43 44 40 44 48 44 42 43 42 43
48 43 43 43 44 43 44 44 45 53 47 49 45 42 44 43 43 43 46 43 43 43 43 43 43 42 44
47 43 42 43 43 43 44 43 44 46 45 46 44 42 43 44 43 42 46 41 43 44 43 44 42 43 46
43 49 44 42 44 43 43 45 52 73 57 46 49 45 43 44 41 44 43 47 42 43 44 43 43 44 40
43 48 44 42 44 43 44 46 58 84 67 46 49 46 45 45 45 43 45 49 42 43 45 43 44 42 44
40 43 49 44 43 43 43 43 48 56 49 43 45 47 45 42 42 43 43 43 44 43 44 41 43 43 44
43 43 41 43 44 44 48 46 74 99 74 47 48 45 50 56 44 44 42 43 45 43 44 41 43 47 44
44 45 45 45 46 43 49 70 182 253 157 64 59 64 116 106 61 48 46 44 46 45 45 44 42 44 49
43 44 44 44 46 46 48 53 111 146 90 54 52 54 109 117 64 47 45 47 46 44 44 44 44 44 45
43 44 44 46 45 46 47 54 112 103 89 54 50 60 101 92 66 47 47 45 46 46 43 43 43 44 47
43 45 45 45 45 45 51 83 172 140 116 73 64 73 125 120 95 63 47 45 50 55 57 46 44 51 45
43 51 44 45 48 47 51 99 166 146 112 82 73 71 132 125 122 68 53 49 47 49 55 56 48 46 45
42 45 43 46 46 46 49 72 124 104 76 66 95 69 120 123 135 62 46 46 45 44 45 45 51 42 49
46 49 45 46 48 51 70 164 204 251 174 106 124 206 236 321 212 92 50 50 50 47 46 45 46 45 43
48 55 52 53 52 57 136 306 383 452 392 324 300 402 431 470 376 235 73 56 58 57 52 50 47 47 49
46 52 51 50 51 53 100 224 300 312 287 270 254 379 294 349 235 175 54 53 52 53 53 50 45 46 47
44 44 45 46 45 46 47 74 98 120 118 110 99 149 129 131 87 65 42 45 47 45 48 44 43 44 44
44 45 46 48 46 47 50 107 122 126 134 108 100 164 124 127 100 76 45 46 51 46 44 44 43 44 45
43 47 51 46 45 47 53 98 127 128 131 114 97 156 134 152 100 66 44 47 53 47 46 44 43 44 45
43 45 50 45 44 45 46 64 91 95 103 97 91 103 95 92 73 52 45 43 46 50 46 44 43 43 44
43 41 46 49 46 46 48 54 63 81 109 151 142 159 128 76 53 48 45 45 46 45 46 48 44 43 44
47 47 44 45 46 46 51 62 72 107 133 189 204 237 140 77 59 50 56 51 51 87 74 43 43 45 45
43 45 46 43 46 50 50 56 64 85 121 163 127 154 94 62 53 49 44 46 58 148 106 45 44 44 46
43 46 44 42 44 43 44 46 47 56 69 63 61 69 52 46 45 44 44 48 46 59 49 43 43 46 44
40 44 49 44 43 44 44 44 46 53 57 55 51 57 52 44 42 43 43 46 57 69 46 43 44 43 44
43 44 41 44 50 45 45 49 53 74 89 63 64 74 64 53 44 44 45 56 95 93 46 49 44 43 44
43 42 44 43 45 49 46 48 57 89 84 66 64 74 67 54 47 44 44 59 136 63 45 44 43 44 44
40 43 49 44 43 44 43 45 48 60 62 51 51 59 51 45 44 42 44 47 61 45 44 44 43 44 42
43 43 45 50 46 45 49 54 74 155 129 85 97 104 88 63 52 47 50 71 97 55 47 46 44 44 44
44 48 47 46 48 53 60 84 163 243 235 200 170 175 138 98 69 54 53 79 81 52 48 45 45 45 46
43 45 43 45 50 46 49 69 87 109 122 110 87 81 76 66 59 47 45 50 48 45 45 44 44 41 44
43 44 45 45 45 44 49 73 70 74 82 68 72 65 65 67 72 51 44 61 55 46 44 43 43 42 44
43 48 44 45 46 47 95 154 112 115 96 94 99 92 95 119 97 69 49 93 71 52 46 44 44 44 42
43 46 46 46 48 49 125 173 116 113 98 78 95 96 98 107 106 68 51 66 54 47 46 42 44 44 45
43 44 45 44 46 47 67 105 85 90 63 57 66 78 87 92 65 64 47 56 49 45 47 44 42 43 44
46 51 50 50 52 105 162 323 340 270 142 119 162 186 185 167 124 123 88 84 64 57 49 46 44 46 46
46 50 48 49 56 192 182 278 193 135 93 87 136 145 136 97 85 85 66 50 49 48 46 47 45 49 46
42 44 44 44 47 54 49 52 52 49 47 46 49 50 49 46 42 45 48 44 45 44 43 43 43 47 45
43 43 48 47 49 50 47 46 47 44 47 54 51 46 46 45 44 43 44 44 44 46 46 42 42 46 44
50 54 69 91 87 72 74 62 65 65 66 82 87 68 63 59 51 51 48 53 46 48 47 42 43 45 45
54 85 84 108 88 75 74 63 63 71 63 71 74 61 56 53 49 46 49 45 45 45 44 45 47 44 46
53 70 63 69 57 57 52 51 48 51 55 53 49 49 47 47 45 44 49 44 45 44 42 43 48 44 46
49 78 67 66 62 66 61 57 56 56 63 65 60 56 55 52 50 50 50 55 48 44 46 42 43 48 46
108 156 115 97 100 107 95 90 96 87 99 122 101 78 77 72 62 59 56 51 56 49 45 46 49 45 44
101 172 95 82 83 84 83 81 73 72 81 93 75 69 62 57 49 49 48 47 47 47 46 49 45 45 45
50 72 64 55 52 59 59 54 53 53 56 58 56 53 53 49 46 47 47 46 45 48 51 42 44 49 45
51 81 70 66 57 59 75 70 67 69 67 76 78 74 61 64 61 65 58 56 51 61 56 48 47 46 48
60 95 126 105 94 86 89 94 85 93 82 102 105 95 79 90 87 90 70 64 58 74 56 51 50 48 46
59 100 78 92 91 74 75 71 67 65 61 65 66 60 60 66 59 61 52 52 47 50 45 45 51 52 48
45 54 45 50 57 52 49 50 46 47 48 48 48 50 49 52 54 49 46 45 44 45 46 46 52 50 55
47 45 46 50 49 49 51 52 51 49 47 48 50 52 52 51 53 53 47 48 50 56 56 62 71 89 109
