42 46 63 56 50 42 44 44 44 44 44 45 49 74 166 45 44 42 43 46 45 45 46 44 47 44 47
44 49 97 58 46 44 45 44 46 44 43 44 46 52 67 42 46 44 42 43 43 43 44 44 45 47 47
46 104 291 120 50 49 52 48 46 46 47 47 48 95 124 45 43 43 47 44 43 43 44 43 44 42 45
45 86 162 83 52 46 45 46 45 46 46 43 52 216 244 46 42 43 44 48 45 42 44 42 43 44 43
44 61 72 50 45 49 44 43 44 43 44 44 47 89 110 45 42 43 44 49 45 42 44 42 43 44 44
46 107 115 86 48 51 46 44 46 44 45 45 52 81 64 44 43 48 44 43 44 42 44 43 43 44 42
64 141 122 99 49 47 47 47 44 46 51 46 93 91 100 46 43 40 44 48 44 43 44 42 43 44 44
53 98 97 72 46 46 46 45 43 46 49 45 95 91 93 47 40 43 49 44 44 44 42 43 44 43 44
70 108 100 65 47 46 43 45 51 46 44 44 55 73 64 43 43 43 44 44 44 44 43 43 46 44 42
115 248 202 125 54 52 54 51 52 50 48 51 130 114 89 45 43 42 44 40 44 46 44 45 44 43 44
81 191 193 88 54 51 50 50 50 51 49 63 203 244 183 51 45 44 46 44 44 44 44 41 43 43 45
43 72 68 46 45 44 43 43 44 44 44 44 62 90 58 42 42 45 42 43 44 43 44 40 43 48 44
46 106 80 52 47 43 46 50 45 44 45 44 54 66 45 44 43 44 44 41 43 43 44 43 43 44 44
51 70 71 51 46 47 44 45 45 46 46 47 61 100 51 43 44 44 41 43 49 44 43 43 42 43 44
44 46 46 44 44 44 44 44 41 44 49 44 46 55 48 43 46 43 44 46 44 44 44 40 43 43 44
43 43 45 43 44 44 43 43 42 44 47 44 44 44 44 43 45 43 44 46 44 43 44 40 44 47 44
48 47 55 48 43 44 44 44 44 41 44 49 47 44 44 43 43 42 46 41 43 44 44 43 41 43 48
43 54 64 49 45 45 43 44 44 44 46 44 48 51 45 42 43 43 45 41 43 44 44 43 41 43 47
43 51 51 46 44 43 43 44 43 44 42 44 50 44 42 43 42 42 43 43 44 43 40 43 48 44 42
49 88 113 88 55 49 47 49 49 46 59 73 70 48 46 43 43 46 44 45 44 42 44 43 43 44 41
49 96 123 97 63 53 50 53 49 50 84 86 75 52 45 44 43 44 44 44 47 44 42 43 43 44 44
48 70 106 81 56 49 49 48 47 48 75 79 65 50 50 44 43 44 46 44 43 43 44 43 44 41 45
50 98 205 121 75 56 53 53 53 54 78 77 63 55 48 44 43 44 44 47 45 42 43 43 43 44 43
81 163 271 227 195 86 80 72 79 149 218 173 136 67 53 54 45 45 44 46 45 43 44 44 44 46 42
96 229 408 222 208 102 89 76 91 125 216 217 147 84 69 76 58 47 46 44 45 44 44 45 43 46 50
50 61 118 99 107 61 53 51 55 57 91 98 61 50 47 46 45 46 44 42 44 43 43 44 41 44 50
52 95 125 114 120 122 91 63 89 87 78 85 80 53 48 45 46 44 46 44 43 43 44 43 44 42 45
64 165 199 199 159 161 147 117 130 138 125 129 109 62 53 48 43 45 39 44 50 46 44 44 43 44 47
70 159 204 207 154 158 124 108 136 130 119 115 93 56 52 47 44 44 45 40 45 49 45 44 44 43 45
58 103 161 186 180 187 199 167 141 123 92 85 61 51 50 46 44 44 44 43 45 39 45 48 44 44 44
78 172 297 327 243 220 291 311 228 216 157 136 84 58 56 48 45 43 46 49 46 46 45 43 44 46 46
70 143 249 244 181 170 267 342 289 218 140 115 71 54 52 47 45 44 45 45 46 49 45 44 45 44 45
52 68 84 91 98 77 126 195 166 124 79 56 48 46 45 46 43 44 42 43 48 44 43 43 43 43 45
46 49 60 60 57 51 56 70 88 78 57 47 46 45 46 47 43 43 44 44 44 43 44 43 44 44 43
45 49 51 54 57 57 60 84 71 67 55 48 44 44 52 62 46 42 43 45 44 44 44 40 43 49 44
50 49 51 56 64 63 60 75 71 56 47 51 45 43 59 54 44 42 44 41 43 44 43 43 43 44 44
48 46 45 48 58 56 51 55 51 49 45 45 44 43 47 47 43 42 46 42 43 44 43 43 44 43 46
48 60 59 74 146 118 70 71 62 51 48 47 48 51 64 56 42 42 43 44 44 44 42 43 47 44 44
59 73 89 163 216 196 113 127 92 65 54 52 50 90 118 73 43 43 44 44 44 44 44 44 46 44 43
51 61 70 121 145 121 74 79 65 55 49 47 48 69 96 53 42 43 43 43 44 44 44 42 44 47 44
48 56 72 84 80 72 57 69 60 50 46 46 44 59 64 45 43 43 44 44 43 42 44 43 43 41 44
55 89 105 97 92 93 80 98 89 63 50 46 51 68 56 44 43 44 44 45 45 42 44 43 43 44 42
63 127 102 98 97 104 103 102 93 69 53 49 52 60 49 48 44 44 44 45 45 42 44 44 43 44 42
51 78 75 77 73 73 70 73 62 54 47 46 45 48 49 44 43 43 44 42 44 43 44 44 41 44 49
110 271 270 208 195 165 146 165 149 117 68 60 59 59 54 46 44 44 45 43 45 45 45 44 42 45 49
292 656 654 448 358 307 280 357 420 322 113 88 92 78 68 52 51 47 48 46 46 47 47 46 47 45 48
117 239 274 226 187 154 152 175 271 171 73 62 60 55 51 47 44 44 47 45 46 45 44 44 45 45 46
51 74 83 82 66 60 65 72 69 59 54 48 49 43 45 49 43 43 43 41 44 46 44 42 43 44 44
93 109 104 113 106 104 104 110 95 83 78 73 54 48 48 44 42 43 45 44 46 45 44 42 43 45 44
59 79 101 102 82 82 85 100 73 61 70 60 48 46 44 44 42 44 44 43 42 43 46 44 42 44 43
50 47 52 54 51 53 60 62 54 48 46 44 45 44 44 43 43 46 44 45 44 42 43 43 43 44 41
59 76 108 128 107 105 132 125 96 74 67 62 51 47 47 45 43 44 45 44 47 44 43 43 43 44 45
104 161 160 174 174 162 185 148 121 91 74 78 61 54 53 46 45 45 45 45 45 44 48 44 43 44 44
69 123 100 101 96 91 84 81 71 60 51 50 48 47 47 45 46 44 44 42 45 44 44 46 44 44 44
65 64 61 60 57 59 57 53 50 50 46 46 46 43 44 44 42 42 47 44 45 44 46 44 42 43 44
112 152 115 120 123 128 98 82 74 63 57 56 54 51 50 47 47 46 47 53 49 46 44 43 43 45 46
366 302 203 188 184 193 139 115 97 78 68 65 60 56 55 49 46 51 46 48 49 46 45 44 44 46 46
186 173 110 108 95 93 77 67 62 57 52 50 52 48 47 45 43 44 44 45 42 45 50 44 43 44 43
84 94 72 70 71 61 58 55 51 49 47 46 46 46 46 45 42 43 45 45 46 43 51 43 45 44 45
124 157 130 124 113 87 87 81 70 61 53 53 57 54 48 48 45 50 50 48 46 51 49 44 46 47 48
204 226 174 150 131 108 100 90 78 66 60 53 55 59 52 48 48 50 45 48 47 47 46 45 45 48 50
107 117 79 81 81 67 66 58 54 51 49 47 47 46 46 46 44 46 44 43 44 43 44 44 45 47 48
52 50 47 54 48 45 47 44 45 44 44 44 44 44 45 44 43 43 44 42 44 44 43 45 44 47 58
46 47 46 47 46 45 46 41 45 43 44 41 44 49 45 42 44 44 46 49 47 49 49 56 59 76 105
