43 44 44 42 44 43 44 44 42 44 49 44 43 44 46 44 42 43 44 44 45 44 48 45 44 48 43
43 43 40 43 48 44 45 43 42 43 44 43 44 42 45 48 41 42 43 43 45 43 44 44 43 45 45
42 44 45 44 42 44 49 44 43 43 43 43 44 44 44 45 43 42 44 38 44 48 44 44 44 43 44
41 43 45 43 45 43 44 46 44 44 44 42 44 44 44 44 44 43 42 44 43 43 44 44 44 45 44
41 43 45 43 46 42 44 48 43 42 44 42 44 44 44 44 43 43 41 44 43 43 49 44 43 45 42
43 42 44 44 45 45 43 43 47 43 43 44 43 43 44 43 42 43 42 44 48 44 45 44 42 43 44
43 44 44 44 47 46 44 46 44 42 43 43 44 43 41 44 43 42 44 43 44 44 44 44 43 44 45
42 43 46 44 49 45 42 44 46 44 43 43 44 43 44 42 48 44 43 43 44 43 45 43 43 42 44
42 43 44 46 50 44 43 44 43 44 44 44 45 44 42 43 42 46 42 44 47 43 44 44 44 45 44
47 45 46 74 82 74 45 44 43 44 44 45 44 42 43 44 43 43 48 52 47 44 44 44 43 43 46
43 45 133 186 302 290 52 46 45 45 45 46 46 46 46 44 45 48 88 160 74 50 44 44 46 44 46
43 48 50 167 185 95 53 46 44 45 46 44 46 44 44 44 45 49 217 250 111 82 46 44 47 44 43
44 50 48 207 194 71 48 45 44 43 44 43 44 44 44 44 43 44 86 115 79 51 42 43 48 44 43
44 54 49 73 328 189 74 47 44 45 44 45 46 44 45 48 45 54 134 257 267 46 45 42 44 49 45
43 45 43 50 119 247 217 53 46 46 46 46 43 46 48 46 48 59 209 370 126 47 46 44 44 43 45
41 44 50 46 50 155 550 114 47 47 46 44 46 49 46 44 47 56 81 129 52 43 45 44 44 44 42
44 45 49 53 61 302 961 268 56 51 51 51 51 51 51 56 75 281 191 79 51 45 46 45 45 45 43
44 46 47 49 59 84 114 76 53 49 49 49 47 50 54 51 304 896 454 59 53 47 45 45 45 45 46
42 44 44 44 43 46 58 48 43 44 44 44 45 45 45 46 74 189 93 44 44 44 44 44 41 44 47
43 43 46 44 44 45 43 48 51 44 42 44 44 43 45 43 55 55 46 44 42 43 44 43 44 40 44
43 45 44 43 47 47 51 59 48 51 46 43 46 45 49 56 67 71 57 48 45 44 42 43 44 44 44
42 44 46 44 42 44 51 47 43 44 44 43 46 43 46 51 48 52 46 40 44 49 44 42 43 43 44
41 43 44 43 44 41 45 50 44 44 45 43 45 45 45 46 46 46 42 43 45 41 43 49 44 43 46
42 43 45 44 44 42 47 52 50 50 53 46 51 48 53 56 48 48 43 44 42 43 49 44 42 46 44
43 42 47 44 44 45 44 47 62 56 56 51 54 50 61 63 51 49 46 46 46 44 45 44 43 44 44
42 45 45 42 44 43 44 44 43 45 53 46 45 45 46 46 43 44 46 43 46 44 42 43 43 43 45
42 42 48 44 42 43 43 44 45 45 52 51 48 46 54 44 44 43 44 42 44 47 44 43 43 43 44
47 47 46 45 46 47 52 71 128 249 234 181 142 206 248 189 80 60 49 45 48 49 54 54 45 45 46
50 50 46 45 46 47 55 71 177 252 250 201 180 303 264 256 85 56 52 45 47 49 55 52 48 46 46
42 45 48 44 43 44 46 53 70 115 118 113 102 142 126 112 55 44 48 42 44 46 46 46 48 44 44
46 50 46 44 46 46 51 96 136 164 173 164 150 201 151 155 102 54 46 46 44 46 54 49 46 45 44
47 49 47 46 47 48 54 136 179 194 200 176 161 244 188 210 120 63 48 46 45 48 58 51 45 45 44
45 48 42 45 50 47 53 102 158 170 172 193 191 204 177 155 103 53 46 46 46 47 54 52 45 46 45
48 50 46 46 46 47 49 66 110 191 207 257 235 264 234 137 63 49 46 46 46 46 56 54 45 46 46
47 51 51 46 47 48 52 89 189 286 206 202 234 267 223 161 91 55 49 49 47 48 57 52 45 46 43
47 47 47 47 46 47 52 65 115 162 175 192 157 212 168 100 59 50 48 45 46 46 52 50 45 46 48
44 42 44 49 45 43 46 47 58 84 97 87 93 101 73 58 44 45 44 43 44 44 45 45 44 44 45
45 46 42 44 49 44 44 47 53 70 73 80 70 75 59 50 45 44 44 42 44 44 47 46 41 44 50
55 56 50 44 45 45 45 53 71 105 121 102 97 96 80 57 51 46 46 46 45 47 68 59 47 43 45
84 63 45 44 45 44 48 51 66 126 110 92 101 100 77 56 51 45 43 44 45 47 77 70 46 45 45
124 51 45 44 44 44 50 49 58 76 75 63 63 62 57 55 44 44 46 40 45 50 360 298 45 43 45
135 94 46 45 46 43 50 70 110 161 147 105 127 129 97 67 53 47 46 42 47 67 384 358 55 44 45
201 229 53 47 47 47 61 111 184 219 225 166 151 163 126 88 58 50 44 47 46 79 309 145 50 46 46
62 101 47 45 45 45 52 93 97 113 113 87 83 78 69 57 49 46 45 43 46 61 72 50 44 44 44
46 56 49 43 45 45 53 98 81 84 96 72 74 72 71 70 58 46 50 45 55 77 54 49 44 44 44
51 59 95 57 47 53 112 284 227 140 131 140 135 128 123 146 111 59 49 52 83 127 67 55 44 45 46
47 56 88 63 49 62 149 262 214 128 124 107 109 121 146 163 117 60 51 49 58 52 53 54 45 45 45
46 45 44 46 45 45 52 72 75 76 62 56 63 68 103 89 56 51 50 49 46 46 46 45 45 46 44
46 51 47 46 55 62 79 127 203 168 127 104 123 135 158 168 108 83 65 63 51 55 51 50 51 46 44
46 49 49 44 49 63 80 100 169 144 107 96 129 144 153 110 92 78 50 53 45 47 51 49 45 49 45
44 45 44 42 44 44 45 47 53 55 54 49 53 58 54 50 46 45 44 44 41 43 50 44 43 49 43
42 44 39 43 49 44 44 46 47 50 49 51 55 51 49 52 43 44 44 44 45 41 44 48 43 45 44
44 48 43 45 42 47 57 66 79 80 76 101 98 79 76 72 55 53 52 47 46 42 48 52 44 44 44
41 50 49 46 47 50 54 64 70 74 68 77 73 67 60 53 49 47 46 46 45 43 46 45 44 44 45
43 46 44 44 51 47 46 49 48 52 52 51 50 52 47 46 46 44 44 44 44 44 44 44 42 43 52
43 53 45 49 50 54 53 55 58 59 60 69 67 56 53 53 45 49 49 51 47 45 45 44 44 44 46
44 56 49 53 64 76 74 78 88 83 92 110 93 71 74 66 56 54 53 53 55 49 48 46 47 45 46
44 48 49 52 59 71 71 74 72 71 77 86 72 60 57 52 52 49 46 47 46 49 49 46 45 47 45
43 48 44 46 48 50 55 56 56 56 63 61 56 53 49 49 52 47 46 48 44 49 54 46 45 43 45
44 46 47 52 50 56 76 74 71 74 73 87 85 76 63 71 61 66 57 52 51 72 64 50 48 45 47
44 47 59 65 73 76 86 104 92 104 99 121 117 104 85 97 88 95 65 70 60 87 64 55 49 49 48
44 48 51 56 76 75 78 74 70 71 70 77 70 63 65 71 66 69 50 52 54 53 48 47 49 51 49
45 44 44 46 47 49 57 52 51 51 52 53 51 51 52 56 51 59 49 45 47 46 46 46 53 50 55
44 44 44 43 46 48 52 54 50 52 56 53 51 55 56 58 48 60 55 48 57 58 57 60 69 87 107
