43 44 47 46 44 52 177 86 64 49 47 47 53 119 189 282 78 47 50 45 44 44 43 44 44 46 52
42 43 43 43 44 44 56 46 43 44 44 44 45 44 52 78 46 43 44 41 44 46 44 44 43 42 46
47 44 45 44 43 46 88 50 45 42 44 49 45 44 49 70 47 44 45 41 43 43 43 44 41 43 49
43 47 46 46 47 72 319 93 50 48 47 44 47 52 72 196 76 48 49 42 44 45 44 44 43 44 47
43 49 45 43 46 69 167 70 50 48 46 46 50 50 72 234 151 47 46 47 42 43 44 44 44 42 44
40 43 49 44 44 60 70 48 45 45 44 44 44 45 54 78 64 44 43 44 44 43 43 43 46 44 43
43 49 41 44 45 110 122 65 44 45 45 45 47 43 49 77 58 45 43 43 44 43 44 41 43 47 44
44 45 44 45 57 171 167 112 50 47 47 46 47 49 75 133 127 50 43 44 45 44 44 41 44 49 46
43 44 42 44 59 105 136 78 48 47 47 46 47 48 74 136 123 50 45 49 45 43 44 42 43 44 45
42 43 46 42 55 94 86 57 46 44 45 44 45 46 53 71 68 46 45 44 44 48 44 42 44 42 44
43 44 51 46 150 317 281 154 56 51 50 50 48 54 87 148 141 70 49 46 50 44 43 44 43 44 45
43 46 48 47 119 266 280 172 61 55 51 52 53 56 129 224 268 108 46 54 46 44 44 45 44 45 42
46 44 44 44 49 71 63 54 51 45 44 44 44 45 56 74 91 57 45 44 42 42 44 43 44 41 44
43 46 46 43 48 61 62 43 45 49 44 43 44 43 44 46 46 46 45 43 45 43 43 43 42 43 45
42 47 46 47 44 71 76 46 43 44 44 43 45 44 46 53 50 47 50 39 44 50 44 43 43 42 46
42 44 44 44 45 46 51 48 44 43 44 43 44 44 44 46 49 43 45 44 42 44 44 43 43 45 46
41 43 46 45 46 48 50 50 44 43 44 43 44 44 44 47 51 47 42 44 42 43 49 44 43 44 48
43 42 44 43 47 53 53 45 49 44 44 43 43 44 45 47 51 53 43 42 44 42 44 48 43 43 50
43 42 44 44 46 70 95 51 51 46 44 44 44 45 48 66 56 48 42 44 49 44 44 45 42 43 46
43 44 50 44 46 62 92 55 48 46 46 44 46 50 53 110 82 48 44 42 44 49 44 45 44 42 46
44 44 44 46 47 112 143 111 54 48 48 47 48 49 63 87 69 50 45 41 44 49 44 44 43 43 47
49 46 54 48 86 307 253 234 134 64 60 64 60 84 219 202 176 98 51 46 46 45 46 45 42 45 50
44 46 52 52 72 228 238 174 176 67 62 63 60 113 232 194 180 128 53 48 46 46 44 45 47 46 48
43 47 47 50 47 76 93 85 69 54 52 49 49 63 127 121 91 76 54 50 44 44 44 43 44 45 49
42 54 92 66 68 219 324 296 177 80 63 63 67 108 177 194 113 72 59 57 48 50 48 45 46 45 46
47 78 73 74 143 292 401 391 325 164 96 93 120 272 381 394 292 213 66 56 56 61 48 47 48 49 48
44 61 55 51 74 209 330 286 261 144 83 88 112 255 288 316 268 162 61 53 52 62 52 48 46 47 47
43 52 62 54 66 245 328 297 232 161 105 121 127 231 260 309 235 81 52 56 54 47 46 45 46 46 44
46 61 227 80 73 239 243 234 199 184 143 146 146 214 175 198 177 97 62 86 85 46 46 46 46 46 48
44 49 230 129 63 213 165 200 159 159 136 151 128 161 138 162 131 69 49 160 108 47 45 45 46 46 46
43 46 53 54 55 96 148 176 171 197 166 150 157 172 126 120 89 54 46 54 49 46 45 45 44 45 48
46 63 63 56 57 116 217 333 311 314 282 308 266 332 220 232 120 63 51 56 49 47 47 46 47 45 48
45 51 55 53 54 85 150 274 283 333 312 366 304 301 210 187 105 61 53 56 50 47 46 47 46 46 48
42 46 49 46 48 57 74 122 161 185 157 177 156 141 113 80 60 55 46 49 46 43 44 44 45 47 46
43 46 49 59 49 53 76 132 136 115 116 103 102 135 94 65 55 49 44 54 46 42 45 49 44 43 44
43 46 54 63 46 48 62 91 96 80 91 91 78 82 74 57 50 47 43 58 44 44 49 44 43 44 44
43 44 49 46 45 45 43 49 57 50 57 55 48 47 48 44 45 44 46 53 46 44 43 44 47 45 42
44 47 44 48 45 42 44 44 45 45 44 46 50 44 44 44 43 42 44 49 44 44 42 43 47 46 44
45 46 43 49 46 44 46 44 45 44 43 44 45 43 44 42 45 43 43 51 44 43 44 44 43 44 44
44 47 46 85 59 46 47 44 44 42 45 50 45 43 44 44 44 43 53 119 45 45 44 42 43 44 44
45 60 44 299 126 57 54 46 47 51 47 45 46 45 46 47 46 44 76 220 46 45 49 49 49 46 45
41 48 47 103 81 49 45 44 45 42 45 49 45 44 45 44 45 44 70 111 45 44 41 43 49 44 44
44 46 46 58 81 46 45 45 44 46 50 44 44 45 44 44 45 46 79 106 43 43 44 42 43 47 44
43 43 44 50 50 42 43 43 44 44 43 44 49 44 43 44 42 43 46 49 42 43 48 43 43 44 42
42 44 40 45 56 46 48 55 71 71 77 54 54 60 58 57 45 45 54 63 46 42 44 46 44 44 44
43 44 47 55 70 56 59 112 149 149 143 96 86 112 103 85 61 51 57 82 51 45 45 49 46 44 45
40 43 50 45 51 47 47 70 86 84 70 51 50 60 57 54 47 45 45 52 45 42 44 43 44 44 41
43 44 46 47 46 50 54 76 124 92 86 80 60 68 81 92 72 48 45 54 45 43 44 44 44 44 47
45 46 56 56 57 86 113 221 489 345 271 258 217 199 234 359 235 88 53 71 51 48 47 47 47 46 48
44 46 47 48 55 66 85 162 292 255 161 128 106 111 143 200 129 64 47 50 46 46 45 45 46 44 46
42 44 42 44 49 46 47 52 65 69 63 52 49 54 67 68 54 46 43 44 43 43 44 43 44 43 44
44 47 46 46 49 57 66 79 112 181 140 97 76 102 144 200 83 87 51 48 45 45 45 44 45 46 45
44 50 46 47 49 60 76 92 109 197 165 118 102 128 152 201 89 79 55 49 46 44 45 45 46 45 46
42 44 46 45 46 48 56 71 79 101 87 80 80 81 74 87 62 53 46 43 46 43 44 49 47 43 44
42 44 45 45 47 54 56 63 70 73 74 80 76 76 71 85 67 55 48 52 49 45 49 45 45 48 44
43 59 48 51 62 93 100 107 132 129 140 151 150 130 125 130 107 71 61 65 53 51 50 50 57 48 45
43 49 49 52 63 81 84 104 107 109 127 147 147 119 107 102 84 64 57 53 54 48 48 48 47 46 46
42 43 51 46 46 49 52 55 57 58 59 72 63 60 58 55 52 49 48 47 46 46 50 47 47 45 44
42 44 47 48 49 51 58 61 58 56 59 69 73 68 60 62 58 55 56 55 51 53 59 51 50 47 45
43 50 53 64 69 73 89 89 83 86 86 100 113 118 94 102 89 92 74 63 62 69 64 64 66 62 46
44 46 53 59 64 70 77 74 79 83 83 99 112 113 91 105 96 104 65 62 55 62 51 58 65 52 48
43 44 45 45 49 50 52 53 50 56 61 59 59 63 59 64 63 66 51 52 46 53 47 48 49 46 50
44 44 44 43 46 48 50 52 47 51 59 55 54 58 59 64 60 68 57 49 46 53 57 51 48 53 64
43 47 42 45 51 51 56 60 56 58 58 62 63 78 84 88 89 82 60 55 58 63 65 63 66 70 121
