42 42 44 42 44 44 44 44 44 46 49 70 45 43 45 44 44 82 168 133 57 50 44 43 44 43 45
44 44 44 48 45 43 44 45 46 49 90 314 53 45 44 46 44 61 74 63 48 45 48 44 44 44 45
44 48 45 44 45 44 46 47 46 51 197 1072 77 52 49 49 51 61 85 54 49 49 45 44 48 44 44
43 44 44 43 44 44 45 45 43 46 66 118 50 46 46 47 54 68 407 63 46 46 45 41 44 49 44
46 43 44 43 43 43 43 43 44 41 46 52 45 44 44 44 47 45 91 52 44 43 44 40 43 48 44
47 43 43 43 43 42 44 44 44 41 45 51 44 42 44 43 41 45 59 49 44 40 43 48 43 42 44
42 40 44 42 44 48 44 44 44 44 50 52 46 46 45 44 43 52 100 81 45 44 44 41 43 48 44
42 40 44 41 44 48 44 43 44 44 48 47 46 45 47 45 44 58 118 144 46 46 42 44 48 44 43
43 40 44 48 44 43 44 42 43 44 45 45 44 44 48 44 42 50 96 107 45 45 45 44 43 45 44
41 43 44 43 44 42 45 47 46 46 47 45 46 45 45 45 45 52 140 157 46 45 46 44 45 44 42
43 43 45 44 46 46 60 71 66 74 88 89 70 59 51 52 56 121 322 584 73 55 48 45 43 44 45
43 44 42 44 50 45 46 51 59 67 82 75 56 51 47 49 52 85 199 321 66 48 46 44 44 43 44
42 49 45 45 63 56 64 68 64 67 67 58 50 46 46 45 44 63 82 86 52 43 44 44 44 43 44
45 52 53 56 76 83 98 104 101 81 81 79 72 66 49 48 46 108 127 125 72 47 46 44 42 44 48
42 43 45 43 47 47 50 61 63 63 63 60 56 54 47 46 45 97 118 132 79 47 47 44 42 43 44
42 43 44 43 44 43 44 45 45 47 46 44 44 44 44 44 43 53 66 83 56 44 45 44 42 43 44
44 47 46 46 48 56 74 74 99 128 87 65 50 50 48 44 45 56 101 113 52 49 45 46 44 42 44
43 44 44 42 45 47 54 57 63 76 66 58 48 47 50 45 45 52 72 95 52 50 45 45 43 42 43
41 43 43 43 44 43 45 45 44 46 44 42 44 43 44 44 42 43 44 46 44 45 43 42 43 42 43
43 45 48 47 55 56 63 55 50 53 51 43 46 50 46 43 44 43 46 51 46 45 44 42 43 43 44
43 52 61 53 57 68 81 74 66 74 69 60 62 53 61 48 48 54 56 62 53 49 48 44 42 43 44
43 46 45 43 45 46 48 47 48 45 50 51 47 44 46 44 45 48 59 65 50 48 43 44 47 44 42
42 42 44 43 44 44 44 45 43 46 49 46 43 44 45 44 46 52 55 57 46 45 44 41 43 47 44
48 45 47 48 51 54 68 73 99 108 112 101 69 59 58 54 56 117 138 129 83 62 49 44 45 47 44
48 44 47 45 47 48 56 57 72 86 93 91 64 59 57 58 58 134 165 166 111 66 52 53 46 44 44
41 40 44 41 44 48 44 43 44 45 46 45 46 45 45 48 59 57 78 67 57 46 45 48 43 42 44
43 40 45 43 45 49 48 49 51 57 58 57 53 54 57 58 62 68 77 93 97 87 54 45 48 44 43
44 43 47 52 51 58 76 77 78 81 84 89 84 81 74 76 84 98 97 106 158 127 101 89 42 44 48
43 42 44 47 45 43 46 46 50 57 50 55 56 60 58 70 72 80 79 76 74 58 56 50 44 43 44
42 43 42 44 49 44 44 45 44 46 49 49 51 62 58 87 64 82 72 64 56 46 45 44 43 43 44
44 45 46 46 51 47 52 68 77 99 108 108 104 141 145 214 156 180 147 104 107 75 60 56 45 47 45
45 52 47 47 48 51 67 97 105 128 122 136 126 189 191 249 186 172 168 89 73 76 69 56 46 43 46
44 46 44 45 46 43 48 60 59 68 74 88 93 145 160 137 110 105 79 52 51 52 51 46 44 44 50
43 43 50 43 45 46 46 54 62 69 66 68 74 99 103 92 78 78 77 51 49 50 51 44 44 44 43
43 45 48 45 48 52 59 75 71 69 72 73 77 117 100 99 75 91 71 52 52 52 83 46 43 45 45
42 43 45 45 46 50 51 62 68 68 66 68 70 95 88 76 67 67 60 45 48 49 87 44 44 44 46
42 43 44 44 42 45 50 47 46 49 51 57 66 84 83 87 63 54 48 40 46 54 61 44 43 42 44
42 46 46 45 53 54 57 74 70 73 76 94 109 116 125 132 119 62 56 57 52 74 163 44 44 45 45
44 47 46 46 63 64 81 101 89 89 97 95 103 109 89 96 82 54 56 58 54 105 317 49 44 45 45
43 44 44 45 45 43 46 47 47 48 46 53 61 58 56 59 52 46 43 45 50 59 89 46 42 43 44
43 44 44 44 43 45 46 47 47 44 48 53 52 53 53 53 54 45 47 46 51 75 83 45 48 44 43
44 44 46 45 53 68 71 83 70 67 70 65 67 69 63 63 65 53 53 56 67 215 193 45 44 49 44
51 46 45 46 50 60 63 67 62 59 59 58 59 62 58 57 62 50 49 50 58 118 89 46 44 45 44
47 44 42 43 43 44 45 45 45 46 45 47 46 47 49 50 47 45 46 44 47 68 54 46 43 42 43
44 41 45 44 46 46 49 53 55 62 70 79 85 90 86 106 105 66 57 57 73 219 150 48 44 42 44
44 42 48 49 50 51 58 81 92 107 108 138 143 148 121 142 163 112 76 68 95 248 161 48 47 46 45
43 43 44 47 45 43 45 46 46 50 54 58 67 71 69 76 82 59 56 48 58 96 68 44 42 44 47
43 53 47 44 46 44 47 50 51 54 57 66 82 71 67 77 74 74 79 72 102 155 92 44 44 42 46
41 46 50 45 50 52 61 82 79 89 83 83 93 80 70 78 83 82 92 102 156 188 99 44 45 44 45
40 47 51 46 49 50 51 63 68 69 76 74 87 84 74 83 104 101 128 111 166 142 63 44 44 45 43
44 43 46 49 47 47 49 50 52 54 56 60 62 66 75 105 152 154 191 184 136 105 54 45 45 42 45
46 49 51 49 54 50 57 77 84 96 108 138 138 122 118 174 173 244 298 346 298 332 80 48 44 47 51
54 49 60 51 60 60 66 92 103 100 90 104 95 86 82 96 106 150 175 229 192 145 72 46 45 46 43
46 46 50 51 59 59 53 54 51 50 49 52 52 52 58 63 66 70 61 71 65 57 46 44 47 45 44
43 52 51 53 56 59 54 51 49 49 52 50 51 51 56 67 76 73 71 92 69 60 53 45 44 44 43
44 59 66 66 70 73 70 61 58 61 62 66 70 73 85 118 115 101 102 109 81 78 62 50 52 44 45
46 59 66 73 80 69 61 70 61 61 65 70 72 79 93 110 100 86 84 83 64 59 56 53 46 45 45
56 52 52 54 52 52 50 51 51 50 49 54 53 52 58 62 58 56 57 58 51 51 49 46 44 44 44
47 49 51 56 50 48 53 53 51 49 49 53 55 56 56 64 60 63 59 54 58 56 53 46 46 44 45
43 46 69 69 61 62 70 71 63 61 64 71 77 85 87 117 109 110 91 74 68 67 63 48 50 48 51
44 45 78 66 66 66 69 70 66 63 71 80 95 103 116 162 179 175 97 85 70 75 60 51 48 53 53
43 51 50 48 57 50 52 52 50 53 52 60 64 68 78 123 108 105 74 61 56 60 50 45 45 50 48
48 44 44 44 46 46 46 49 47 46 51 57 55 60 66 100 81 76 62 56 54 58 51 50 50 50 58
44 41 45 45 45 46 48 52 49 50 54 62 63 80 99 115 127 99 71 63 66 76 63 54 66 77 110
