43 44 44 44 46 44 48 48 47 56 50 56 47 45 89 293 166 51 44 44 44 44 44 43 44 44 43
44 44 46 45 47 46 48 54 59 88 48 50 51 52 178 714 158 51 45 45 44 44 45 44 44 44 47
43 46 46 46 45 47 56 58 64 242 53 51 51 58 293 764 81 52 49 42 46 45 46 44 44 44 44
43 45 44 44 44 44 49 47 52 146 47 46 49 59 114 152 70 50 47 41 44 47 44 42 43 43 44
42 42 44 43 44 41 44 49 49 64 44 43 44 45 66 58 49 44 40 43 42 43 49 44 43 44 44
42 43 44 44 44 42 44 51 81 66 45 44 45 46 46 47 45 44 44 47 44 42 43 42 43 44 42
42 49 45 43 45 43 46 61 118 100 56 50 51 49 46 50 59 46 42 44 49 44 42 43 42 43 44
42 40 45 44 45 43 45 61 98 83 48 46 49 46 45 53 73 47 46 45 48 44 43 43 42 43 44
43 42 43 43 44 44 44 50 65 53 45 44 43 44 44 44 51 44 44 42 44 44 43 42 43 46 44
43 44 46 46 46 46 53 177 219 120 58 47 47 47 47 49 51 46 44 42 45 42 44 49 44 43 44
44 46 46 48 49 49 70 352 288 214 76 54 52 51 52 65 100 53 51 45 46 46 43 44 49 44 44
43 45 45 45 45 45 50 120 128 76 48 51 46 44 46 55 68 48 44 41 44 49 44 43 44 42 43
43 39 44 50 46 44 63 133 88 83 51 46 46 46 48 49 49 46 44 44 42 43 49 44 43 44 43
43 45 42 46 51 49 82 133 114 103 53 46 47 46 47 68 79 60 44 44 43 44 46 44 45 44 42
43 46 45 46 46 44 74 127 82 75 46 46 51 46 46 57 71 55 47 45 43 43 44 43 44 41 44
42 44 43 44 47 44 54 66 49 45 44 44 45 44 47 44 43 43 42 43 44 43 44 43 43 47 44
42 44 49 46 45 46 95 208 85 52 48 51 48 46 47 46 45 45 44 43 44 43 44 44 43 44 47
43 41 44 49 46 44 68 127 51 50 46 45 46 45 45 46 46 47 45 42 44 43 44 44 43 43 48
42 42 44 47 44 42 46 53 44 44 44 44 48 44 43 44 42 42 43 43 44 44 43 43 44 43 45
44 43 44 44 46 45 55 86 57 46 43 44 45 44 45 45 43 49 44 42 44 42 43 44 43 43 46
43 44 44 46 46 54 88 132 85 53 45 46 48 47 50 47 50 48 43 45 44 43 44 43 43 46 44
42 44 46 45 46 52 89 89 88 50 46 47 46 43 47 53 46 48 45 44 40 45 45 44 42 43 44
42 44 43 44 50 47 67 69 61 49 45 45 46 42 46 49 44 44 44 44 44 45 44 42 42 43 44
43 45 50 51 53 64 169 271 282 160 58 59 59 65 87 74 58 57 50 49 49 46 46 51 44 43 44
44 47 51 51 54 69 205 226 276 188 62 64 71 111 168 128 110 110 85 69 59 52 48 46 45 45 43
44 47 46 43 45 47 63 64 73 60 53 49 52 65 89 80 76 68 57 49 50 45 44 44 44 44 44
43 44 46 44 46 49 77 81 67 63 52 50 65 78 90 82 75 65 65 54 48 50 44 43 44 43 44
50 53 48 48 52 52 101 113 96 92 71 71 100 111 120 114 108 101 92 85 82 85 65 51 44 44 45
45 46 47 48 53 55 82 127 113 116 87 66 81 104 95 95 86 83 69 63 59 57 53 50 44 43 44
42 44 44 45 49 46 57 102 95 105 68 57 62 69 59 61 55 50 49 45 46 45 42 44 48 44 43
44 51 55 53 54 55 119 224 196 188 178 168 145 156 110 137 95 88 63 58 53 55 49 45 44 44 45
45 47 56 61 58 59 134 293 230 246 200 212 174 206 139 175 112 93 65 64 55 56 57 47 45 45 45
44 46 47 49 50 54 64 128 159 159 143 133 143 116 91 88 66 64 53 49 46 48 50 45 43 44 44
42 44 42 47 53 48 58 105 107 110 93 100 93 98 79 82 67 59 53 49 47 43 45 49 44 43 44
44 46 52 47 48 48 59 105 101 104 84 91 93 95 78 81 67 64 53 52 52 52 48 43 44 49 44
52 48 48 47 46 46 57 78 89 84 74 86 72 75 71 66 59 55 50 47 48 51 51 46 43 44 49
46 52 45 47 45 43 46 51 54 58 62 62 64 69 56 50 48 47 48 43 44 46 45 44 41 43 49
77 180 59 49 46 46 50 59 64 70 79 97 100 96 73 63 57 51 49 47 47 48 54 45 48 44 44
72 351 114 48 48 48 54 73 66 72 94 105 106 95 78 63 59 51 51 50 50 53 67 49 50 44 44
46 128 92 45 43 45 50 51 48 48 51 61 62 60 53 48 47 46 44 46 46 46 48 42 44 48 44
43 54 130 48 48 45 47 59 52 48 51 55 59 56 51 49 48 48 52 49 47 49 48 44 44 43 44
43 62 154 73 53 49 54 92 75 66 67 66 74 74 62 62 57 52 52 60 56 60 63 49 46 44 44
45 54 117 77 49 54 59 108 92 63 66 69 69 72 62 58 54 53 53 54 53 60 63 50 44 43 44
43 44 65 51 47 51 62 86 73 55 49 51 51 51 48 47 46 51 46 46 46 44 47 44 43 44 42
45 50 105 97 57 56 108 196 174 106 88 93 97 89 74 70 67 59 56 53 55 60 60 47 44 45 46
46 63 187 208 95 96 252 342 284 184 128 147 155 137 114 109 96 78 74 72 72 90 76 59 46 45 49
44 46 95 125 88 77 154 245 182 92 65 72 74 73 72 67 62 53 53 46 50 50 49 46 50 45 44
43 45 58 93 78 83 122 157 111 71 63 72 78 78 73 71 67 60 61 53 57 60 53 51 44 43 44
43 47 67 133 161 155 150 149 117 102 92 95 99 92 81 87 82 70 77 78 101 98 80 70 46 46 46
44 47 54 165 170 189 149 127 108 96 82 88 106 89 81 83 79 65 68 72 73 64 60 57 52 45 44
44 44 47 84 136 187 148 102 74 62 57 58 66 63 62 59 50 49 51 50 47 57 59 55 45 44 45
45 49 56 103 288 340 291 240 184 95 78 100 122 104 95 85 69 65 59 54 58 65 71 59 48 45 52
50 46 57 67 127 129 174 172 177 112 82 90 94 78 69 59 58 54 49 47 47 49 54 48 46 42 48
44 48 47 54 63 64 81 86 91 82 60 60 61 53 47 47 46 46 43 45 46 44 46 41 44 48 46
49 46 46 46 54 65 59 58 58 54 53 54 48 45 45 44 43 44 45 43 44 44 44 44 41 44 50
44 46 48 56 69 78 78 84 84 86 94 82 67 62 53 50 49 46 48 45 45 46 45 46 41 44 53
50 59 58 68 76 78 83 97 105 106 105 106 91 67 61 58 51 47 47 49 46 46 43 45 49 45 44
52 46 47 55 55 60 60 65 67 71 67 71 59 54 50 50 45 44 46 45 46 46 42 44 49 44 43
44 44 45 50 49 54 65 63 60 59 56 62 57 55 48 52 46 47 45 45 46 46 49 42 45 49 45
44 48 54 62 71 72 90 93 86 89 91 107 96 89 70 67 60 61 56 56 49 51 54 50 47 45 51
46 49 73 77 87 85 93 102 105 105 103 128 128 124 84 86 80 77 62 65 54 57 50 52 47 48 51
45 45 51 59 69 66 65 67 68 67 73 80 74 72 62 75 62 59 48 52 48 49 46 45 45 48 47
44 44 46 48 51 53 56 59 53 56 65 62 56 57 60 61 55 55 49 46 48 53 48 47 44 50 63
44 44 49 50 51 53 65 68 59 63 64 66 59 68 67 63 62 64 52 57 55 66 63 60 59 86 105
