46 45 62 60 75 56 49 44 42 43 44 44 44 41 44 49 43 43 46 44 43 43 44 44 44 44 44
46 44 44 44 50 69 48 44 43 44 44 44 44 42 44 46 43 43 44 40 44 49 44 44 43 43 44
60 46 46 45 59 187 99 45 44 42 44 48 45 43 44 44 43 43 46 41 43 44 44 44 41 44 49
46 49 45 44 51 137 166 51 44 44 44 44 46 45 45 43 44 43 48 42 44 44 43 44 47 44 44
43 47 44 42 44 56 78 55 44 43 47 44 44 44 43 43 43 43 43 47 42 42 44 43 43 46 44
41 44 49 44 43 59 129 91 54 44 44 46 45 44 44 44 42 43 44 44 42 44 47 44 44 44 42
43 47 42 43 47 58 162 126 98 46 45 46 45 42 45 49 42 43 43 43 45 44 44 45 44 45 44
43 45 44 44 44 44 86 123 85 47 44 45 45 44 42 44 43 44 43 43 43 43 44 43 43 45 44
43 43 46 43 46 44 47 72 66 52 44 41 45 49 44 42 44 43 43 46 45 42 43 42 43 44 41
73 46 44 44 44 48 59 146 142 135 48 48 43 46 51 46 42 42 44 44 44 50 44 42 43 44 44
177 70 44 46 45 46 48 148 166 163 60 48 44 47 50 46 44 43 44 43 47 46 43 43 44 44 44
60 53 44 43 44 43 47 50 58 60 46 44 45 41 44 49 44 43 46 43 44 43 44 44 43 44 42
110 170 46 44 44 43 42 45 55 65 47 44 44 44 44 41 48 43 43 43 43 43 44 43 43 42 44
113 263 64 43 45 44 45 42 49 64 52 43 44 44 44 44 44 49 44 43 44 42 43 44 44 44 44
91 108 49 43 42 43 48 44 43 44 44 43 44 42 44 49 42 42 44 39 44 48 44 42 43 42 43
48 48 51 43 44 40 44 49 43 42 47 43 44 44 42 44 42 43 41 43 42 43 48 44 42 43 44
49 53 62 43 44 44 45 41 43 49 47 43 44 44 45 44 42 43 41 43 42 43 48 44 42 43 43
46 46 56 44 44 44 42 44 49 44 43 46 45 46 48 42 45 46 44 40 44 41 44 48 43 42 44
44 44 48 42 44 44 44 43 40 44 49 46 44 44 44 43 42 44 42 43 48 44 42 43 42 43 44
47 46 67 49 45 44 46 44 44 44 46 69 68 53 46 44 43 44 45 41 44 49 44 42 43 42 43
44 46 81 72 72 52 49 51 45 46 57 115 93 89 56 50 47 57 58 45 47 52 46 43 44 43 45
47 45 53 51 66 50 48 46 46 45 48 77 77 81 56 48 46 53 55 51 45 46 44 44 43 44 47
43 49 49 47 70 77 52 46 45 45 46 63 76 80 60 46 46 45 46 44 45 46 42 44 49 44 44
44 45 46 57 141 242 144 62 50 55 64 88 159 165 168 74 55 51 47 52 48 54 49 47 46 51 45
44 44 47 55 96 200 181 73 55 58 55 74 148 176 225 118 64 49 50 51 50 58 55 48 46 47 44
43 44 40 46 53 63 65 55 46 47 47 53 66 128 161 109 50 45 46 46 47 49 46 49 45 44 45
44 42 44 44 47 76 90 78 60 52 49 65 110 132 133 172 88 48 47 47 49 48 47 51 46 44 44
44 45 50 46 52 115 166 206 161 152 120 148 177 216 188 209 181 69 52 54 53 63 54 51 48 46 43
45 44 45 48 49 77 148 168 159 140 138 140 139 184 156 173 139 69 50 51 51 60 51 49 47 46 45
44 42 44 49 46 47 68 108 100 106 93 109 97 133 96 97 66 46 46 48 49 53 46 46 45 44 45
52 50 54 56 72 81 169 212 191 213 184 3898 225 277 211 199 110 74 73 78 81 165 93 78 64 53 51
54 49 46 46 50 58 129 183 202 205 188 247 195 258 214 204 100 63 56 56 56 116 97 56 50 48 46
47 50 47 49 52 57 71 95 116 146 149 177 175 189 176 129 84 70 81 93 98 3216 124 92 78 67 56
44 46 42 43 45 44 47 48 65 87 87 81 84 85 64 52 45 49 46 46 46 68 69 54 46 44 42
43 43 44 45 47 44 50 70 86 109 109 99 108 118 87 62 55 49 46 49 51 81 163 106 50 45 48
43 44 45 46 48 48 49 54 56 74 96 93 89 113 91 66 54 49 46 50 53 78 206 157 50 45 47
42 42 44 45 47 45 43 44 49 47 50 55 62 63 61 47 46 43 45 42 46 47 87 62 45 44 45
43 43 43 58 70 49 45 44 46 45 45 55 55 50 52 49 46 44 46 45 47 47 66 75 48 43 44
44 44 50 97 201 112 51 48 47 46 54 81 84 71 75 76 66 52 54 48 49 55 109 148 67 44 45
43 44 44 53 155 154 64 48 46 46 48 65 87 70 68 76 74 61 53 49 49 51 56 99 55 44 44
45 43 42 44 50 60 61 49 45 49 45 48 52 48 46 49 50 46 52 47 46 46 45 55 56 46 44
43 44 44 44 48 93 284 87 51 46 51 79 88 87 64 65 68 61 69 78 57 66 53 79 87 53 44
45 43 44 43 48 52 104 109 47 50 59 81 101 97 79 74 72 73 88 96 81 106 71 70 67 61 45
46 44 44 44 46 46 59 70 48 47 45 64 95 72 62 65 62 63 87 95 94 76 65 99 49 46 44
43 44 40 45 53 46 47 49 46 46 52 58 82 71 66 71 75 83 140 173 161 80 113 99 101 46 45
46 42 46 44 51 52 58 66 79 59 59 121 243 162 136 155 139 152 207 262 320 184 146 117 120 54 46
42 44 50 46 49 51 54 58 71 59 56 114 235 195 133 118 103 97 145 161 170 78 70 87 126 48 45
43 41 44 49 45 44 46 44 45 46 46 51 66 79 76 76 58 53 64 97 84 51 51 51 51 45 49
43 44 45 46 47 46 49 49 49 54 54 84 113 104 102 105 84 70 96 123 143 84 68 60 61 48 45
43 44 43 44 50 47 47 49 49 56 72 85 114 88 84 91 76 58 63 89 99 60 56 49 57 50 45
42 43 44 44 47 44 43 44 43 45 47 46 53 54 49 54 51 45 45 52 54 47 48 44 51 63 44
42 46 42 43 45 43 44 45 44 46 46 46 48 46 48 48 43 48 56 56 62 58 64 48 53 47 46
44 45 43 45 46 45 49 53 50 52 55 67 67 58 63 63 63 72 85 94 122 113 143 78 71 63 54
42 43 44 46 46 47 50 52 49 49 49 54 53 50 46 49 49 52 54 62 70 73 89 64 61 61 52
42 43 44 42 45 47 45 45 44 43 44 45 46 45 44 45 44 45 45 50 62 62 69 58 56 58 50
42 44 44 46 47 49 48 46 48 47 46 49 52 50 51 48 52 52 78 82 88 112 146 102 93 70 47
44 52 50 51 58 59 56 54 52 53 53 57 59 56 57 55 55 59 78 107 95 120 153 108 88 72 45
44 44 49 49 49 54 56 50 45 46 46 47 49 46 48 52 44 49 61 58 63 67 70 64 58 56 46
43 43 44 44 45 45 46 45 44 45 46 47 47 45 46 46 44 44 58 64 58 71 74 69 65 56 52
42 43 44 45 47 47 49 47 46 51 47 49 52 51 51 54 54 65 74 79 81 126 121 107 103 96 52
44 44 47 47 50 54 50 53 50 53 49 50 55 55 56 62 65 74 71 81 76 119 97 95 88 85 47
44 43 45 44 47 51 48 47 43 47 49 46 46 46 47 51 53 56 53 57 51 60 54 50 55 60 47
46 49 44 42 44 43 44 44 43 44 42 44 48 45 43 44 45 50 47 47 46 52 53 50 50 49 52
43 44 41 44 49 45 44 44 43 44 45 43 46 50 46 46 44 49 49 50 54 59 63 75 73 78 93
