43 43 44 44 45 44 63 74 51 47 47 45 48 61 293 244 89 53 44 44 44 42 44 43 44 47 44
44 43 44 41 44 44 63 83 74 46 50 44 44 54 61 54 44 44 47 44 45 43 42 42 44 44 48
44 43 44 44 46 52 290 180 127 53 49 48 50 100 150 177 87 46 41 45 46 44 47 45 43 44 46
42 42 44 44 44 48 117 65 53 46 44 45 46 52 81 183 67 46 45 40 44 43 44 47 44 42 45
42 43 42 43 44 44 55 46 44 44 49 43 43 43 47 80 47 42 43 40 44 44 44 46 43 42 44
41 43 42 43 46 56 136 53 44 47 45 43 44 44 46 68 51 44 44 43 44 46 44 42 43 43 44
43 40 44 48 50 116 243 85 48 47 47 47 48 49 62 164 118 46 46 46 45 46 44 43 43 44 44
43 42 44 46 46 64 129 60 46 46 44 45 50 46 57 162 167 47 45 45 43 44 48 44 42 43 43
43 46 44 42 45 48 59 46 44 44 46 44 44 43 46 61 56 42 44 43 45 43 41 43 48 43 42
42 43 44 43 52 89 172 85 44 46 51 46 46 46 57 96 101 49 45 50 44 44 44 41 44 48 44
46 45 46 46 63 112 264 127 52 47 50 54 50 50 95 181 180 89 49 47 44 44 43 45 45 44 45
43 43 46 44 45 56 100 57 46 44 45 49 45 45 59 95 104 56 44 44 45 43 44 46 44 45 44
43 44 44 47 76 127 184 97 48 46 47 47 48 48 57 77 68 49 46 45 43 43 44 41 44 49 45
43 42 47 44 101 150 289 184 56 51 52 51 51 54 116 161 168 100 49 47 46 45 42 45 49 45 44
43 41 44 49 53 76 156 80 48 47 47 47 46 47 77 130 154 75 48 46 45 44 44 39 44 45 44
41 43 43 43 46 48 67 48 44 44 44 42 44 44 44 50 52 44 44 44 43 43 46 43 44 43 42
42 44 44 44 48 70 122 55 49 45 46 44 44 46 48 56 62 48 44 46 44 44 44 44 43 43 43
43 43 42 44 50 46 55 46 44 43 44 44 44 48 46 50 50 49 44 49 45 42 44 42 43 44 44
42 43 44 40 44 48 45 43 43 42 43 44 44 44 44 44 43 48 44 42 44 42 43 43 43 43 43
42 47 42 43 45 44 47 43 44 46 44 42 44 43 44 46 43 49 44 42 44 42 43 43 43 44 43
43 43 46 42 45 45 52 52 42 46 48 45 43 44 46 52 43 46 50 44 44 44 43 43 44 44 44
43 43 42 43 45 43 52 49 44 45 44 43 44 44 45 53 46 44 40 44 48 44 46 44 42 43 44
42 42 43 44 43 44 68 59 48 45 43 44 44 44 52 58 50 44 44 40 44 45 44 45 43 43 44
43 44 45 45 48 50 163 167 91 52 50 51 49 52 124 137 87 51 47 41 45 48 45 45 44 48 44
42 44 44 44 47 47 129 139 87 53 50 49 49 55 153 149 96 52 50 52 46 45 45 43 46 46 45
42 43 44 43 45 44 50 55 48 44 45 42 45 50 70 62 49 42 46 47 45 44 43 42 43 43 45
43 47 76 51 46 46 90 101 83 50 45 48 53 57 91 120 70 58 49 49 52 44 46 44 42 44 44
43 92 54 45 51 52 123 176 132 64 55 63 60 97 166 173 154 121 61 73 81 45 45 46 47 44 44
44 47 45 43 46 46 67 98 79 52 51 49 48 62 110 118 78 92 43 49 47 44 46 41 44 47 44
47 44 43 44 44 45 72 87 73 66 51 48 54 70 63 79 56 47 44 45 45 44 44 43 44 46 44
48 45 46 46 50 63 144 168 136 136 103 93 110 153 114 158 101 65 51 63 57 42 45 48 44 44 45
45 42 46 44 53 64 148 194 170 172 145 137 146 179 137 183 113 59 49 76 51 44 45 48 44 44 45
44 40 45 44 50 51 77 121 134 140 107 114 128 156 121 103 64 47 46 49 45 44 42 44 48 44 44
43 46 42 47 48 50 107 154 152 151 128 133 141 161 147 121 78 52 48 51 46 44 45 45 42 45 50
43 42 45 52 52 50 108 157 143 152 151 155 153 182 135 124 82 51 56 65 46 44 44 44 44 44 46
43 44 42 47 55 47 81 124 140 131 128 140 127 135 106 87 57 48 47 55 45 44 45 47 42 44 46
42 43 42 47 51 44 45 50 63 76 74 71 66 73 51 47 44 45 45 51 44 42 43 42 43 44 44
42 43 46 101 71 51 51 52 68 103 102 109 94 78 58 51 46 50 59 64 45 44 44 44 44 41 45
42 48 46 156 111 46 52 56 56 84 89 76 81 63 51 50 45 46 66 71 44 44 44 44 41 44 49
43 42 49 66 67 45 43 45 51 53 56 49 53 48 46 45 45 44 50 53 43 43 44 44 44 43 43
42 43 44 53 85 53 45 44 45 52 56 49 51 52 47 45 44 44 53 71 49 44 44 44 42 43 44
42 44 46 77 639 81 59 57 67 98 113 72 91 83 62 57 51 53 167 124 46 49 45 47 45 45 45
43 44 44 48 112 60 53 50 63 83 83 58 70 64 55 53 46 46 71 54 45 49 44 43 43 42 44
41 43 43 44 52 43 44 49 49 54 52 45 48 51 47 45 44 41 46 51 44 44 43 42 43 44 44
43 44 40 46 63 54 47 55 78 94 120 70 76 87 72 63 51 46 56 66 46 44 44 42 44 44 44
42 48 45 48 84 64 57 90 118 134 131 115 104 110 103 88 71 53 58 72 46 48 45 45 44 44 47
43 44 43 44 58 49 47 63 78 79 72 63 58 56 61 63 51 46 45 54 44 44 46 44 45 44 44
43 43 44 44 49 48 54 80 104 83 83 76 71 70 95 100 101 57 53 62 45 44 44 44 44 46 44
47 46 45 48 70 66 87 186 260 236 155 150 152 139 144 232 171 96 63 109 55 46 47 48 46 48 46
47 44 44 47 58 53 85 151 166 162 127 105 102 106 124 152 140 88 64 63 47 46 46 45 46 45 47
42 48 44 42 45 43 51 57 61 65 59 51 51 56 64 65 49 52 47 44 45 46 44 45 43 42 44
42 41 44 45 49 48 64 70 69 90 92 80 74 88 108 110 71 107 70 50 46 44 44 43 44 45 43
43 48 46 47 50 50 71 80 74 107 109 107 96 113 105 100 71 85 63 53 47 49 49 44 46 45 44
43 48 44 47 48 46 58 66 76 85 69 78 85 80 70 71 58 56 53 47 44 44 44 45 46 43 45
42 45 44 44 50 48 53 56 62 65 60 61 62 60 59 62 53 50 50 49 46 44 44 44 44 42 44
42 52 46 48 63 63 77 78 82 85 93 101 101 95 85 86 73 59 58 67 54 50 49 47 49 46 45
43 49 46 60 76 75 87 94 89 89 109 129 114 102 97 88 74 61 61 58 50 49 50 49 46 43 46
42 45 43 50 53 47 56 63 63 61 60 70 65 62 57 56 50 49 51 46 46 46 46 46 42 44 48
43 44 48 46 50 47 51 57 63 58 55 66 62 63 56 54 50 52 53 47 47 47 51 46 46 45 42
43 45 48 54 64 63 82 81 78 78 88 112 108 111 88 90 74 79 63 57 61 56 57 55 50 52 48
43 45 55 63 74 70 99 95 92 94 103 138 147 140 104 120 104 110 67 63 57 59 53 58 51 51 57
44 45 46 48 59 54 65 63 61 66 77 84 81 81 70 77 69 69 55 55 45 51 46 44 46 51 49
44 44 46 45 46 47 52 56 52 52 64 66 62 60 57 65 53 59 50 47 47 49 48 48 49 50 59
43 48 42 44 48 50 65 65 57 67 68 72 70 76 78 79 80 75 58 57 56 62 65 64 74 82 114
