43 45 43 44 48 44 44 43 42 43 44 44 44 42 44 47 47 43 44 44 43 43 44 43 44 42 47
44 45 42 43 45 43 44 42 45 49 44 43 44 43 43 44 42 46 44 44 45 43 44 44 45 44 48
42 44 44 44 44 44 47 44 43 43 44 46 44 42 44 49 42 43 44 42 44 46 44 43 44 43 47
42 43 44 44 45 41 44 48 44 42 44 44 44 44 42 44 43 44 40 44 43 43 44 45 44 44 46
42 43 44 44 45 43 45 47 44 42 44 44 43 44 41 44 42 43 43 43 41 43 47 45 42 43 45
43 43 44 45 45 44 42 43 48 44 42 44 44 43 44 42 43 43 42 43 48 44 43 44 42 43 45
43 43 45 42 44 43 45 44 43 44 48 44 44 43 43 43 42 43 44 43 47 43 42 43 43 43 46
44 43 49 45 43 43 45 44 44 43 44 47 44 43 44 42 43 43 44 41 44 48 44 42 43 43 44
43 44 44 42 46 44 49 46 42 44 49 44 43 43 43 43 44 43 45 40 44 41 44 49 43 42 44
43 44 42 43 46 47 59 46 45 49 44 43 44 43 44 44 43 42 47 43 44 44 41 44 48 44 43
43 44 44 44 46 52 101 56 46 42 45 50 46 43 45 44 43 44 47 45 44 44 41 44 49 44 43
43 44 44 42 44 48 148 62 43 44 50 44 43 44 44 44 42 43 44 44 42 44 49 44 44 44 42
43 46 41 46 47 57 72 473 57 44 46 46 47 47 47 45 42 44 44 44 42 44 49 44 43 43 44
44 45 41 46 54 50 69 380 71 46 47 46 46 46 46 46 42 43 44 44 45 41 44 48 44 43 44
41 44 49 44 45 44 46 93 56 44 44 44 44 43 43 44 42 43 42 44 44 43 44 42 43 48 44
43 44 47 44 46 45 88 101 46 43 44 48 45 44 44 42 42 44 44 40 43 49 44 43 43 42 43
42 47 46 44 54 51 174 99 54 50 45 45 46 45 45 46 43 44 47 42 44 43 44 44 43 44 48
43 48 47 47 46 48 104 76 44 46 44 45 49 44 43 44 40 43 44 44 43 43 44 44 44 43 44
42 44 45 44 51 59 50 45 43 44 44 43 44 44 44 44 43 42 44 42 44 44 44 44 42 44 46
49 46 51 51 135 280 91 51 52 46 45 46 48 47 47 43 48 44 43 44 43 43 44 44 44 42 44
49 55 55 90 330 468 94 50 51 54 49 49 53 52 50 47 44 44 49 44 44 44 43 44 44 43 44
43 50 61 76 126 78 51 45 43 44 44 45 46 43 45 49 42 43 44 39 44 48 44 42 43 43 45
49 79 231 138 126 62 50 52 46 45 47 46 47 47 45 45 43 45 42 43 45 41 44 46 44 43 44
74 170 193 110 101 65 58 51 55 53 51 51 51 49 46 46 43 44 43 43 45 44 47 45 42 44 44
163 396 262 110 77 57 51 50 54 53 54 54 54 54 51 46 43 44 45 44 44 44 45 44 44 44 44
127 234 185 70 48 46 46 46 44 46 50 48 46 47 47 46 40 44 51 44 44 44 42 43 44 47 44
432 554 398 149 62 59 55 53 56 55 61 71 65 68 57 50 44 42 45 49 45 44 45 45 44 45 45
355 382 305 134 94 111 135 175 185 241 309 318 262 289 257 118 50 45 47 44 46 48 47 49 46 46 46
186 175 105 87 97 142 127 147 164 220 260 252 257 348 294 213 51 46 46 45 46 46 43 45 50 46 46
88 99 112 98 106 92 81 81 98 108 132 167 195 213 134 89 46 45 47 44 45 44 43 44 48 45 44
91 119 168 123 110 84 105 100 100 159 154 159 187 175 123 127 58 45 44 45 42 45 50 44 44 44 44
83 121 159 109 80 84 91 112 116 159 150 169 152 173 131 144 67 46 44 44 43 45 49 45 43 44 44
53 61 70 77 67 60 68 80 93 108 112 141 168 147 114 119 63 44 44 44 44 41 44 49 45 43 44
54 49 55 56 53 56 57 54 61 92 106 115 156 208 212 158 56 46 48 44 44 44 43 43 44 44 45
55 57 58 59 60 64 58 60 62 70 109 123 269 541 288 255 66 48 44 41 45 44 45 47 45 44 44
47 49 49 50 51 53 53 50 51 55 66 91 168 219 217 143 55 44 46 42 44 44 44 44 42 44 49
44 47 46 46 46 45 46 45 45 47 47 59 79 106 91 61 41 44 44 44 42 43 44 43 44 41 43
46 44 45 44 48 46 43 44 45 45 48 55 61 66 73 66 46 43 43 43 44 44 41 43 49 44 42
46 44 44 45 44 45 50 46 45 46 49 64 73 71 65 60 47 45 42 43 44 43 44 42 43 49 44
48 49 45 46 47 46 46 50 47 48 53 82 92 99 69 58 45 44 42 43 44 43 44 41 43 49 45
47 48 45 49 55 52 51 51 49 52 61 95 162 165 114 71 44 44 44 48 45 44 44 43 43 44 44
49 52 53 53 58 103 65 58 56 61 76 191 263 226 163 98 45 44 44 39 44 48 44 45 45 43 44
51 55 56 58 126 396 244 144 68 66 80 143 220 209 164 85 46 45 44 44 48 46 47 46 43 45 46
46 54 48 51 85 209 161 113 57 52 56 64 82 97 78 54 45 44 44 49 45 43 46 43 44 44 44
44 44 47 48 74 96 63 78 77 70 69 67 80 75 74 76 43 44 48 44 44 44 43 43 44 43 44
47 48 48 68 137 116 59 100 105 88 82 85 92 77 86 85 47 45 44 45 46 44 45 44 42 44 45
46 50 49 84 152 76 52 61 102 95 91 94 110 104 96 62 44 44 45 40 44 46 44 46 44 42 44
51 52 52 59 67 58 54 53 58 73 130 202 232 230 145 81 46 43 46 44 46 44 44 44 44 50 45
56 61 60 72 78 69 62 63 64 160 361 318 372 298 227 135 49 44 45 45 45 45 46 45 46 46 44
59 62 64 108 106 85 64 64 64 114 331 375 456 343 221 95 53 46 44 47 46 46 45 45 46 49 46
53 55 56 75 69 64 58 57 59 67 127 313 470 228 100 72 46 45 44 45 46 45 47 45 45 47 44
55 60 58 86 76 68 59 60 60 70 101 334 464 399 111 79 46 46 46 47 46 44 46 48 45 45 45
46 47 53 107 70 51 55 49 53 52 62 99 136 86 63 59 43 46 45 44 45 46 46 46 44 44 43
49 60 83 340 180 63 57 62 62 64 62 75 89 68 57 50 45 45 45 43 45 44 46 45 43 46 49
44 47 54 138 95 52 48 54 53 54 49 47 53 53 47 45 44 43 47 43 44 45 44 44 41 44 52
44 53 53 66 60 63 56 57 58 53 46 50 54 48 45 46 40 45 46 51 43 46 46 44 44 42 47
46 57 72 166 106 94 108 121 111 84 72 72 62 60 59 53 47 46 48 55 47 49 48 46 50 45 45
45 56 54 128 66 91 128 117 95 74 67 64 59 55 51 52 45 46 45 45 48 50 48 45 44 49 46
43 49 47 58 52 58 71 72 62 55 53 51 48 48 47 44 44 45 46 46 47 59 56 43 44 49 45
49 46 46 55 59 62 80 83 68 61 54 54 54 56 49 52 47 55 50 58 51 60 68 47 46 50 51
51 50 60 63 74 86 103 115 93 82 68 64 65 60 56 65 59 67 51 64 54 67 55 55 46 50 49
47 56 54 69 81 87 95 94 76 66 60 56 52 53 58 57 55 56 48 50 51 55 48 46 48 52 51
46 47 45 47 51 56 58 56 51 48 49 47 47 46 49 47 48 50 46 44 45 47 46 46 44 52 63
45 43 44 46 47 50 47 52 54 47 47 46 45 46 47 46 47 48 48 46 45 49 48 53 60 77 101
