45 46 50 52 55 56 124 197 139 56 51 48 54 183 270 194 66 53 51 48 50 44 44 44 45 54 58
43 46 44 44 45 46 59 74 55 49 44 46 52 59 136 106 48 45 49 44 49 43 42 43 43 44 50
44 42 44 43 44 44 51 53 49 44 44 43 43 45 59 53 46 44 43 42 45 43 43 46 43 44 45
47 44 43 43 44 45 78 86 46 45 44 44 46 43 65 71 45 43 43 45 45 42 43 43 43 44 42
44 43 46 46 46 56 182 184 56 51 49 49 46 55 168 185 59 45 45 46 49 44 42 43 43 44 45
42 46 45 44 44 55 116 102 51 49 47 47 48 52 158 155 65 45 44 43 44 43 44 44 41 44 50
43 45 47 42 44 47 61 55 49 44 43 44 44 44 55 59 47 44 46 44 42 42 43 43 44 41 44
43 46 43 44 44 77 136 106 50 51 46 46 46 49 74 85 61 44 44 44 43 43 44 43 43 41 44
43 44 46 46 44 134 242 181 69 54 49 50 53 68 149 190 114 46 44 40 46 49 44 45 44 42 44
42 43 44 44 46 73 105 84 52 48 47 46 47 58 118 126 95 44 44 42 45 43 44 46 44 44 45
42 44 44 44 47 74 116 84 48 46 46 44 46 48 60 76 59 43 42 44 42 43 47 44 44 44 42
43 43 48 46 52 193 283 224 78 57 53 53 53 66 143 163 116 46 46 45 46 49 44 44 44 43 45
44 49 47 44 45 98 166 119 58 51 51 49 50 55 110 133 100 49 45 46 50 44 43 44 44 44 45
42 44 51 44 43 46 46 46 44 43 44 44 44 45 46 45 45 44 45 43 44 43 47 43 42 43 43
43 42 45 43 44 51 46 44 44 44 45 44 43 43 45 46 47 44 43 45 44 43 43 43 43 46 52
47 43 44 45 43 47 50 44 45 43 44 47 44 42 45 47 44 43 46 44 43 44 43 43 43 40 46
46 43 43 43 44 45 47 45 44 45 44 45 44 42 45 49 43 43 48 43 44 44 43 43 43 44 48
43 48 45 42 44 43 49 46 44 44 44 44 46 44 44 46 42 46 43 47 42 42 44 44 43 44 46
43 47 45 43 44 46 79 70 47 47 47 47 46 46 59 69 46 43 43 44 44 44 44 46 46 44 43
43 45 44 44 46 68 213 198 72 59 59 55 54 70 159 205 80 47 48 46 47 44 43 46 44 44 46
43 44 44 45 41 51 84 82 58 49 46 47 47 51 95 108 60 44 43 44 45 43 44 43 43 45 46
44 44 50 48 53 152 230 204 153 66 59 57 60 105 185 168 105 54 45 52 47 43 44 43 44 44 43
44 45 56 53 52 301 306 240 228 106 68 70 79 176 255 231 199 79 46 54 50 44 44 46 45 46 44
44 45 51 48 50 141 236 188 181 86 63 64 67 152 252 208 151 76 45 48 54 44 44 44 43 45 46
43 44 50 46 56 96 174 175 131 67 56 56 58 95 147 136 77 53 46 48 46 43 44 44 43 44 50
46 46 71 60 68 249 452 433 389 207 97 96 148 303 430 378 254 79 52 59 54 46 46 46 46 46 49
46 56 98 140 71 333 462 386 349 218 115 116 178 330 344 395 323 108 54 247 155 49 47 47 48 46 49
46 50 396 177 59 222 430 407 340 261 130 135 211 340 353 350 322 83 54 77 155 52 48 49 47 46 48
49 51 80 62 72 298 277 248 261 227 171 194 202 287 258 277 181 78 47 65 56 49 46 45 46 45 47
44 46 59 53 78 216 199 224 189 190 152 156 147 195 168 183 151 90 46 53 49 44 45 45 44 46 50
44 44 59 53 75 147 195 217 212 217 184 176 179 198 163 188 137 60 46 57 49 44 45 44 45 45 45
46 64 56 51 50 87 177 292 286 298 242 261 239 276 204 161 90 54 44 52 54 46 46 45 44 46 47
45 60 63 53 53 91 180 321 292 325 305 359 286 351 239 206 95 56 48 54 48 46 51 47 46 46 46
45 47 88 55 49 75 142 252 250 273 265 340 254 244 211 159 80 53 47 49 51 50 46 45 45 46 47
49 44 46 45 44 50 61 98 112 114 84 88 91 96 72 60 50 45 44 46 44 43 44 40 44 47 45
46 44 43 44 44 46 54 60 75 70 60 57 56 56 52 49 46 42 48 43 45 44 43 43 46 44 45
43 47 45 43 44 45 48 51 63 57 74 62 53 52 47 47 44 43 43 50 44 44 44 46 43 43 46
43 43 44 43 44 46 45 46 46 44 46 45 45 45 43 44 42 46 44 48 45 42 43 43 43 45 44
43 46 44 43 45 43 44 44 43 45 50 44 44 44 43 44 42 43 44 51 46 44 45 44 43 44 45
42 44 40 46 50 43 43 44 43 44 45 43 45 46 44 43 41 42 44 65 45 41 44 48 43 46 44
40 44 52 86 48 45 44 44 46 44 45 44 45 47 46 44 44 44 50 285 48 42 44 45 45 44 46
44 46 52 292 46 45 45 44 45 45 45 46 45 45 45 44 44 44 44 63 44 42 43 44 43 44 45
44 41 47 186 66 44 44 43 44 45 45 44 45 45 46 45 42 44 51 73 46 44 43 42 43 43 44
43 43 44 58 48 49 44 43 44 43 44 44 44 45 45 44 43 42 44 45 44 43 43 43 42 43 46
43 43 46 51 47 45 43 47 58 55 50 45 47 53 51 46 50 44 44 51 43 43 44 43 43 42 43
43 46 46 54 56 55 56 71 104 106 94 59 62 94 81 73 55 49 44 60 49 43 45 44 42 43 44
43 44 44 44 45 46 48 56 64 69 65 49 48 54 54 53 48 46 42 44 45 43 44 41 44 49 44
45 44 48 46 46 53 58 91 118 100 96 81 68 78 85 99 72 46 44 49 46 44 44 42 44 44 44
44 46 54 51 50 80 104 205 364 221 213 213 159 150 172 359 197 65 44 52 53 46 47 46 46 46 47
43 44 49 48 47 63 78 132 327 187 118 99 85 93 119 148 104 52 41 49 52 44 46 44 43 44 45
42 43 45 44 44 47 53 54 80 77 64 55 53 55 74 73 50 44 47 44 46 44 43 43 43 43 45
43 46 51 47 46 60 72 94 141 198 155 110 89 109 162 192 83 60 51 47 47 44 43 44 45 44 45
44 45 49 46 45 56 71 79 95 147 143 111 92 106 139 153 78 53 46 50 46 46 45 43 44 44 45
44 43 44 44 45 48 53 55 70 91 76 71 70 71 68 74 56 50 44 41 45 45 44 47 45 42 44
42 44 44 45 47 54 59 61 76 89 81 95 86 81 78 87 69 52 50 50 47 45 43 44 48 47 43
44 52 49 49 57 82 97 104 129 133 149 160 150 132 125 132 106 64 55 60 55 46 53 46 44 47 50
44 50 47 56 55 73 82 98 101 112 135 145 141 118 106 100 80 57 54 52 46 46 55 47 47 45 43
43 46 40 45 51 48 51 54 54 56 56 60 60 55 56 56 49 46 47 45 46 45 45 45 53 45 42
42 45 43 46 51 51 55 61 58 58 58 64 69 75 61 60 53 55 54 47 49 47 59 54 48 43 44
42 49 54 51 58 67 78 84 78 76 78 98 101 105 84 86 72 72 62 58 54 64 61 61 58 46 46
45 46 57 49 54 63 69 69 72 71 72 95 95 97 78 85 74 75 53 57 49 59 50 54 54 48 53
44 42 45 49 47 47 50 48 50 51 51 57 60 58 54 57 47 55 48 47 44 49 46 46 46 46 51
44 44 45 47 46 44 47 48 48 49 51 54 59 56 53 54 51 56 48 46 46 50 48 48 51 52 68
44 48 46 45 46 47 51 54 54 52 52 56 59 68 69 64 71 66 50 50 50 60 59 57 64 67 122
