42 44 51 59 63 47 47 48 48 47 61 462 346 64 46 44 42 44 43 44 45 44 44 45 45 44 45
43 40 47 107 114 48 44 44 45 44 46 54 50 45 50 44 42 43 43 44 43 43 44 43 46 44 46
42 44 55 165 140 47 45 44 45 45 50 67 76 54 46 45 43 44 49 44 42 43 43 43 44 44 45
42 43 48 84 80 49 45 43 43 43 46 50 59 49 51 46 42 42 47 44 42 42 43 43 44 42 44
42 43 48 63 56 44 42 43 42 43 44 43 46 49 44 42 44 43 44 48 45 42 43 42 42 44 43
43 44 88 230 122 46 50 46 43 44 45 46 48 44 46 49 44 44 43 43 44 43 44 43 43 48 44
43 51 113 262 156 50 47 48 46 46 47 48 52 49 46 46 44 47 45 42 44 42 44 44 43 44 48
43 43 61 89 61 44 44 43 44 46 44 45 48 44 43 44 43 45 44 42 44 43 43 44 42 43 49
42 44 76 97 62 47 44 46 44 42 43 44 46 44 42 44 42 43 39 43 47 43 45 44 42 43 44
43 62 229 218 141 52 48 47 46 47 47 46 53 50 46 46 43 44 40 44 49 44 43 43 42 44 45
45 72 221 214 165 56 54 48 46 47 52 52 62 60 56 54 47 46 44 41 44 49 44 43 44 43 44
41 48 68 74 59 43 45 44 45 45 46 56 64 67 65 51 46 47 52 44 43 44 43 43 43 44 45
44 93 189 185 144 52 49 47 47 46 48 59 68 74 63 48 45 42 45 49 45 43 44 42 43 52 60
47 71 207 159 123 53 50 50 49 50 59 84 106 134 117 88 67 60 51 51 46 45 44 43 44 45 46
41 46 57 52 50 44 45 42 44 48 46 46 54 69 65 66 59 53 53 46 46 49 42 43 48 44 43
42 42 45 43 44 43 43 43 41 43 48 44 43 45 45 44 43 43 43 44 44 43 43 43 47 45 43
43 43 53 45 46 45 45 45 42 45 49 49 47 59 59 59 58 51 45 45 44 43 44 41 44 48 44
49 45 49 50 45 44 45 44 44 43 45 52 50 63 68 81 71 65 53 44 44 46 48 44 44 42 44
47 44 45 45 45 43 44 43 43 42 44 46 44 43 45 45 42 43 44 43 44 41 44 47 45 42 43
43 40 67 88 62 51 46 43 44 44 44 46 46 48 54 47 44 45 44 44 44 43 43 46 44 45 44
44 48 84 148 117 62 52 46 47 49 52 60 70 74 89 65 63 65 51 48 46 44 47 44 45 46 48
43 47 52 67 75 48 45 44 45 45 43 47 54 51 50 49 48 52 51 45 45 44 43 43 43 50 74
43 54 84 89 108 88 49 47 47 47 44 49 56 49 46 47 41 46 44 46 43 43 44 43 44 41 46
44 62 172 209 242 215 91 63 65 62 78 93 109 124 108 85 70 63 54 53 48 44 45 45 45 48 46
44 57 116 145 161 180 87 57 56 55 60 77 93 101 101 84 68 62 57 55 49 46 45 42 47 71 47
42 48 46 51 64 79 56 52 46 44 46 45 46 46 46 45 43 45 44 43 44 43 43 44 41 63 52
46 55 92 137 158 199 176 98 69 73 71 75 80 78 68 59 50 47 46 43 45 45 46 44 42 47 51
61 74 92 161 196 300 287 222 224 143 175 184 172 196 165 148 100 74 55 56 59 56 53 48 45 50 49
46 52 62 74 121 166 204 193 177 108 100 96 87 90 67 59 51 48 44 47 49 46 44 45 44 47 51
43 49 53 56 82 139 160 152 107 105 83 75 64 53 50 54 46 44 45 39 44 49 45 43 44 44 44
45 54 66 71 145 165 195 205 178 207 175 170 136 129 86 93 63 58 51 47 47 46 46 45 46 46 46
46 56 66 63 102 134 176 220 213 222 201 181 140 140 98 115 76 65 54 54 48 53 46 49 49 64 47
45 54 54 50 60 72 121 175 164 207 128 102 69 62 52 50 47 46 46 47 45 44 44 43 44 47 45
46 47 54 50 56 69 124 153 156 162 118 93 75 70 55 50 46 47 44 45 50 46 44 44 43 45 46
52 49 56 54 62 76 123 158 148 162 134 125 103 119 84 74 59 63 54 50 51 63 53 49 46 52 46
56 51 53 52 56 73 138 131 142 120 94 91 78 80 66 58 55 50 48 44 46 49 47 52 47 70 68
47 50 44 44 44 46 53 50 55 61 48 46 46 46 45 44 43 43 44 41 44 41 44 49 44 44 45
73 156 55 47 50 52 75 85 89 86 63 56 52 53 49 49 49 48 46 41 45 50 48 44 44 43 45
78 255 98 58 55 59 85 111 98 94 81 72 63 69 60 61 62 54 49 46 46 46 52 53 44 46 47
46 166 89 53 49 48 56 63 71 59 53 49 47 48 49 46 43 44 44 44 42 44 49 44 43 44 43
43 68 218 53 52 54 58 85 69 57 48 49 53 48 45 46 44 45 45 47 44 44 48 48 46 42 44
45 97 194 82 70 129 151 154 153 118 97 81 81 74 60 62 57 52 46 50 49 56 50 54 58 46 46
52 78 127 71 67 133 177 167 146 110 92 76 69 64 57 52 51 49 47 43 45 49 46 47 46 46 46
41 50 65 48 50 57 83 88 69 58 51 49 48 49 46 44 43 43 43 43 44 43 45 42 44 51 45
45 55 95 72 82 153 188 197 140 108 107 103 86 76 63 63 54 47 47 44 45 47 46 53 44 44 46
49 70 194 129 124 245 228 247 184 153 139 161 156 118 99 87 72 53 49 47 47 52 47 51 48 47 48
45 54 96 84 95 184 172 134 112 94 78 72 65 62 59 50 47 46 45 46 48 46 44 44 44 45 46
48 51 68 71 97 153 167 131 94 76 74 77 73 68 63 53 47 46 48 46 49 46 47 44 44 46 46
46 55 122 114 168 251 207 220 156 141 150 154 153 123 98 105 75 60 56 49 68 58 89 45 45 47 52
45 50 103 130 154 174 159 173 128 105 106 106 112 83 65 56 52 49 49 49 56 48 50 44 45 46 51
42 44 51 66 70 73 62 60 57 49 50 51 52 48 44 46 44 45 45 47 46 44 43 43 43 44 42
44 46 56 69 74 70 65 61 87 64 64 87 82 63 62 54 48 50 47 55 48 57 44 45 43 44 42
46 47 64 72 96 90 99 91 100 95 93 121 114 98 85 71 61 53 63 51 51 52 44 47 44 45 46
44 43 53 68 76 68 70 66 65 65 56 55 54 50 48 47 46 48 42 44 44 44 49 44 42 43 44
43 43 48 56 67 66 60 57 60 51 48 49 47 46 46 43 45 43 43 42 44 42 44 49 44 42 45
43 50 57 70 83 89 81 83 77 74 78 69 58 51 50 48 55 45 45 48 45 47 44 48 44 43 51
47 59 81 92 103 102 94 97 104 98 87 83 70 56 56 55 51 46 49 45 45 52 45 43 44 43 46
50 44 58 66 61 59 63 66 64 64 56 58 52 46 47 49 44 44 46 43 44 48 45 42 43 43 44
45 45 51 62 54 53 61 61 58 57 54 56 54 49 49 49 43 46 45 45 42 44 53 44 43 44 44
45 57 68 66 70 72 93 96 90 95 87 90 81 69 62 58 52 55 56 53 48 51 52 49 53 49 47
53 56 90 82 84 84 95 106 104 98 104 103 88 78 64 61 64 65 61 56 50 54 50 47 46 55 51
46 56 58 63 65 61 64 62 62 58 66 64 57 53 52 63 47 52 46 45 44 46 49 44 45 46 48
43 45 47 49 49 50 57 55 51 52 55 53 51 52 54 51 47 53 50 46 46 49 46 44 45 48 57
42 45 52 52 50 51 60 63 55 53 55 61 53 54 55 57 50 57 49 51 56 64 60 55 56 82 103
