42 43 44 52 44 43 44 49 51 49 49 54 51 54 46 59 47 43 43 47 45 42 44 47 44 43 43
42 42 44 44 45 46 46 50 59 53 53 67 52 53 49 49 44 43 44 45 44 44 42 43 46 44 44
43 42 44 46 44 45 46 47 57 57 64 143 70 56 56 54 45 46 45 43 44 43 44 44 43 44 46
46 45 47 50 47 48 53 60 67 71 118 1260 441 78 64 59 53 53 50 47 49 51 51 47 45 45 45
46 47 44 47 53 50 57 64 70 75 106 1596 631 74 66 62 54 55 51 46 50 53 54 48 45 44 46
42 44 41 44 49 44 44 46 49 57 70 182 123 60 57 48 49 45 44 44 43 44 45 44 44 43 44
43 47 42 44 44 43 45 45 53 63 68 86 84 49 50 46 44 44 47 44 44 44 43 43 44 43 44
42 47 42 43 44 44 45 48 51 58 96 99 74 50 47 46 44 49 44 43 44 42 44 44 43 44 44
42 43 44 43 44 42 45 51 49 82 127 78 60 47 46 46 44 44 41 43 45 41 45 48 44 42 43
42 43 44 43 44 43 45 50 50 88 128 56 56 46 45 46 44 44 40 43 44 44 48 44 42 43 43
43 42 43 44 44 44 42 48 63 118 120 59 50 46 48 44 47 44 44 41 44 45 45 44 49 44 42
42 42 44 45 44 44 44 51 84 119 103 54 49 46 48 44 45 45 45 44 48 44 44 44 43 43 44
43 44 49 44 43 44 44 54 90 100 87 59 50 48 48 45 45 45 44 42 45 48 45 44 43 44 44
44 44 45 44 44 44 46 63 118 113 93 65 56 46 50 47 46 43 45 49 45 45 46 43 43 43 44
43 44 44 43 45 46 48 72 130 131 111 74 56 49 52 50 48 45 50 44 45 45 44 44 48 44 43
42 44 45 44 44 46 50 90 152 142 123 81 56 58 52 50 48 46 50 44 46 46 44 45 48 44 43
43 44 44 42 44 46 49 83 129 127 104 59 51 52 48 48 50 47 44 48 44 45 46 42 43 48 44
42 44 44 47 45 43 46 62 86 95 63 50 54 46 46 46 47 45 44 48 44 44 45 41 43 48 44
46 44 45 44 43 44 48 58 94 107 70 58 49 46 48 46 44 45 44 44 45 42 45 48 44 43 44
43 42 43 44 44 44 46 50 91 82 54 47 48 45 48 46 43 44 44 43 45 42 44 48 44 42 44
42 40 44 41 44 49 46 50 74 68 56 47 47 46 48 45 44 42 44 43 44 44 42 44 48 43 43
43 42 44 48 45 45 49 60 105 129 66 52 49 53 50 51 46 46 45 43 45 44 45 45 41 43 48
43 43 45 48 45 46 47 60 103 97 97 58 54 50 51 72 48 47 45 44 44 45 45 44 44 42 44
43 44 42 44 50 51 50 79 127 120 100 58 54 54 72 72 60 54 46 46 45 46 46 45 44 42 44
44 45 44 45 50 49 59 107 172 142 119 71 61 65 80 96 94 63 48 46 47 48 50 45 44 46 44
44 47 43 44 49 49 76 121 170 138 122 71 64 63 109 124 122 72 51 46 48 48 51 44 44 48 44
46 48 43 44 47 51 89 135 133 149 103 75 60 70 104 146 116 88 52 46 49 48 50 47 44 44 47
45 46 46 46 51 64 128 185 152 179 131 95 74 100 140 196 169 130 72 46 54 54 57 55 44 43 44
44 46 46 44 48 77 130 156 119 142 111 73 66 97 133 167 130 123 68 50 54 51 56 48 43 44 44
44 44 44 45 46 64 106 126 105 114 77 60 59 72 103 126 108 106 80 52 48 49 50 46 46 45 43
45 46 45 47 48 92 140 148 138 123 99 69 74 122 144 136 140 132 96 67 54 52 54 47 45 63 46
46 47 50 47 54 76 126 156 219 171 154 115 114 174 193 179 159 131 108 77 56 57 64 50 44 47 46
47 47 49 47 49 63 99 160 183 188 163 152 163 184 188 184 147 127 108 76 55 62 60 51 45 47 52
47 49 46 50 50 57 92 161 145 190 170 153 209 206 181 168 138 134 113 61 54 60 62 55 45 44 46
47 48 46 47 50 61 96 157 158 200 175 151 208 229 192 162 137 130 115 63 55 62 63 52 50 49 45
46 50 46 46 50 62 108 153 182 210 158 143 174 205 160 135 127 104 83 63 54 57 61 52 46 49 46
46 45 45 45 48 60 100 120 149 125 131 103 127 162 133 118 117 87 80 58 53 55 56 50 44 49 44
51 46 45 46 47 56 98 116 136 123 104 92 110 123 122 114 109 84 73 51 51 52 59 56 44 44 44
44 46 45 44 43 55 79 118 102 112 95 76 116 92 94 104 92 76 60 50 49 50 54 57 44 43 44
44 42 45 43 47 57 63 95 89 99 87 77 104 89 97 91 89 74 53 50 50 51 60 95 50 45 44
43 44 45 44 52 48 55 73 78 81 74 63 73 78 71 67 64 53 50 47 50 51 75 148 42 44 49
44 47 44 46 46 47 56 72 94 105 91 70 74 81 71 71 64 55 50 49 49 55 138 179 47 42 47
44 45 45 44 47 48 55 66 97 105 111 82 69 96 82 72 64 56 50 50 50 72 179 153 48 41 44
43 45 47 45 48 49 52 64 89 114 122 81 71 102 84 71 67 55 48 50 52 92 201 119 49 49 45
46 48 44 45 47 49 55 65 89 119 131 97 78 108 100 88 76 59 49 50 54 131 279 99 63 49 44
45 50 45 46 48 48 59 73 96 141 138 115 90 127 126 114 91 68 53 49 55 236 394 101 48 45 50
45 47 46 45 48 54 59 72 95 131 144 122 101 143 144 133 97 68 52 54 59 170 303 83 51 49 44
47 46 46 44 48 56 61 81 106 113 142 142 123 163 152 136 106 78 49 51 103 145 146 66 50 47 46
45 47 46 46 46 54 69 103 129 128 156 149 149 157 113 118 98 82 61 51 103 218 168 61 50 45 45
46 49 46 46 47 54 75 106 145 123 135 147 170 153 109 119 106 94 76 46 111 165 109 52 46 45 44
46 48 47 47 51 57 82 141 164 174 144 160 174 143 124 132 131 119 97 55 138 153 70 51 44 46 46
49 51 48 50 53 64 168 242 228 213 183 197 188 148 152 173 177 141 122 97 110 120 75 52 46 47 46
53 54 51 51 58 88 262 364 334 242 200 222 186 160 170 183 179 159 132 117 142 88 72 56 46 46 47
50 52 48 50 58 82 246 321 296 203 186 176 136 149 143 154 140 136 111 123 146 69 74 57 48 46 44
54 56 49 50 80 173 178 293 351 215 205 151 110 127 116 117 122 107 98 120 101 63 65 54 46 46 47
50 52 49 50 116 217 224 251 318 178 165 123 96 104 109 108 110 97 84 97 67 58 61 52 46 47 45
52 56 49 59 119 213 124 109 133 116 103 87 78 83 84 83 74 67 62 53 51 51 52 47 44 44 43
54 71 97 113 182 159 104 93 99 103 84 85 72 78 76 74 64 58 54 46 48 53 50 46 44 42 44
70 129 66 108 125 127 102 87 87 83 80 85 72 79 85 72 63 56 52 49 46 48 53 46 44 44 44
179 109 70 89 96 90 92 81 80 82 77 86 74 80 76 77 66 59 56 46 47 48 48 46 42 44 48
121 97 76 80 80 77 74 85 83 88 77 89 88 84 76 87 73 74 58 52 46 48 50 46 44 41 44
72 113 83 81 75 86 81 100 100 99 100 107 95 91 101 111 107 117 73 56 48 50 53 46 45 42 45
88 110 89 77 69 76 77 95 103 101 121 121 99 100 105 108 108 108 69 57 53 51 54 44 45 50 45
92 106 80 67 64 72 79 89 93 109 126 133 100 98 95 89 83 75 61 58 58 52 52 46 44 44 49
