44 49 47 53 47 43 45 51 46 44 41 44 48 44 42 42 42 41 43 43 44 44 41 43 48 43 43
43 44 45 51 52 46 56 55 51 45 42 43 44 43 44 44 44 43 44 43 43 43 44 44 43 43 44
43 41 48 62 70 58 55 72 71 51 44 44 45 44 46 44 43 43 50 44 44 43 42 43 44 43 44
42 44 58 60 116 106 58 173 175 54 44 46 46 45 46 47 44 44 45 48 45 45 44 42 44 44 44
43 44 46 77 200 194 66 332 265 65 43 50 52 47 48 52 47 47 46 50 46 44 45 44 45 45 44
43 46 48 56 206 234 70 122 132 87 44 52 50 49 51 47 46 50 47 44 45 44 44 46 45 44 46
43 46 52 54 152 106 55 58 72 90 44 52 48 46 46 46 44 47 46 44 45 43 44 45 43 44 47
43 44 51 64 98 65 48 53 57 83 45 53 46 47 46 46 44 46 50 45 44 44 43 44 45 43 44
42 44 45 68 86 60 50 53 50 67 44 71 51 50 48 49 47 49 42 46 52 45 44 46 44 44 44
42 45 46 62 121 65 53 50 49 53 43 102 56 50 49 51 47 47 48 41 46 50 45 47 46 43 44
42 43 50 86 180 103 48 49 48 49 45 120 75 50 48 47 46 46 46 41 46 50 44 45 45 43 43
42 43 46 107 214 135 49 52 47 46 44 103 91 59 49 46 45 43 46 50 46 44 44 44 44 45 43
43 47 47 102 195 145 49 47 47 46 44 102 104 104 52 45 46 43 46 50 46 44 45 44 44 44 44
43 53 45 83 164 141 57 47 46 47 42 100 111 130 57 47 45 46 43 46 51 45 45 46 44 44 44
43 44 46 97 178 160 94 50 45 47 48 88 101 141 82 52 45 46 45 46 46 46 49 46 46 46 42
43 46 46 97 185 171 135 55 51 48 45 91 99 152 121 50 50 47 47 46 47 46 46 47 47 47 44
47 45 48 130 205 191 156 54 49 48 44 64 76 108 88 53 43 46 46 50 43 45 49 46 45 44 44
43 44 48 85 166 164 133 52 45 45 44 51 58 71 68 52 44 45 45 43 45 47 45 43 44 44 43
42 44 46 61 122 140 95 54 46 43 44 47 47 58 56 48 44 44 45 44 44 44 44 44 44 46 44
42 42 45 55 74 100 123 49 46 44 43 46 43 49 58 47 43 44 44 44 43 44 45 44 46 44 42
44 43 41 46 51 95 94 46 44 44 43 45 45 43 52 54 43 44 45 44 44 44 44 44 44 43 45
43 46 44 45 47 89 85 57 45 46 41 46 51 48 86 78 53 45 49 45 44 44 44 44 45 42 44
42 43 44 44 51 57 88 74 53 47 44 47 49 54 112 104 85 57 47 51 47 46 46 45 46 45 45
42 44 46 44 49 54 87 94 77 50 44 48 49 61 110 115 101 64 50 51 48 45 46 45 46 46 42
43 44 44 46 48 67 112 125 134 70 44 56 50 62 128 124 118 91 58 49 50 48 48 48 48 46 45
43 47 44 47 50 74 123 144 157 105 44 59 58 85 120 154 153 111 78 54 55 51 50 50 47 49 49
44 44 48 45 50 69 124 129 129 115 44 62 55 74 95 154 139 101 92 54 53 51 53 51 51 46 44
44 45 45 48 54 71 146 173 138 152 44 85 64 65 106 181 168 172 138 82 69 66 57 89 57 51 46
43 45 45 47 50 70 143 160 120 132 43 82 63 63 76 138 116 133 122 78 56 58 54 55 56 48 45
44 44 45 46 51 61 93 108 99 104 43 116 65 56 63 93 105 103 93 77 58 55 50 49 53 46 44
50 57 56 67 106 99 126 166 161 172 48 4095 184 162 132 171 159 167 148 150 109 103 91 97 94 73 51
44 51 68 49 59 62 110 138 160 156 45 183 142 148 103 168 139 130 116 121 85 62 57 57 71 53 45
52 56 59 49 58 56 89 148 147 166 46 179 167 181 126 166 127 142 110 105 83 67 57 62 63 53 46
53 48 53 50 58 57 79 139 120 157 45 191 173 192 145 170 128 134 110 97 80 62 57 67 61 53 46
57 47 47 49 59 58 68 114 131 144 46 189 189 225 147 170 129 144 110 101 88 69 60 63 59 56 46
50 72 50 49 57 55 62 90 130 127 45 179 217 186 125 123 115 126 100 86 75 60 63 65 58 53 46
45 72 67 53 56 52 55 73 102 116 45 131 121 135 121 91 101 94 100 76 66 56 54 63 59 50 45
46 53 54 51 56 56 56 72 88 97 48 111 114 114 88 85 91 85 86 74 60 55 56 79 62 47 45
43 43 49 47 52 54 54 60 67 107 44 104 101 84 85 73 74 74 76 70 57 53 56 120 82 49 45
43 45 42 46 54 56 56 57 68 109 43 96 88 74 72 70 60 63 60 59 55 52 57 182 98 50 46
43 48 45 46 56 65 54 60 56 66 42 79 86 67 58 55 60 61 66 65 52 52 57 171 96 53 46
41 44 48 46 57 118 67 58 52 55 44 67 78 81 61 53 61 61 67 62 56 55 58 152 96 66 48
41 44 49 46 52 139 125 60 53 53 44 70 79 86 66 55 67 67 82 71 55 56 53 149 124 106 46
45 43 45 49 50 112 124 82 56 53 44 71 86 94 74 60 73 73 97 85 62 63 56 161 173 111 49
43 46 44 47 48 70 102 108 56 51 44 67 95 97 86 69 81 95 99 93 78 68 56 100 119 78 51
45 43 49 45 49 58 85 108 74 56 43 75 104 111 122 98 103 125 116 124 112 102 65 95 166 92 47
45 45 46 48 51 58 104 249 141 61 44 84 102 122 148 119 113 124 139 145 138 152 98 102 205 140 50
44 46 47 46 49 53 84 158 87 60 44 85 110 127 137 145 142 121 157 151 143 181 135 81 149 181 53
44 46 46 46 46 52 64 76 94 67 44 86 109 122 107 128 125 110 148 152 178 226 187 94 162 240 63
44 46 46 47 50 50 57 69 91 74 45 89 134 137 113 135 141 138 150 200 254 298 241 117 167 200 64
46 47 46 47 50 54 59 64 85 93 46 105 139 140 134 145 150 139 164 248 280 394 324 127 204 242 118
46 51 47 47 52 54 59 66 80 101 44 125 165 191 149 138 133 142 153 229 255 379 287 175 211 197 82
46 46 46 48 52 54 59 69 75 105 45 142 186 187 149 137 133 129 143 202 214 237 264 169 176 107 58
45 43 46 51 51 51 55 58 61 94 44 137 134 136 127 125 114 107 113 160 176 160 193 127 132 65 49
44 45 43 46 50 50 52 55 54 76 49 118 104 100 85 95 103 85 92 119 126 104 113 78 76 55 46
43 44 43 45 48 47 49 49 52 62 44 93 79 77 75 88 87 78 72 90 87 72 65 53 60 50 44
43 46 44 42 45 45 46 47 47 51 44 70 61 62 64 69 69 70 64 66 61 60 52 46 48 46 44
44 40 44 49 46 44 46 46 47 48 43 55 56 57 61 69 72 81 88 95 68 59 59 47 49 47 43
46 46 40 45 50 45 47 50 47 48 44 55 54 58 62 75 75 88 122 119 81 68 69 50 50 49 44
58 51 46 44 46 44 49 52 50 51 43 55 56 58 61 76 82 112 130 124 89 86 64 55 54 49 45
49 49 52 47 47 50 49 55 54 53 44 56 56 59 66 87 116 174 135 129 104 105 71 59 55 53 46
44 58 62 56 51 55 55 62 58 57 45 66 62 67 72 124 169 267 207 141 120 112 87 58 60 56 46
52 63 57 62 51 51 54 57 54 55 44 63 59 64 72 116 152 212 149 124 117 135 101 55 60 58 46
57 63 54 51 50 53 51 55 51 49 44 59 55 61 63 84 117 122 92 108 107 128 93 52 57 52 46
