42 43 45 46 44 47 43 42 43 43 44 44 43 49 58 54 52 59 53 47 55 47 46 44 43 44 45
44 44 46 43 44 44 43 44 42 44 46 45 43 46 49 47 66 73 52 58 72 54 47 44 44 41 44
42 44 42 44 48 43 43 44 43 44 45 46 48 52 50 52 82 172 78 116 164 72 63 46 44 46 44
42 44 47 42 45 49 46 45 45 44 46 48 50 54 57 53 88 350 107 212 273 95 78 50 46 46 46
43 43 44 42 44 48 44 43 44 43 44 46 45 50 52 48 80 166 75 106 140 66 58 46 43 45 45
42 43 43 44 41 45 49 44 42 44 43 44 45 44 47 51 86 68 59 65 75 59 50 45 44 44 44
43 42 44 43 44 44 43 44 44 44 45 44 44 45 46 51 94 53 56 55 66 66 52 47 44 44 45
43 44 44 43 43 43 43 43 44 44 44 46 45 44 46 57 97 47 50 53 63 60 50 43 43 44 44
43 44 43 42 44 44 43 44 46 44 44 44 45 47 55 85 62 45 48 42 61 87 58 46 44 43 44
42 43 43 43 44 42 44 47 44 44 45 45 47 50 89 95 50 46 47 48 65 96 76 46 46 46 43
43 43 44 43 43 43 44 42 44 48 45 46 49 61 115 99 49 47 48 49 72 110 99 48 48 47 44
43 42 44 43 44 44 43 44 47 45 46 46 50 74 122 78 46 48 47 49 84 112 116 51 44 46 45
43 43 44 44 44 44 44 43 44 45 47 49 53 108 135 73 48 50 49 51 102 133 135 71 46 47 46
42 44 47 44 44 43 43 44 44 45 47 49 64 127 127 81 49 52 54 51 116 143 136 118 48 46 47
46 44 45 44 43 44 45 45 45 46 45 52 74 144 143 97 55 63 51 56 134 159 156 129 50 51 47
47 44 43 44 43 43 44 44 45 46 47 56 75 141 144 95 60 55 57 54 134 156 165 147 48 49 49
43 48 44 43 44 42 44 44 45 45 47 51 72 121 110 74 52 50 55 58 118 138 140 98 46 48 46
42 43 44 42 44 47 44 45 44 43 45 48 58 92 90 62 53 47 48 51 86 96 101 72 46 46 45
42 42 43 44 43 44 45 43 45 44 44 50 51 78 76 51 48 45 46 49 63 73 72 51 52 45 43
43 43 41 44 44 43 46 43 42 43 44 44 50 69 63 51 47 45 44 46 54 56 54 45 46 47 44
42 44 43 43 44 41 43 47 44 42 45 44 52 61 56 45 51 44 45 45 46 48 47 44 45 43 44
42 43 44 43 46 43 42 44 44 44 45 43 67 84 54 44 48 45 46 51 53 50 53 51 44 44 44
43 44 42 43 44 43 44 42 44 49 46 51 83 108 63 49 49 47 52 50 75 78 72 48 46 46 45
43 44 45 44 45 46 44 43 44 44 48 78 96 133 89 52 52 50 53 70 105 105 95 62 51 48 46
43 45 44 43 44 44 44 45 43 47 65 123 127 123 116 58 57 53 58 120 118 119 124 75 47 50 45
45 43 44 44 44 44 42 46 51 48 69 135 137 143 157 65 63 57 67 134 115 116 117 86 49 48 49
44 46 43 44 44 44 45 43 47 53 72 118 134 131 140 78 61 63 76 98 152 150 150 108 50 52 50
43 45 45 45 42 45 50 50 47 58 110 175 180 164 162 98 67 67 102 110 204 206 202 158 56 55 52
42 46 47 44 44 43 51 53 50 59 100 124 129 142 132 78 63 65 75 92 116 118 126 114 56 51 49
42 45 50 44 45 47 72 51 48 59 87 94 104 135 116 78 65 57 72 93 97 98 103 91 63 50 47
43 44 47 44 45 51 45 50 58 73 99 120 115 158 121 108 77 74 86 114 115 109 107 114 65 52 50
44 43 46 44 44 48 46 50 49 72 104 124 145 186 146 152 119 112 112 136 134 129 123 116 72 56 53
44 44 50 45 45 46 53 48 51 67 101 119 142 186 153 151 126 138 120 114 126 129 118 108 72 54 52
43 43 45 44 46 45 71 52 49 59 86 124 148 167 158 161 127 146 127 142 130 133 126 135 74 56 53
48 45 45 46 44 45 57 58 53 59 91 125 144 188 189 160 127 155 135 170 144 144 140 132 69 59 58
44 49 45 44 46 45 48 69 53 61 81 119 128 177 195 119 112 113 111 158 151 149 148 105 62 57 56
43 47 44 43 46 46 46 53 48 51 68 85 103 146 120 90 101 89 101 118 131 131 131 86 52 57 51
42 44 48 44 44 44 46 60 50 50 58 78 90 108 103 84 89 85 93 100 131 132 135 74 51 52 53
44 44 41 45 47 44 46 71 57 50 57 76 95 89 90 73 83 83 81 91 123 118 120 60 52 53 92
44 44 44 44 44 44 45 87 79 50 49 57 65 65 67 58 70 62 64 82 92 88 88 55 50 53 116
42 45 48 43 45 43 44 96 97 55 48 46 53 61 56 49 53 50 56 72 65 63 63 48 48 68 126
43 48 45 45 44 46 45 86 99 65 51 50 57 62 58 54 53 53 61 81 69 67 67 50 48 77 122
43 42 44 47 44 44 44 76 89 66 50 49 53 65 65 60 52 56 84 97 64 60 58 53 46 80 105
43 44 43 44 45 44 46 62 88 103 51 49 54 67 67 66 58 63 99 101 68 65 65 52 50 96 173
46 44 44 46 44 43 47 64 135 102 49 51 62 77 87 84 75 65 106 117 86 81 79 56 53 116 201
44 46 45 46 44 45 43 71 132 81 50 55 71 93 119 105 115 84 128 162 117 114 106 63 80 148 166
43 45 46 45 44 44 50 60 61 69 50 59 83 101 132 119 131 96 138 163 142 142 131 64 66 115 92
42 45 45 44 46 42 46 54 55 70 53 66 95 119 133 124 155 113 144 182 143 142 134 70 63 110 72
43 46 46 44 46 44 46 51 56 79 58 70 109 118 108 119 141 116 142 164 169 165 161 73 85 125 68
44 46 46 45 45 45 44 49 62 80 62 92 141 134 122 122 160 118 140 188 200 199 188 102 121 174 77
44 47 46 46 46 46 46 51 63 83 68 133 182 245 160 135 167 145 153 226 282 275 266 163 132 242 121
45 47 51 46 46 46 46 53 57 82 80 160 205 277 199 138 153 145 152 222 359 357 345 224 152 192 118
46 45 50 45 45 45 46 51 54 76 87 138 172 171 179 129 139 132 143 205 280 279 266 198 164 150 83
47 46 44 44 44 45 46 48 53 65 81 107 117 125 125 118 128 111 126 176 218 216 203 143 114 136 63
43 47 49 44 43 44 44 46 48 50 59 80 78 82 90 94 97 85 103 152 139 138 128 101 87 76 52
43 46 44 43 44 44 44 46 45 49 55 56 60 67 72 85 88 77 98 147 103 102 96 63 56 58 50
43 45 44 44 45 43 44 46 43 46 45 49 52 54 62 61 64 67 79 101 66 66 63 51 47 49 48
44 48 45 43 44 43 45 45 45 47 51 48 51 56 62 67 76 88 95 109 70 65 62 49 46 49 47
45 43 50 44 45 44 45 46 49 47 46 49 53 60 72 77 88 100 133 123 75 71 71 57 47 50 48
42 46 50 45 45 44 45 47 47 48 48 48 54 63 68 75 104 125 135 119 78 75 74 55 47 51 46
49 48 48 52 47 48 46 49 49 51 49 54 60 69 72 93 151 199 145 129 92 90 87 64 48 53 55
45 56 60 57 51 50 48 51 52 53 51 60 68 74 83 127 217 313 225 147 108 105 99 63 53 57 55
46 65 56 55 53 48 47 51 51 52 56 60 64 75 80 125 194 259 167 140 118 115 110 60 55 57 54
51 61 54 52 49 47 51 52 50 50 53 57 59 68 72 86 149 140 97 114 108 107 104 54 50 55 50
