43 43 42 46 44 44 45 48 50 55 58 57 57 63 61 46 43 43 44 41 44 47 44 44 43 42 43
44 39 45 49 46 45 46 47 59 60 105 64 70 146 87 50 45 44 44 44 43 44 46 43 44 43 42
43 45 47 46 46 48 51 54 52 78 289 104 182 527 100 54 51 47 45 49 44 44 44 41 44 48 44
47 46 50 50 45 47 56 53 57 88 347 118 140 400 80 53 47 46 46 46 45 44 42 44 44 41 44
48 44 44 44 43 44 46 48 62 76 127 65 75 119 79 47 46 45 45 42 44 43 44 43 40 44 48
43 47 45 45 45 43 46 47 57 104 91 53 64 100 122 51 46 45 44 44 44 43 44 43 44 48 44
44 40 47 46 44 47 46 46 57 110 65 46 50 69 117 58 44 43 44 44 44 44 43 44 46 43 42
43 43 42 44 43 45 50 49 76 74 50 44 47 52 112 68 43 44 43 43 45 43 44 43 43 43 44
43 46 44 47 45 45 51 62 98 65 46 46 51 50 121 99 46 44 50 44 43 42 42 43 44 42 44
42 44 44 45 48 47 56 94 108 60 48 44 47 53 120 120 49 45 45 49 44 42 44 42 43 44 44
43 44 46 45 44 52 73 142 108 63 46 46 48 49 104 147 61 45 45 50 45 42 44 42 44 44 43
43 44 46 44 46 61 95 166 104 59 49 48 49 50 108 143 86 52 49 45 45 42 43 43 43 44 42
43 45 46 47 49 62 130 138 104 64 50 48 49 52 127 132 119 52 47 44 44 42 43 44 42 44 48
44 46 49 45 49 73 142 140 126 70 51 49 51 64 131 128 134 58 51 46 44 43 43 43 44 44 44
43 44 47 47 50 72 169 149 128 72 54 49 54 78 155 152 178 67 42 46 49 44 44 44 42 44 44
43 45 47 48 51 75 189 165 139 74 53 51 54 68 136 152 191 78 49 42 46 49 44 44 43 42 44
42 44 46 47 53 71 144 121 111 62 51 48 49 55 85 117 156 58 46 42 45 47 44 44 43 42 44
42 44 44 45 48 62 98 87 82 53 47 45 47 49 60 83 78 56 47 46 45 42 43 43 43 44 42
43 42 46 50 47 53 122 149 66 51 48 46 48 47 53 64 60 46 45 50 45 42 44 42 43 44 43
43 50 47 44 45 45 77 106 59 52 46 45 49 46 46 50 46 46 42 44 49 43 43 43 42 43 44
43 44 49 46 47 52 63 90 70 48 47 46 46 46 53 61 45 45 42 44 48 43 44 43 42 43 43
43 45 46 44 46 49 63 123 95 51 54 46 47 49 64 68 54 46 45 50 42 42 44 40 43 48 44
44 44 48 46 46 52 90 112 108 59 54 53 50 51 76 101 61 46 48 51 42 43 44 43 44 42 44
48 45 48 47 47 68 120 123 141 80 62 54 53 61 105 116 78 52 49 45 45 44 44 44 42 44 47
44 51 56 49 51 91 146 156 186 115 66 56 61 79 131 125 104 58 48 49 46 42 46 47 44 45 44
45 43 51 54 51 107 135 151 161 116 71 57 61 89 157 135 113 66 47 49 45 44 46 44 45 44 42
44 48 45 50 57 106 137 115 116 107 67 54 68 87 117 125 99 67 47 47 46 44 45 45 46 44 45
45 61 51 55 67 124 174 152 128 129 76 63 71 115 124 165 131 107 56 49 47 46 48 46 45 41 44
44 59 59 52 78 128 151 139 120 119 77 63 73 128 119 134 109 93 54 52 47 44 47 44 44 44 45
42 55 62 52 72 127 119 119 103 112 84 59 63 95 101 107 89 78 57 51 46 44 47 45 44 44 41
45 51 63 72 69 121 128 150 131 128 123 78 91 140 113 137 100 91 64 52 46 44 46 46 44 44 44
47 56 55 59 65 89 132 161 159 150 145 110 130 164 131 163 106 90 63 54 47 44 44 54 41 46 49
50 61 63 51 59 66 115 136 143 145 142 123 141 138 130 140 100 93 65 50 46 44 45 45 46 42 45
78 74 74 56 63 64 121 127 119 144 141 135 145 138 121 130 99 87 58 51 46 51 57 44 45 42 46
46 51 67 53 60 70 119 134 121 156 145 127 141 145 125 124 87 84 54 45 48 65 47 44 45 43 44
44 75 57 56 65 94 144 142 141 167 138 110 122 135 116 104 88 71 51 48 46 47 47 42 44 48 44
47 57 66 54 56 98 114 129 117 101 96 96 93 116 94 96 78 63 49 48 48 44 45 44 42 44 48
49 64 85 65 72 74 104 107 101 90 76 100 77 98 91 87 74 56 47 51 50 43 47 42 44 44 42
46 72 91 72 58 59 106 121 97 110 100 94 89 89 86 81 65 51 46 54 62 44 44 43 42 43 44
46 76 183 70 50 56 75 92 90 96 72 96 69 71 69 61 50 48 46 67 70 44 43 43 42 43 44
45 83 223 92 55 57 76 116 112 102 70 63 66 74 69 69 56 49 49 76 69 44 44 44 43 46 44
48 135 102 87 53 56 67 106 107 101 78 59 76 78 64 62 53 47 54 76 73 44 44 45 44 45 44
51 70 84 76 57 53 61 92 110 97 73 57 81 86 64 58 49 46 62 82 72 44 44 42 43 43 44
68 51 124 95 55 61 68 112 120 119 79 63 97 88 70 62 51 47 66 98 74 48 44 43 44 42 44
57 52 202 148 59 59 77 112 134 135 88 72 108 96 82 71 54 49 79 140 78 44 48 44 44 44 43
49 56 84 95 60 62 91 131 140 152 99 91 137 113 100 85 58 50 83 114 80 45 42 44 47 44 44
52 56 64 92 63 70 98 128 134 152 126 108 141 120 112 92 63 51 75 98 71 44 44 43 44 42 44
43 50 69 103 74 82 108 136 122 134 136 118 160 131 105 96 77 54 72 97 63 43 44 46 43 44 45
43 53 78 105 86 114 116 173 149 150 158 121 164 115 94 99 90 59 74 107 57 44 44 44 44 44 42
45 53 84 106 94 153 142 164 145 135 143 127 134 116 102 112 99 74 84 128 64 44 45 43 44 44 44
47 66 91 119 115 170 238 343 195 158 148 158 150 127 142 165 131 99 93 138 61 45 45 45 42 45 48
46 63 80 124 169 190 280 287 196 174 152 150 157 131 151 157 126 104 96 119 51 45 45 45 45 45 43
46 55 68 137 146 188 268 268 207 165 131 125 148 133 142 137 120 111 101 99 49 45 45 44 44 47 45
46 63 73 101 127 153 176 185 164 145 116 109 126 121 111 124 105 95 78 67 49 46 45 44 44 44 44
44 55 55 59 92 126 132 123 117 117 108 89 105 99 85 100 98 72 59 51 47 41 45 48 44 44 44
44 46 47 50 68 82 76 78 84 92 78 74 80 80 76 81 66 53 51 45 45 43 44 43 44 44 43
43 45 44 48 54 56 53 60 63 70 65 72 68 66 62 54 54 46 45 45 42 44 43 44 43 44 44
44 44 46 46 47 51 51 58 59 67 74 84 63 63 56 51 46 44 45 44 44 44 42 44 45 43 45
45 44 46 46 47 48 52 57 60 70 75 83 73 65 62 55 48 47 49 45 46 43 42 43 43 44 44
46 47 48 48 48 52 58 67 72 79 78 84 70 69 63 60 58 49 47 45 45 40 44 46 43 44 44
55 51 48 53 53 56 60 73 74 90 83 92 73 72 68 69 71 60 50 43 44 44 42 43 44 41 44
45 56 59 59 60 65 70 86 90 93 96 104 87 84 83 90 96 99 66 54 46 42 44 43 43 44 42
46 65 60 59 58 66 68 85 91 96 111 122 85 80 83 86 91 85 65 50 46 48 44 44 43 42 44
53 61 60 63 57 65 70 81 81 94 121 119 76 79 78 72 74 64 55 53 46 44 46 44 44 44 44
