44 42 44 42 43 43 43 44 41 44 47 43 43 44 46 45 42 42 44 44 44 46 44 42 42 42 43
45 44 46 42 43 43 43 44 41 44 49 44 43 44 47 44 42 43 46 43 46 44 42 43 42 43 44
43 42 43 44 44 44 44 43 46 45 44 43 43 46 52 47 42 43 44 43 44 42 43 43 47 44 43
44 42 44 44 45 45 44 48 52 57 48 46 47 76 199 67 49 46 46 42 44 43 44 47 44 44 45
46 44 44 46 47 49 52 52 54 239 145 61 57 110 376 69 53 50 53 46 46 49 47 44 44 49 45
44 44 43 46 48 47 50 52 59 299 240 54 55 61 98 58 51 50 48 44 46 52 47 44 44 42 43
42 40 43 47 45 44 46 45 49 69 60 46 43 48 59 55 49 45 44 44 43 44 44 43 43 43 43
44 40 44 47 44 43 48 49 53 55 50 45 49 49 52 65 46 46 44 43 42 44 48 43 42 43 43
43 47 44 43 44 45 46 62 68 52 49 45 47 47 48 78 52 45 45 44 43 43 44 43 43 44 44
43 41 44 50 45 44 47 76 73 49 46 44 47 46 50 87 71 45 44 47 42 44 45 43 43 45 44
40 44 49 45 44 46 52 108 83 49 46 47 47 47 49 94 94 50 47 44 44 43 44 44 43 44 44
43 44 42 46 52 48 75 133 87 49 47 47 48 50 50 87 113 64 46 44 45 45 45 44 44 46 44
42 44 44 46 46 49 91 125 85 50 47 47 48 48 50 84 117 89 48 44 44 46 45 46 43 44 46
44 46 46 45 48 53 119 131 90 51 50 49 50 55 63 99 125 129 54 46 46 52 46 43 43 44 46
47 46 44 46 49 70 150 122 101 62 52 52 53 53 91 129 168 176 77 46 46 49 46 44 46 44 46
44 49 46 47 58 104 180 148 132 74 55 54 56 58 116 155 200 194 83 50 50 55 47 47 44 43 45
44 46 46 48 55 145 212 169 150 86 56 57 59 59 104 157 216 224 94 48 48 55 50 44 44 44 45
43 47 46 46 52 117 178 142 135 77 55 54 56 56 76 133 179 192 82 57 48 50 49 43 44 44 45
43 48 46 43 48 89 132 113 90 54 49 49 50 51 56 78 98 98 60 47 46 45 46 44 43 44 42
44 46 45 44 46 70 99 98 70 51 47 47 48 48 50 60 75 72 49 45 45 44 44 44 44 44 42
44 45 46 43 46 60 78 86 54 49 52 47 46 47 49 65 87 74 52 45 45 45 44 44 44 43 46
43 44 44 44 47 61 96 96 66 52 48 48 48 49 58 85 93 88 46 46 44 48 51 44 42 44 43
43 43 45 46 48 68 118 107 88 55 50 50 50 52 68 99 117 73 57 44 46 44 46 49 45 43 44
45 44 43 45 49 100 108 98 84 73 53 51 52 54 84 103 100 84 64 46 47 45 48 43 44 49 44
44 45 45 48 55 114 196 163 127 83 61 57 58 62 121 123 142 121 89 47 48 56 50 44 44 44 44
45 42 46 54 64 164 151 163 147 95 64 60 63 81 160 159 163 134 102 52 49 50 51 49 44 43 44
44 45 46 50 71 156 156 137 127 93 58 58 68 95 132 147 145 122 106 60 50 53 54 45 43 45 44
46 51 48 51 85 178 218 187 174 139 74 68 83 127 161 195 183 186 153 84 52 58 56 46 44 45 50
46 49 48 49 95 170 206 159 149 117 70 64 79 126 132 162 145 144 119 81 49 57 55 44 44 49 46
48 46 53 49 78 106 130 120 103 95 62 62 80 91 100 118 108 105 98 70 49 58 65 54 44 44 44
85 62 52 52 79 100 118 138 108 111 70 72 112 98 115 134 123 114 94 82 58 53 53 57 46 44 44
49 46 63 66 69 96 118 172 153 138 78 82 139 149 156 169 142 125 102 92 69 60 55 56 54 45 45
50 46 55 53 64 73 110 168 141 139 90 87 166 178 153 140 118 112 103 79 56 59 55 47 49 45 45
58 47 48 53 67 70 120 148 147 148 93 119 225 194 151 145 113 111 93 65 62 61 66 63 47 48 46
62 51 50 54 70 86 152 173 161 165 117 138 251 245 161 145 114 111 107 63 55 84 116 54 46 45 46
49 62 50 63 88 128 170 192 151 170 152 147 252 227 143 128 115 106 89 67 56 138 192 46 48 47 47
50 65 67 57 76 102 112 143 130 132 126 95 199 177 110 108 98 84 76 60 53 74 81 50 45 45 45
50 53 67 53 79 127 126 149 136 125 107 94 168 149 110 102 101 93 83 54 52 62 74 47 45 46 45
54 59 67 62 79 108 135 179 132 123 105 89 122 124 94 99 95 81 67 56 54 74 74 46 46 45 46
47 61 95 75 67 93 113 136 133 128 91 84 102 103 93 91 90 86 76 59 61 71 62 45 45 44 46
56 52 108 80 74 91 131 170 156 124 91 91 94 102 87 96 93 82 59 60 56 81 81 51 47 45 50
47 54 67 108 64 70 103 152 143 116 91 84 97 115 81 77 81 74 58 47 50 70 72 50 47 44 46
55 49 54 110 68 68 106 169 135 111 108 93 93 143 90 84 93 89 62 48 52 94 68 52 45 44 52
49 46 58 103 82 66 94 160 134 134 121 105 89 109 82 85 86 75 63 57 60 127 83 45 45 45 46
46 48 56 92 95 64 74 138 127 132 122 105 97 116 85 97 90 76 60 60 63 129 101 48 45 44 45
46 48 51 140 134 66 77 116 139 138 108 113 111 104 98 120 112 82 60 65 70 157 112 54 47 45 49
46 47 49 156 174 77 68 99 110 126 138 116 85 126 106 96 91 76 68 66 78 221 250 56 46 45 51
46 46 48 140 215 88 81 105 109 113 131 109 87 133 115 112 98 79 64 68 111 246 271 51 49 53 50
50 47 56 142 292 103 77 87 108 126 130 115 97 99 102 110 98 82 64 56 108 226 205 60 47 49 45
51 47 50 100 180 124 74 89 110 124 132 121 94 91 117 124 110 98 70 50 99 211 117 47 46 52 46
45 46 48 89 168 113 74 109 126 127 132 159 100 96 127 129 132 112 88 60 99 136 93 46 45 63 53
48 45 49 63 142 118 76 126 138 144 136 190 118 126 130 135 124 124 101 61 76 139 63 46 48 48 45
46 47 46 58 114 111 92 157 169 160 129 198 141 134 132 149 129 136 117 74 65 124 64 46 45 46 46
46 48 49 58 102 90 101 170 175 167 142 169 144 131 119 135 127 135 117 94 68 108 62 46 45 44 46
46 48 49 56 97 97 137 176 194 199 168 161 133 115 111 127 149 161 114 129 65 87 70 46 45 46 46
47 51 50 59 83 89 151 182 220 257 176 152 138 108 120 147 171 159 127 135 79 74 63 46 45 46 45
47 49 50 57 71 102 145 161 199 224 184 159 127 106 130 145 149 153 127 127 72 68 61 46 44 46 47
48 47 50 56 66 97 128 153 161 170 149 162 108 101 126 132 148 140 107 105 63 63 58 46 43 46 49
50 48 55 60 72 106 138 173 174 169 153 162 125 125 146 149 145 136 138 113 68 66 59 46 46 45 46
69 51 51 63 72 96 146 174 170 168 153 172 132 137 146 174 167 151 131 115 84 80 61 46 44 46 47
66 56 54 64 68 89 127 151 153 151 127 154 143 145 154 204 213 209 142 97 77 79 65 46 46 44 46
50 69 61 68 74 89 126 136 140 132 121 139 134 140 162 242 233 247 188 99 74 79 66 46 46 44 51
53 83 66 67 75 77 95 120 118 114 121 130 113 122 138 200 187 181 117 89 74 75 61 45 44 45 50
66 93 65 63 67 75 79 94 88 99 100 123 95 120 112 126 139 104 80 81 75 78 59 44 44 45 50
