44 47 44 45 44 42 43 44 44 43 44 45 49 46 42 43 44 42 44 42 44 43 44 43 40 43 48
44 42 46 44 44 43 41 43 49 44 44 50 58 56 46 42 48 44 44 44 43 43 44 43 44 40 44
43 43 44 44 42 44 48 46 45 47 52 91 266 97 52 45 47 47 47 46 47 45 44 44 42 43 45
43 44 43 44 44 43 47 44 43 46 63 132 73 50 47 49 43 43 45 42 45 47 45 42 43 43 44
42 43 44 43 44 41 43 49 46 62 114 95 52 47 46 44 43 44 44 42 44 46 44 43 43 43 44
42 43 44 44 44 43 44 50 57 97 89 64 48 46 42 44 43 44 44 46 44 43 44 43 43 44 42
42 47 44 42 43 44 43 49 61 95 101 66 48 46 44 43 44 44 45 43 45 47 44 43 43 42 43
42 47 45 42 44 43 44 46 47 71 312 108 58 51 49 44 46 46 46 45 49 45 45 44 43 43 44
43 42 43 42 44 44 43 45 47 50 142 127 90 51 50 44 46 46 46 47 46 45 45 44 44 44 44
43 42 43 44 44 43 43 44 48 46 90 85 78 51 49 44 48 46 46 44 45 43 45 46 43 44 45
46 44 42 43 43 43 44 45 46 49 78 127 131 75 54 45 49 47 51 45 46 46 46 44 42 44 45
42 44 42 44 49 44 43 46 45 47 62 126 133 170 67 47 60 51 49 47 46 46 46 44 43 43 44
43 45 42 43 45 43 44 43 46 52 55 94 120 176 98 47 60 57 50 48 48 44 46 46 44 44 44
43 40 44 48 44 43 44 45 46 48 54 79 113 142 156 51 63 57 52 50 45 46 51 45 43 44 43
44 49 46 43 45 43 44 48 47 51 58 81 112 162 189 92 93 75 66 58 51 49 49 46 44 46 45
44 42 45 49 45 43 45 46 47 51 58 80 108 145 254 79 125 78 67 60 51 49 49 46 44 44 45
41 45 50 44 44 44 44 48 48 51 60 79 101 202 195 84 168 89 72 60 54 50 49 47 44 44 43
44 45 43 44 50 45 44 48 47 51 60 76 97 168 218 84 200 99 83 66 54 50 49 47 44 44 45
44 43 44 49 45 43 44 45 46 49 55 67 78 106 174 70 159 137 65 57 52 48 47 46 42 44 48
44 43 47 44 44 44 44 43 46 51 52 61 66 76 108 64 153 157 75 55 49 47 46 45 43 44 47
44 44 44 43 44 44 42 45 50 46 48 56 56 70 77 51 138 129 82 52 46 45 46 44 44 42 44
43 44 44 44 45 43 44 45 45 45 50 56 58 63 79 58 110 127 82 52 48 46 44 46 44 43 44
43 44 43 44 47 44 45 46 45 47 57 61 66 66 102 69 139 142 91 61 52 48 49 44 44 44 44
43 44 44 45 44 45 44 46 46 48 58 64 75 85 115 68 165 127 95 66 53 50 48 45 44 44 45
44 45 45 44 44 51 45 50 48 50 65 80 90 117 169 87 182 157 107 67 54 51 52 47 44 44 42
45 49 46 43 44 45 45 54 51 56 70 105 124 156 247 104 239 196 137 74 60 58 55 49 45 46 43
46 46 46 43 44 44 45 53 50 56 71 116 126 174 204 92 232 164 131 74 59 54 58 48 44 45 45
47 46 46 45 46 45 46 59 62 67 96 185 187 278 289 123 323 236 178 89 63 63 68 52 45 46 46
45 45 46 45 45 45 44 56 60 67 97 168 158 227 242 93 220 190 128 72 62 55 63 54 46 45 46
45 45 44 44 44 44 46 53 54 67 110 159 137 152 191 69 148 128 92 65 55 51 53 46 44 49 45
52 53 51 51 50 51 61 129 128 203 328 3903 468 412 382 113 270 217 155 131 116 110 123 103 50 50 57
47 42 46 50 46 46 52 102 100 140 190 262 231 232 248 74 180 132 93 72 64 62 60 58 45 44 46
45 43 48 47 46 44 51 115 111 146 213 263 307 258 212 72 153 119 85 74 63 69 68 56 44 45 51
45 45 42 45 50 45 70 128 123 137 216 252 339 266 186 72 144 104 84 72 67 68 73 56 50 45 48
45 48 46 45 45 45 64 131 125 149 244 298 334 242 203 72 136 101 84 77 63 66 89 68 46 48 48
43 46 50 49 45 45 62 147 141 162 239 298 295 206 197 66 105 88 76 68 63 62 153 89 46 46 53
44 45 47 45 45 44 60 136 131 157 185 201 207 206 155 56 82 72 66 61 57 61 96 97 47 46 52
44 43 46 51 51 45 62 109 106 119 148 202 178 162 110 52 71 64 60 57 54 55 79 123 45 45 50
46 45 44 45 45 47 47 100 97 117 163 174 210 110 89 51 67 60 58 55 54 54 74 148 47 46 47
44 44 46 44 46 46 46 78 78 138 165 186 164 105 93 48 70 61 56 55 51 54 116 124 45 49 52
44 44 47 44 45 51 47 62 61 97 146 129 106 91 80 50 63 57 59 52 51 58 90 119 46 45 56
43 44 42 44 50 45 45 61 58 97 126 124 109 99 87 52 65 58 54 57 54 72 108 75 45 45 48
43 44 44 44 44 44 45 61 59 98 121 128 124 115 97 52 69 61 55 62 61 96 132 55 44 44 45
43 44 44 42 45 49 46 58 57 78 127 147 145 138 104 52 71 68 59 59 76 113 106 50 44 44 45
45 47 45 43 44 44 46 56 55 72 125 148 168 155 127 57 80 76 66 70 102 132 91 50 46 45 45
45 45 47 43 45 45 46 55 52 74 139 172 199 202 178 65 95 84 79 94 147 152 80 52 45 45 46
45 46 46 46 47 45 44 56 55 71 146 181 207 209 198 71 101 90 79 101 116 124 62 61 43 45 50
45 46 45 45 45 45 47 56 56 66 129 191 209 221 191 73 115 97 101 135 101 81 58 55 45 44 48
43 45 44 45 45 45 46 53 53 64 121 186 181 190 147 68 108 94 104 122 95 61 61 56 46 43 46
44 45 45 45 45 44 46 54 53 60 105 160 193 191 149 68 109 105 146 171 165 58 58 54 47 45 44
45 44 45 44 45 44 46 54 53 60 96 144 217 193 168 69 114 132 159 170 113 63 58 55 45 44 45
46 47 46 46 45 43 46 54 53 60 78 140 225 203 185 69 116 166 176 190 84 60 58 51 44 46 46
46 46 44 45 48 45 45 54 53 59 76 125 223 204 195 68 133 200 192 178 81 62 57 51 47 49 45
47 52 46 44 45 44 46 52 50 57 74 104 150 206 189 72 159 200 177 159 79 61 54 47 45 57 50
48 47 48 45 45 44 45 51 51 52 68 98 124 185 185 75 189 189 185 139 87 58 53 48 45 51 51
51 52 46 47 46 45 46 51 51 53 68 96 111 166 189 86 239 213 199 138 73 61 54 49 43 47 51
48 48 46 48 46 45 45 51 51 57 66 94 111 159 203 96 242 243 189 118 76 63 56 50 46 53 49
52 45 50 45 46 50 46 51 52 57 70 96 103 157 206 93 255 242 185 129 84 65 53 50 49 46 46
54 48 44 47 44 45 51 54 53 58 72 102 111 160 215 97 252 242 186 137 89 74 58 52 45 46 47
81 49 47 50 46 44 48 55 55 59 69 99 103 136 174 84 239 213 177 131 98 87 63 52 46 46 46
68 54 48 49 52 48 47 56 54 58 66 90 90 119 137 77 229 231 159 127 93 85 64 56 48 46 46
54 68 58 53 47 51 51 56 56 60 66 89 90 111 134 78 211 269 206 130 105 86 63 54 49 46 46
65 77 60 55 48 54 50 54 53 56 64 81 81 98 108 76 171 212 139 112 97 87 63 49 45 45 43
69 77 59 55 47 51 51 50 50 51 62 78 72 84 93 61 153 131 93 106 89 102 68 49 45 47 53
