47 43 44 49 43 43 45 47 46 46 48 48 48 48 44 48 42 43 44 43 44 41 45 48 43 42 43
42 40 44 46 47 44 49 48 49 51 53 50 54 62 47 49 49 44 43 43 43 43 44 42 43 43 44
42 43 44 45 43 46 50 54 63 68 59 55 84 128 66 55 44 43 44 39 44 48 44 42 43 42 43
43 44 45 45 46 47 53 58 70 310 118 75 219 433 78 52 52 49 50 43 44 45 44 44 44 44 46
45 50 46 44 47 48 55 61 70 516 245 84 191 351 78 60 52 51 47 45 43 44 45 44 44 43 44
41 44 49 44 44 46 51 74 100 158 110 71 72 141 86 68 49 48 46 45 44 44 44 43 46 44 42
43 44 41 45 44 46 52 59 77 70 65 51 57 69 96 58 44 45 43 45 44 45 45 41 44 47 44
43 45 44 44 44 46 48 68 76 53 55 47 51 59 100 59 44 45 43 43 44 43 44 43 43 46 44
44 45 44 44 48 47 50 66 99 51 50 44 48 56 121 93 47 46 46 49 46 42 44 42 43 45 43
43 43 44 42 45 50 51 100 91 48 48 46 47 48 119 113 51 48 46 47 46 43 44 43 43 44 42
45 44 44 43 48 51 64 159 112 50 49 47 46 49 115 127 67 54 46 45 49 44 43 44 43 44 44
43 45 44 44 46 49 108 184 101 51 50 47 49 49 99 124 95 57 54 50 45 42 44 43 45 46 41
44 43 44 44 47 49 111 156 94 51 48 47 48 49 101 112 114 68 52 45 45 43 44 43 44 42 46
46 46 43 44 48 53 150 149 111 59 50 48 50 51 112 129 133 96 52 46 45 44 44 43 44 44 44
44 46 45 45 47 72 187 150 117 62 52 50 52 55 138 148 153 147 54 45 46 50 45 44 44 43 44
44 46 45 45 53 84 193 177 153 73 55 51 54 59 136 146 185 165 60 49 46 44 45 44 44 46 44
44 45 46 45 55 88 205 170 150 66 54 51 53 59 103 141 200 148 65 51 45 45 49 44 44 44 44
44 44 45 45 47 68 151 123 100 54 51 50 50 54 74 114 166 125 50 47 46 42 44 44 44 44 44
43 43 44 44 47 67 96 101 80 49 46 46 46 49 55 78 98 69 44 45 49 44 43 43 42 43 44
43 44 49 44 44 51 64 77 55 46 46 44 46 49 48 64 64 58 45 42 44 47 44 44 43 42 43
44 44 43 43 49 46 60 78 52 48 46 45 46 45 47 62 58 47 44 42 45 48 44 43 43 42 43
48 44 43 44 43 45 58 82 62 46 46 50 46 45 47 63 69 47 47 42 44 43 43 44 40 43 48
43 44 44 44 45 48 57 87 86 52 48 50 48 49 55 91 73 48 50 43 44 44 44 44 46 44 44
44 47 45 43 45 49 67 100 109 61 53 49 50 53 77 102 93 63 46 49 43 43 45 43 44 45 44
42 45 46 45 47 54 103 121 138 82 55 54 59 62 100 121 119 86 49 46 46 45 47 44 44 44 42
45 46 42 46 50 61 120 132 143 101 61 56 58 76 125 147 142 105 55 46 47 44 46 44 44 46 44
44 46 45 45 48 72 122 128 129 110 65 54 57 85 111 140 124 96 63 47 48 43 45 46 44 45 44
46 48 49 46 53 93 152 173 134 132 89 57 63 114 135 177 152 152 103 56 52 46 46 46 44 45 42
46 47 46 46 56 108 152 151 117 114 81 58 59 103 132 156 117 120 94 51 47 44 45 44 44 44 45
45 43 45 50 52 95 110 116 96 93 69 63 56 90 99 120 98 95 81 55 47 45 44 43 44 44 44
46 47 44 46 60 95 134 128 117 110 81 62 70 115 136 130 128 115 93 60 46 45 45 44 44 44 47
48 49 49 47 64 85 136 170 195 147 124 87 112 162 178 156 147 121 98 71 48 46 46 45 44 43 45
48 53 46 46 56 69 110 172 170 158 141 114 153 169 175 155 124 119 99 66 48 46 44 44 44 44 45
46 50 46 46 56 62 98 183 144 169 159 126 182 185 160 148 119 118 94 55 48 45 49 45 44 45 43
47 49 48 47 54 70 114 193 156 184 174 134 210 226 173 153 122 108 98 56 48 46 45 50 45 44 45
47 49 48 47 55 78 136 184 183 183 167 146 193 199 159 134 119 97 78 56 49 47 50 45 44 44 43
46 46 47 47 50 86 134 152 163 158 138 105 134 148 135 113 111 85 80 50 46 47 43 46 49 44 44
46 47 46 46 51 90 117 144 164 140 106 90 112 128 122 115 118 88 69 49 50 45 50 45 43 44 45
46 46 51 46 46 67 86 128 114 113 97 76 120 96 94 92 86 73 56 45 46 44 46 44 44 43 42
45 46 48 46 48 59 83 146 121 121 100 100 121 97 93 88 82 68 53 51 46 46 47 43 43 44 44
45 45 44 44 45 52 59 88 90 95 86 73 93 74 70 68 64 52 52 45 45 44 43 44 44 44 44
44 45 43 44 46 50 55 72 100 109 91 67 64 74 69 66 63 52 53 44 45 44 42 44 48 44 44
44 47 45 43 46 49 53 67 94 110 108 88 61 82 69 66 63 51 46 49 43 43 45 43 44 48 44
44 42 45 46 46 47 52 69 87 109 111 93 66 87 70 65 59 50 47 46 42 44 48 45 43 44 42
44 44 41 44 51 49 54 64 84 110 124 103 67 92 79 75 64 51 47 46 45 43 44 51 44 44 44
45 46 45 46 46 51 59 66 98 120 122 115 77 99 99 83 74 56 48 46 46 42 45 49 44 43 44
43 46 50 46 47 51 56 68 93 118 133 118 93 112 107 86 76 59 49 48 46 44 44 44 43 44 41
46 46 46 46 47 51 58 79 100 95 124 120 109 129 103 93 79 63 50 46 45 44 44 44 43 44 47
45 44 46 49 48 52 61 91 113 100 137 117 122 119 84 83 71 63 51 46 45 44 44 43 44 44 44
45 47 43 46 53 57 67 99 120 99 111 112 130 119 91 93 85 70 51 47 45 44 43 44 44 43 45
46 48 44 46 54 62 82 127 138 136 116 114 135 124 105 117 109 83 54 48 46 45 45 44 44 45 45
49 53 46 48 53 65 173 192 171 148 134 133 136 126 120 140 141 128 59 51 46 46 46 44 45 47 49
50 55 48 50 56 95 258 261 216 157 139 135 131 132 138 170 173 184 82 54 48 46 46 46 44 45 49
50 52 51 50 60 93 222 298 250 149 139 119 108 147 153 191 178 157 85 66 50 46 46 44 44 45 45
61 58 53 50 119 206 191 298 347 176 168 108 109 150 159 230 225 157 98 88 55 49 48 45 44 45 46
53 57 54 58 156 219 175 223 250 147 132 92 88 119 140 209 240 168 141 117 48 49 47 45 48 45 44
51 67 64 98 183 194 101 111 123 103 88 74 71 85 103 111 115 113 132 112 56 47 46 44 44 44 45
68 99 129 123 181 157 96 100 96 94 81 88 71 81 87 95 86 92 116 129 75 51 48 46 43 44 44
101 197 94 129 125 123 91 90 86 82 79 91 76 87 100 90 85 87 120 129 82 68 52 44 44 44 44
255 159 92 109 103 92 94 84 88 94 85 89 77 86 87 94 90 92 105 104 76 67 64 45 44 48 45
172 135 105 108 83 85 85 95 95 102 88 93 88 92 90 106 104 112 91 87 70 68 59 46 47 45 45
95 160 115 103 89 96 96 117 116 109 111 117 105 106 115 147 148 174 115 85 69 71 61 46 45 45 49
119 146 104 94 80 90 95 109 117 112 133 132 108 107 125 134 140 152 96 78 69 82 65 46 44 45 44
117 131 93 80 78 84 88 96 96 110 141 142 101 109 106 100 106 88 67 70 70 89 59 50 44 46 45
