43 43 46 47 45 47 45 43 43 44 44 43 42 46 50 46 42 48 44 42 44 42 43 44 43 43 46
43 43 45 45 43 45 45 48 43 44 45 43 45 44 46 54 43 47 44 40 44 48 44 42 43 42 43
48 43 43 44 45 44 46 50 49 46 46 47 46 44 55 65 45 45 45 42 44 44 43 44 40 43 47
44 48 44 44 45 45 47 53 52 53 49 49 47 50 70 71 49 44 49 43 44 44 42 43 47 43 44
43 46 45 43 44 44 53 59 64 109 89 57 57 73 98 59 46 45 44 47 43 44 44 43 44 46 44
43 45 50 47 47 52 57 63 190 650 355 105 186 164 95 58 54 52 51 50 50 49 44 44 47 45 43
46 48 44 48 49 53 63 69 304 1092 318 179 407 142 108 68 60 58 55 53 53 51 47 42 46 49 45
43 48 44 45 46 45 68 64 73 129 77 124 242 106 152 59 48 49 46 46 47 46 45 42 44 48 44
43 44 43 45 50 47 52 57 57 64 57 56 76 120 136 78 48 48 47 51 46 44 44 42 44 44 43
43 44 45 42 46 50 47 50 53 56 52 56 64 82 128 113 55 54 47 45 46 44 43 44 43 44 45
43 42 45 50 51 44 47 49 51 54 49 53 61 82 151 129 109 53 49 48 47 46 43 43 44 43 44
43 44 42 45 51 45 46 48 49 48 47 48 59 57 114 148 150 74 51 54 47 45 44 43 43 45 41
45 42 44 45 47 46 44 48 53 47 46 47 53 53 98 127 171 118 56 51 46 46 44 43 44 41 44
43 45 44 44 45 46 48 46 48 51 46 46 50 50 78 108 149 156 72 54 49 46 44 43 44 43 44
43 45 45 45 44 46 51 49 46 47 46 47 50 50 66 117 161 162 115 54 48 50 45 43 44 43 44
42 44 46 45 49 45 49 55 49 48 47 47 51 54 63 115 194 182 153 63 49 51 46 50 43 42 44
43 45 46 46 47 46 49 55 57 58 48 49 53 56 61 132 204 216 188 83 49 48 50 44 43 44 43
44 44 45 46 46 47 46 50 56 60 47 49 53 56 63 136 212 204 173 91 51 50 45 44 44 44 44
44 44 45 45 46 46 45 48 53 50 46 47 49 51 59 85 159 147 142 73 53 46 45 45 42 43 44
43 44 49 44 45 45 44 45 46 46 47 43 47 52 52 62 93 109 105 61 47 48 44 45 43 44 46
42 44 50 44 43 44 44 45 45 44 47 49 46 46 50 55 60 85 88 66 47 48 44 43 43 43 44
47 45 43 43 43 44 45 44 45 46 46 46 46 44 49 47 58 74 87 68 46 46 44 43 43 44 46
43 44 50 44 43 44 43 44 44 45 46 46 46 46 49 46 53 54 80 83 55 45 47 44 45 44 44
43 48 45 44 44 43 44 45 45 45 46 47 47 46 48 48 48 71 78 103 49 44 46 43 44 45 44
44 43 50 44 45 43 45 44 45 46 45 48 49 48 51 50 57 76 92 106 52 45 47 44 46 45 42
44 44 43 44 47 46 49 46 46 46 46 53 49 51 51 62 92 95 113 116 65 48 45 43 44 47 44
44 46 45 45 46 46 50 49 50 49 45 50 54 54 53 60 116 97 124 110 77 59 46 51 44 45 44
45 47 55 48 48 49 49 51 57 56 53 51 70 67 61 96 170 149 186 140 117 65 55 46 44 45 42
44 44 46 50 47 49 56 61 58 61 54 54 65 61 59 99 134 128 127 103 84 59 46 44 44 44 43
44 47 60 67 58 57 68 71 61 68 63 60 61 61 64 95 106 128 110 93 74 56 47 44 44 44 44
45 61 76 74 62 58 71 86 76 70 76 72 75 77 81 101 128 147 113 116 76 56 46 46 47 45 46
46 66 73 70 56 58 75 95 116 90 83 94 96 110 128 132 140 159 121 129 83 61 48 48 44 47 44
48 64 64 60 56 58 78 114 114 115 97 104 133 145 155 133 142 154 152 120 85 59 57 45 46 48 45
48 57 57 56 57 57 75 107 117 133 111 117 213 206 146 156 156 151 158 104 90 71 53 48 46 45 47
46 50 55 56 58 59 80 113 106 127 127 119 266 246 139 152 145 165 145 117 90 64 64 65 46 45 44
46 47 54 56 60 69 83 104 122 121 125 115 228 209 130 122 126 132 105 93 78 63 53 48 51 45 45
45 47 53 60 65 74 80 93 106 96 103 108 178 181 109 103 115 112 98 79 70 58 51 47 50 48 43
46 64 58 65 77 79 88 97 99 90 92 114 165 164 103 103 111 105 102 71 68 59 47 45 46 45 45
44 49 65 69 69 86 91 110 88 94 97 106 153 169 98 106 98 93 88 68 59 55 50 45 45 44 44
46 47 58 67 78 74 79 93 86 91 79 93 137 165 95 97 92 88 77 63 56 58 48 44 47 43 44
47 47 56 64 70 78 86 99 95 88 75 71 104 171 94 91 86 84 75 57 54 56 48 45 46 44 44
46 47 53 72 77 80 77 91 85 78 76 58 68 162 92 91 96 72 71 54 54 55 46 46 53 44 45
50 71 58 55 68 79 77 92 85 72 75 56 55 92 63 67 79 68 59 56 49 50 49 45 44 44 44
44 53 53 54 63 80 84 101 82 74 66 56 59 100 68 76 82 71 62 55 49 52 54 51 43 44 43
44 50 47 57 71 76 81 95 76 68 69 54 55 106 71 82 80 76 63 57 52 51 48 51 44 43 44
45 54 56 69 69 78 87 95 95 72 65 55 60 138 85 107 102 91 64 62 59 80 60 51 44 44 45
43 56 67 71 82 83 83 96 97 82 72 58 70 181 103 128 115 93 65 65 68 130 85 45 45 45 44
48 61 60 63 78 87 84 100 92 82 75 63 87 221 126 159 142 105 71 72 86 151 82 46 42 45 49
55 57 59 71 89 93 87 104 99 100 92 73 95 191 132 162 141 97 72 80 207 354 110 46 45 50 45
47 58 62 73 91 95 94 106 100 98 89 76 99 203 171 167 152 98 82 112 311 461 144 51 46 51 45
47 56 66 78 91 98 97 110 115 110 81 76 110 183 189 169 151 97 83 167 276 228 110 55 45 52 45
47 59 70 89 99 103 118 119 121 106 74 78 134 181 191 174 152 104 105 174 243 212 82 56 46 46 46
46 52 64 86 92 102 127 123 122 115 70 84 138 165 197 192 141 121 129 183 195 109 61 54 46 45 46
47 48 56 78 92 101 123 120 106 104 71 78 117 176 178 168 123 135 138 173 144 73 52 53 46 45 44
57 50 51 58 90 125 128 114 102 95 70 88 106 174 168 150 149 151 138 144 85 63 51 50 44 44 45
48 52 52 65 85 138 133 112 107 95 68 76 110 159 168 179 193 159 142 94 71 62 50 47 44 44 45
48 49 50 54 60 83 103 104 110 96 69 81 113 149 205 202 192 177 151 78 67 63 48 46 46 45 45
52 48 55 56 62 76 104 114 88 78 75 98 104 156 197 185 192 171 130 81 68 63 51 45 44 44 44
57 57 59 61 58 71 86 97 86 79 88 127 129 179 218 191 187 172 132 95 74 64 52 44 45 45 45
114 57 54 58 60 65 77 80 83 84 83 113 124 163 195 204 197 180 135 101 75 70 52 43 46 50 45
91 60 55 61 59 65 71 80 78 83 77 111 128 145 169 211 223 226 140 94 73 66 55 46 50 45 44
59 77 66 64 60 64 76 78 73 78 83 104 102 124 146 210 215 234 165 108 74 65 56 45 43 45 49
64 88 69 62 60 63 65 75 66 74 85 104 89 104 119 162 163 173 112 86 68 67 55 45 48 45 44
72 89 59 61 59 59 57 65 57 69 74 103 77 93 93 113 132 104 80 78 69 61 49 44 46 45 49
