42 47 45 49 44 42 43 43 44 45 42 44 51 46 44 45 48 42 43 47 44 43 41 43 48 43 43
42 43 43 45 42 44 48 44 44 47 44 44 50 50 50 50 51 45 45 46 44 44 41 43 48 43 42
43 47 45 43 44 43 44 46 47 47 50 49 55 65 59 56 49 47 44 46 42 42 44 43 43 44 43
40 44 50 45 44 44 44 46 50 49 54 61 73 209 83 51 50 46 45 45 45 44 40 43 45 44 42
44 46 51 52 47 52 60 63 65 64 65 77 459 1340 132 60 64 56 50 45 46 49 45 46 44 43 44
44 48 52 54 50 52 61 69 69 70 70 97 789 1442 108 67 72 60 54 51 47 46 45 45 45 45 45
44 42 45 43 46 49 46 46 47 48 52 82 110 153 84 53 51 46 46 43 44 45 42 43 47 44 44
43 44 43 44 44 45 49 47 48 51 52 67 77 77 102 69 53 50 45 44 43 43 44 44 43 43 44
43 42 45 49 45 45 46 46 47 49 49 53 63 62 115 88 52 48 51 45 44 44 42 43 43 43 44
42 44 43 45 48 45 48 49 47 48 49 49 59 51 122 101 62 48 46 46 45 45 44 42 43 43 44
42 42 44 46 44 46 50 50 51 50 48 49 61 50 126 102 90 52 46 49 45 44 44 42 43 43 44
42 43 45 44 45 49 47 50 50 47 49 50 54 50 113 95 111 57 46 46 45 42 43 43 43 44 41
44 44 45 45 44 45 46 48 49 48 49 52 53 49 94 89 124 63 47 48 45 42 44 42 43 44 44
44 44 45 44 45 46 48 50 50 50 52 51 55 51 103 95 139 97 48 45 48 44 43 43 42 43 44
43 43 45 46 46 47 50 50 53 56 51 57 56 58 134 100 169 147 48 46 46 44 46 44 42 43 44
43 44 46 46 46 48 51 55 59 56 52 77 61 71 140 107 200 191 62 44 45 43 44 48 44 43 44
42 44 44 46 46 48 51 54 55 55 58 74 59 63 121 105 199 187 61 43 45 45 44 46 43 42 44
42 44 44 45 46 46 50 51 53 55 54 57 55 52 85 93 167 178 57 48 45 44 43 43 47 44 43
43 43 44 43 44 45 46 47 48 50 51 50 50 46 57 65 94 83 48 48 45 46 45 42 43 43 44
44 42 44 47 44 43 45 45 45 46 46 47 53 46 52 56 71 61 47 44 44 43 48 43 42 43 43
42 44 40 44 49 44 43 45 45 46 48 46 48 46 50 57 63 49 46 44 46 43 46 43 42 43 44
43 45 44 42 44 43 45 46 47 54 53 46 48 46 48 54 64 46 47 48 43 43 44 43 43 47 44
41 44 49 45 43 44 46 47 52 69 58 51 52 49 56 66 80 50 51 44 43 43 43 43 43 42 44
43 44 48 45 44 47 48 54 70 75 68 55 54 51 73 63 76 58 47 43 44 42 43 44 42 44 47
43 44 47 51 47 47 53 69 126 131 89 71 66 60 81 77 113 82 50 45 45 44 44 41 44 50 44
43 43 48 46 48 55 59 92 160 99 83 69 64 68 112 97 136 97 59 46 45 45 42 44 48 44 43
44 45 46 49 46 51 74 98 108 150 82 66 63 76 108 101 124 100 71 48 46 44 44 44 41 43 49
44 45 51 57 51 61 106 169 134 185 106 78 76 112 151 129 159 148 108 52 46 45 44 45 44 44 45
44 47 47 52 54 61 147 172 127 139 88 66 69 110 136 107 117 123 87 56 47 44 46 44 44 44 44
43 46 45 49 53 67 132 139 108 100 66 57 60 79 111 85 99 97 78 59 46 44 44 42 43 44 44
43 48 51 51 52 108 176 171 132 117 96 68 74 99 133 102 135 131 95 69 47 44 46 44 44 44 44
45 51 57 60 58 90 156 169 226 174 154 100 106 168 186 125 165 131 107 78 48 44 46 44 44 45 45
46 49 63 56 54 73 114 187 196 190 164 143 152 182 187 131 147 131 107 78 49 46 44 44 44 44 45
45 48 57 56 55 64 110 191 160 193 171 144 188 199 175 117 131 132 109 61 47 46 45 44 44 44 45
45 49 57 59 56 70 119 191 172 200 173 139 194 222 187 111 134 123 102 62 47 44 45 48 44 44 44
44 52 56 58 54 75 135 180 206 207 156 135 161 194 158 97 120 98 79 55 49 49 45 46 44 43 44
44 49 51 55 51 81 131 141 160 124 127 98 125 151 130 88 110 87 75 51 48 46 47 44 46 44 43
62 61 54 60 56 82 113 125 142 125 103 85 108 115 117 86 106 79 69 53 46 46 52 43 43 44 44
44 71 54 53 52 59 91 130 108 110 90 75 118 93 90 75 90 74 55 49 47 44 47 44 42 43 44
44 127 83 51 53 54 74 115 95 98 85 76 102 86 95 70 87 74 50 49 49 44 45 44 42 43 44
43 159 150 54 49 51 58 78 85 81 80 70 76 69 68 57 66 52 47 50 46 44 45 42 44 48 44
44 156 163 74 46 51 58 83 105 100 92 66 69 76 73 58 68 54 48 47 45 45 44 43 44 46 45
50 124 144 95 46 50 59 79 108 106 109 83 75 87 75 59 65 54 51 44 45 44 44 44 42 44 47
44 90 139 100 48 49 57 78 108 119 121 87 76 94 76 58 60 53 50 46 46 44 44 48 44 43 43
43 60 135 123 49 54 58 76 108 131 136 99 81 105 92 65 68 54 49 47 45 45 42 44 48 44 43
43 52 166 158 49 53 66 88 122 157 147 126 98 120 113 76 80 63 52 46 46 45 45 44 42 44 48
44 50 120 117 57 54 65 104 138 165 157 133 117 137 132 79 89 63 58 49 45 44 44 44 44 43 44
43 55 108 108 67 59 70 131 154 136 156 146 127 162 129 84 96 67 54 50 46 44 44 46 42 44 45
44 51 83 147 91 63 84 136 168 161 169 147 149 162 102 78 85 70 54 55 47 44 44 43 45 45 45
44 54 71 119 87 67 100 136 142 132 144 140 172 155 105 79 97 75 55 50 47 45 44 44 44 45 44
48 51 62 134 86 101 148 174 163 153 148 154 187 146 131 100 109 84 60 51 47 46 45 47 44 44 45
44 51 71 184 108 166 231 286 243 175 172 186 197 168 170 119 149 121 66 56 48 47 46 45 45 46 46
47 55 69 142 112 187 295 368 339 220 182 200 203 183 190 135 190 177 82 59 48 47 46 45 45 43 47
46 53 61 105 164 179 246 267 267 199 166 162 151 170 172 140 195 168 86 54 49 51 47 46 44 45 46
46 54 58 70 124 256 218 204 191 164 159 140 127 167 164 160 236 172 98 63 49 51 47 45 44 44 45
45 50 55 60 101 177 185 160 140 127 136 118 106 132 160 158 297 189 138 105 47 47 50 45 45 45 44
44 47 50 52 53 69 89 103 103 110 103 97 91 94 124 101 138 116 124 105 51 45 45 44 43 44 44
45 51 50 51 49 62 74 95 98 104 90 99 81 87 96 80 92 94 106 110 65 46 46 45 43 43 44
48 45 49 51 49 60 69 85 95 99 94 105 85 95 106 76 92 95 112 120 74 52 45 44 43 44 44
68 46 50 51 51 55 71 79 86 97 94 103 90 95 93 80 100 94 106 103 71 63 46 42 44 48 44
68 48 53 57 56 59 73 88 90 97 90 103 96 97 95 88 111 113 94 87 67 57 52 46 44 45 44
50 54 56 63 59 71 80 98 100 106 103 118 106 106 119 106 142 165 110 76 65 59 51 45 44 44 46
45 59 62 64 60 70 79 95 101 99 117 123 105 108 128 99 134 137 87 71 66 73 49 46 44 45 44
45 48 61 64 59 73 76 84 87 104 123 132 104 107 112 79 107 86 65 69 66 78 54 44 46 45 44
