44 42 44 43 44 44 43 44 44 44 45 44 43 44 46 46 43 43 43 43 44 43 46 44 42 42 43
43 43 43 45 44 43 44 42 44 51 44 42 44 44 47 47 43 42 44 42 43 43 43 44 40 43 47
44 43 44 42 44 48 44 43 44 47 43 44 44 47 56 51 42 44 39 43 49 44 43 43 42 43 44
44 43 44 44 42 44 44 47 49 53 44 43 46 61 78 55 45 45 46 44 46 44 43 42 43 43 44
44 45 46 47 51 50 56 57 57 161 45 55 56 246 370 66 53 52 49 46 47 53 49 43 43 44 44
44 46 48 55 63 60 68 81 86 359 50 76 85 202 327 76 76 68 60 54 52 64 58 44 44 42 45
44 45 43 46 49 48 51 53 60 127 45 58 57 66 81 65 53 52 48 48 47 48 47 43 43 44 42
43 43 44 42 45 46 48 56 56 64 48 47 46 53 72 67 46 48 45 45 44 42 44 43 43 44 41
41 43 44 43 45 56 46 58 72 62 44 44 46 50 57 78 48 45 43 44 43 44 48 44 44 44 42
43 42 44 43 45 48 46 59 78 58 44 45 45 46 56 93 52 49 45 44 43 44 43 43 46 44 44
43 42 44 44 45 51 50 95 100 55 43 46 46 46 57 110 81 49 46 43 45 44 44 47 43 44 44
46 44 43 44 46 51 62 139 106 59 44 46 48 46 55 100 101 52 47 45 43 45 50 44 43 44 43
43 44 49 45 45 50 80 127 100 54 44 50 49 48 58 82 107 65 47 42 44 50 45 42 43 42 43
43 40 45 50 47 50 111 139 108 55 44 49 52 50 63 101 126 102 56 46 45 46 46 48 44 44 44
47 45 44 46 48 61 160 150 129 64 44 52 54 53 100 135 176 153 64 45 46 49 46 44 44 45 46
44 50 46 46 58 99 209 177 159 83 44 56 60 59 136 174 221 207 70 53 46 53 49 45 44 45 42
45 50 46 47 56 139 238 203 179 116 46 59 62 64 140 187 248 249 92 54 46 52 51 45 44 45 45
42 46 51 49 54 130 227 194 178 108 46 60 62 63 126 196 263 248 83 57 49 51 49 45 45 44 45
42 45 50 47 51 111 206 184 138 76 45 52 57 60 82 138 172 149 66 47 48 50 49 42 44 49 44
43 47 44 46 47 91 157 143 99 60 44 49 51 53 57 90 99 90 52 45 45 46 46 44 42 44 49
43 44 45 43 46 55 84 91 61 56 44 46 47 47 51 71 88 72 50 44 44 45 46 44 43 43 48
44 44 45 44 46 59 101 104 67 54 44 49 48 50 67 101 113 79 48 46 50 47 45 43 42 44 45
43 44 45 45 47 56 91 120 75 53 44 50 51 53 61 99 133 66 54 46 45 46 44 43 44 43 44
43 44 43 45 51 56 101 100 76 62 44 52 52 54 81 104 98 76 51 48 46 47 46 42 43 44 44
43 44 46 47 50 77 196 150 113 67 43 58 58 59 105 122 137 110 63 47 46 49 48 44 44 41 44
45 47 44 46 51 98 124 142 122 78 45 59 59 65 126 143 154 130 81 49 47 48 48 44 44 44 41
44 44 46 45 52 115 125 112 110 83 45 59 60 76 112 139 131 109 87 51 47 48 47 43 43 44 42
45 46 46 49 66 141 188 159 155 117 46 62 82 110 137 189 174 156 127 66 49 54 53 45 46 44 43
45 45 46 48 75 149 168 144 139 108 45 61 80 109 121 150 129 133 99 68 51 54 53 45 43 44 44
44 45 48 48 71 103 114 109 97 90 43 54 76 84 93 103 97 93 88 62 47 55 59 49 44 43 44
50 66 54 57 74 92 107 118 101 106 45 56 93 90 106 115 109 104 92 74 50 55 52 56 43 44 45
52 48 53 56 63 84 105 149 137 124 45 76 126 140 145 153 131 114 92 88 57 59 52 47 47 44 44
56 43 57 62 63 66 106 152 138 135 44 72 156 158 138 131 114 108 96 72 59 56 52 50 44 43 44
51 48 51 54 62 64 108 141 143 136 43 100 199 182 136 133 109 111 90 66 52 57 58 51 43 44 44
54 51 49 54 65 78 138 156 157 152 49 117 248 222 156 140 113 119 104 67 52 72 72 47 40 45 49
50 57 51 61 88 128 172 180 146 165 51 131 263 213 149 126 111 108 86 65 53 95 148 48 46 48 46
48 73 60 57 69 101 114 143 130 137 46 96 223 178 118 104 100 86 76 56 52 65 84 46 47 46 43
51 78 73 58 74 130 144 149 140 133 45 109 206 158 117 108 101 91 89 56 52 62 69 44 45 45 46
56 54 66 60 74 119 157 171 138 141 46 111 158 147 113 103 100 78 69 62 57 69 67 46 46 45 45
46 57 71 66 67 91 119 155 156 169 45 98 131 129 121 106 99 88 73 57 59 72 56 46 49 45 44
49 54 101 76 76 83 133 174 176 148 45 90 112 117 99 98 92 81 68 54 53 80 86 60 44 45 48
45 50 63 107 64 69 97 159 145 117 45 87 99 128 87 79 80 68 62 51 51 92 59 47 45 45 46
57 48 62 126 71 63 84 140 124 111 46 86 92 139 86 80 83 74 58 57 59 117 79 44 44 45 48
48 46 62 114 83 63 74 117 106 123 44 91 82 99 79 82 84 70 55 50 60 138 89 45 44 44 45
45 48 51 113 106 65 66 117 115 133 46 100 86 115 87 95 94 78 57 52 65 122 109 45 44 45 43
45 46 50 133 129 63 66 95 132 127 46 111 103 107 103 112 98 78 63 60 76 157 116 46 44 45 46
44 46 48 131 145 67 66 89 113 129 46 118 89 138 114 101 96 77 60 60 96 264 283 53 43 45 45
45 47 48 104 241 86 73 90 112 136 46 113 101 151 134 122 105 81 58 63 124 280 222 51 43 45 47
45 47 51 96 189 86 77 89 121 149 46 120 118 119 120 123 109 88 69 53 109 197 166 52 45 47 45
45 47 50 84 156 113 74 96 128 142 46 138 121 117 140 130 127 105 76 49 109 181 99 49 46 50 45
44 47 48 72 153 114 76 116 134 148 46 175 136 126 148 139 141 124 89 60 107 135 94 46 44 56 47
46 47 49 61 145 119 81 137 156 164 47 209 149 153 144 146 133 132 108 67 88 163 65 44 44 47 46
46 48 49 59 127 120 96 174 191 184 44 218 165 150 148 150 139 149 126 80 76 140 69 46 43 45 46
46 50 50 56 122 105 113 194 199 197 51 189 152 143 138 149 145 155 125 101 70 122 61 46 50 46 45
47 50 50 57 105 102 160 207 226 235 51 178 138 120 127 142 189 189 128 137 70 98 71 44 45 50 46
50 55 52 61 104 100 174 211 253 286 48 172 142 117 138 156 195 168 138 142 88 82 62 46 45 43 46
51 52 50 61 72 104 159 174 206 217 47 168 129 110 145 151 153 147 126 124 74 69 60 51 45 46 45
46 46 50 54 71 110 149 156 162 166 46 161 105 103 136 136 149 134 101 96 62 64 57 43 44 49 45
52 46 52 62 72 114 147 171 174 166 46 165 116 129 159 147 136 128 125 99 66 66 56 46 48 46 45
74 51 51 66 71 95 142 170 170 163 46 165 128 135 148 166 156 137 127 106 74 77 59 45 44 46 44
68 57 54 66 68 83 112 143 146 144 44 139 138 140 147 186 188 186 133 95 70 68 62 45 45 44 46
50 69 62 67 78 87 119 133 133 130 46 128 134 138 157 226 214 227 173 106 67 69 63 46 46 46 46
54 81 67 68 78 79 92 113 114 120 46 132 113 126 140 187 179 178 112 80 70 71 58 45 46 48 46
63 87 62 63 69 75 79 94 90 108 46 124 99 118 116 131 141 110 78 73 72 74 55 46 44 45 49
