42 43 44 45 43 43 46 44 44 44 42 43 44 44 48 44 42 43 47 43 45 43 42 43 43 43 44
42 43 48 45 42 43 43 43 44 42 44 49 44 43 51 49 44 43 44 44 44 43 44 43 43 43 43
43 42 44 44 45 45 44 49 57 51 46 45 46 58 130 112 53 46 45 42 44 42 45 48 44 43 44
45 46 45 46 51 52 56 57 79 201 76 58 59 120 628 211 61 57 55 46 46 50 49 45 44 44 45
44 46 46 48 53 54 59 63 88 707 248 71 67 104 444 106 67 58 56 50 48 53 51 45 48 45 44
43 43 45 44 46 47 49 65 65 263 181 56 54 53 65 61 55 50 51 51 43 46 51 44 43 44 43
43 44 44 43 44 51 47 57 72 60 56 49 46 46 51 64 64 48 48 44 42 44 48 44 42 43 43
43 44 40 44 50 48 51 78 64 53 50 47 46 51 48 73 89 51 46 44 45 42 44 48 43 42 45
44 43 44 44 46 47 50 89 72 53 44 46 51 47 47 83 77 52 46 44 44 44 45 41 43 48 44
46 44 45 46 44 46 59 122 81 46 47 53 47 47 49 79 97 52 48 43 44 44 44 44 41 44 49
43 46 45 50 48 51 118 169 90 51 49 46 49 55 52 80 120 80 50 44 44 47 46 44 41 44 50
43 47 48 47 48 56 152 185 94 53 47 49 56 51 52 78 130 101 54 46 45 47 44 44 48 44 45
46 46 43 47 48 67 147 154 79 53 51 47 50 53 55 75 128 121 71 46 46 46 44 45 49 44 44
44 54 43 46 49 84 176 153 95 54 51 50 53 54 59 97 141 156 85 50 46 47 51 43 44 49 45
44 47 44 47 65 124 195 157 114 58 54 53 55 57 73 119 167 189 115 50 45 48 48 46 46 44 44
44 46 45 52 64 168 210 175 129 63 56 54 57 64 76 129 185 191 102 55 49 54 50 47 44 45 44
45 46 46 45 59 200 222 157 113 59 56 55 57 59 68 114 175 205 98 58 47 48 50 44 44 45 43
45 50 46 44 54 142 171 123 76 54 50 50 50 54 63 87 115 135 66 56 51 47 46 44 42 44 45
43 51 45 45 49 81 108 81 51 47 45 45 47 46 48 53 70 69 54 50 46 44 45 43 43 44 43
44 43 46 49 49 79 90 81 57 47 48 47 46 47 53 53 97 71 62 45 44 44 45 44 44 43 45
44 44 44 49 54 87 127 129 63 51 49 50 50 48 54 60 91 86 54 46 49 46 45 45 43 43 46
43 47 47 46 51 71 110 85 62 49 48 47 49 50 54 73 108 100 68 41 45 48 46 46 44 44 43
42 44 51 48 67 111 138 99 74 57 56 49 51 55 74 99 121 95 78 47 46 51 48 41 46 46 44
44 45 46 46 78 158 147 131 102 70 58 53 56 62 105 136 130 116 97 50 46 50 52 45 46 44 44
45 46 48 49 84 175 245 201 155 92 65 63 65 79 163 174 172 152 142 58 50 54 58 46 45 45 45
45 53 50 51 101 232 201 213 179 118 69 69 75 118 254 224 223 172 145 78 55 58 58 47 46 45 46
46 49 53 52 117 255 206 187 183 126 70 67 74 140 193 199 220 161 145 94 51 61 58 48 45 46 45
54 57 51 56 139 245 292 256 216 154 89 77 94 185 220 273 269 236 201 141 54 63 65 47 47 50 46
52 56 51 59 161 211 249 213 194 140 82 76 97 178 176 207 181 188 146 108 54 64 84 76 43 46 50
58 53 51 59 130 153 178 154 133 130 74 67 113 132 131 171 146 149 133 89 64 63 64 59 44 45 50
47 51 58 78 120 130 166 184 156 159 93 93 171 152 170 195 160 177 152 102 90 67 62 56 58 45 47
47 56 55 69 88 117 157 256 210 192 109 107 204 203 204 217 199 172 146 118 79 67 64 57 50 46 46
50 57 63 59 72 98 154 222 209 201 122 153 252 267 232 199 175 163 149 95 78 77 76 80 46 50 46
70 68 63 64 84 89 159 216 212 209 154 196 351 303 216 216 167 154 131 83 65 109 122 67 47 54 47
69 71 96 66 87 95 186 227 233 230 169 225 397 362 228 203 161 163 135 74 68 153 162 65 47 47 47
54 85 108 66 87 123 183 220 199 226 198 215 300 302 192 172 143 131 115 73 65 154 175 58 52 60 47
48 54 84 57 91 131 157 151 159 164 161 125 211 239 141 127 114 96 87 63 57 90 78 66 56 48 49
51 62 75 56 78 125 139 164 165 149 124 100 191 173 122 118 116 93 85 56 53 66 92 48 43 49 52
51 52 83 74 93 115 116 172 137 120 106 87 129 134 99 101 98 77 85 63 54 74 90 46 45 43 46
46 64 114 105 86 98 121 125 136 131 84 82 107 114 92 91 103 84 72 59 55 64 74 46 46 42 46
56 54 89 89 75 90 140 179 182 126 91 87 100 109 93 98 94 79 67 57 53 99 106 52 48 47 53
46 78 70 63 60 66 100 153 153 124 93 83 90 124 81 77 89 74 61 51 53 54 87 66 53 48 55
57 54 52 89 64 74 121 195 157 122 125 91 106 172 101 105 113 101 69 58 51 63 87 66 48 51 54
63 55 66 88 69 66 117 190 185 172 147 127 106 127 102 94 96 86 69 56 55 106 74 49 56 44 49
46 53 55 88 90 66 95 178 155 160 155 128 113 131 102 115 104 82 63 57 60 100 88 48 45 45 47
45 47 56 83 84 69 90 149 162 158 141 121 121 116 130 150 130 91 68 68 54 120 98 60 56 46 62
46 49 55 183 146 70 74 127 130 145 180 134 107 135 134 133 111 78 70 65 64 151 179 55 50 47 48
52 49 55 118 160 74 80 114 139 139 178 148 116 155 138 139 116 87 82 74 101 288 596 62 56 49 50
52 50 59 150 347 108 89 104 133 166 183 131 120 139 122 139 116 95 74 60 120 323 330 64 56 48 49
48 52 50 96 166 98 78 103 134 142 168 149 112 122 136 129 122 105 68 58 117 208 206 52 46 49 46
47 48 50 99 164 102 86 116 144 167 158 187 113 130 160 143 149 116 83 57 83 176 129 48 50 49 47
47 46 48 64 133 96 91 128 149 168 169 208 124 145 149 161 138 121 92 58 63 157 77 46 46 51 46
47 49 50 57 111 101 86 159 172 175 182 236 158 155 155 161 138 127 111 69 62 128 79 49 46 48 46
46 48 49 54 87 76 94 162 161 172 181 195 142 152 128 143 124 123 105 79 60 82 64 46 45 45 44
46 48 50 53 90 73 120 157 174 184 190 187 132 113 113 129 123 127 98 97 59 70 65 47 45 45 44
46 48 51 59 70 79 140 157 203 215 172 175 133 106 122 133 143 130 108 109 67 69 63 46 45 46 46
46 49 50 57 65 87 131 159 225 243 176 171 121 110 125 132 139 129 112 106 63 65 63 48 43 45 50
47 47 51 54 61 81 115 143 169 164 151 153 104 92 108 122 139 118 96 80 54 60 59 46 46 42 46
51 49 49 56 66 100 129 167 179 170 157 158 120 110 127 135 131 123 121 103 63 63 62 47 46 42 46
85 53 52 59 65 91 142 173 174 167 155 158 122 126 139 175 163 149 133 96 79 74 64 48 45 44 49
70 58 54 62 69 84 112 153 155 153 135 146 134 138 156 205 221 219 147 117 80 74 67 47 45 45 48
52 72 63 65 74 85 114 132 140 127 125 132 130 137 159 246 243 266 196 113 71 78 69 48 44 45 54
58 87 64 64 72 76 84 102 110 110 113 118 106 115 136 206 198 192 120 89 75 76 62 47 45 47 51
64 85 63 57 63 69 71 81 74 86 96 102 83 98 102 126 136 106 78 78 78 80 61 49 44 44 53
