42 42 44 45 44 43 43 43 48 44 42 44 44 45 45 45 46 44 41 44 49 43 44 43 42 43 44
42 42 48 45 46 44 43 43 43 44 43 42 46 45 45 46 46 43 45 48 44 42 44 42 42 44 41
42 43 44 44 45 44 44 44 44 46 44 48 52 49 50 51 54 46 44 44 44 43 43 43 46 43 42
44 42 46 44 45 44 45 45 44 45 46 58 91 48 66 94 56 51 45 44 44 43 44 43 43 44 46
46 46 47 47 48 51 55 56 55 54 46 112 300 85 226 460 85 54 49 47 46 45 45 44 44 46 44
50 48 47 47 49 52 59 59 58 58 45 135 312 115 163 388 78 53 50 47 46 45 49 44 44 44 43
44 45 51 46 46 49 50 51 53 55 44 132 116 60 60 78 61 53 51 44 46 49 44 44 43 42 43
44 41 46 51 47 49 52 51 53 64 44 134 61 55 58 62 58 53 49 46 45 44 44 42 43 47 44
47 46 48 46 46 51 53 55 56 85 46 82 59 52 51 51 50 46 49 44 45 44 44 44 42 43 48
44 46 46 49 49 49 56 55 63 108 43 60 58 50 48 49 44 47 47 48 45 44 44 44 43 44 41
45 48 47 48 49 52 56 62 93 136 43 54 56 49 47 49 43 48 47 47 46 44 43 43 44 42 44
44 46 46 46 52 52 54 78 122 147 45 50 50 54 50 49 50 47 57 46 45 46 44 44 46 44 45
44 45 43 45 46 50 60 99 104 118 43 51 50 48 51 54 47 49 48 47 46 44 44 40 44 49 44
46 50 46 46 50 57 68 139 131 117 44 53 54 70 73 59 62 51 50 45 46 47 46 44 41 44 49
46 48 49 47 50 61 107 157 126 105 43 63 63 100 136 126 136 119 84 54 56 45 45 43 44 44 44
46 49 49 46 55 71 139 181 164 129 44 60 61 92 116 111 135 116 88 54 59 54 46 44 43 43 45
46 49 49 48 53 67 161 186 165 130 44 62 65 88 90 99 120 118 78 53 50 54 44 44 44 44 45
45 48 47 47 51 61 138 134 118 84 44 59 61 85 91 108 106 104 80 47 49 49 46 43 44 43 44
43 48 46 46 49 61 107 108 97 59 43 52 56 74 85 84 93 84 66 50 50 45 51 43 46 42 45
44 53 44 45 48 59 98 93 68 58 44 50 55 70 83 87 85 78 54 51 46 48 48 43 45 44 42
44 46 46 44 46 52 78 93 61 52 44 48 51 58 72 80 72 67 50 46 47 46 44 43 43 44 42
42 45 45 45 47 62 88 89 65 55 44 48 51 56 71 78 65 68 51 46 46 45 49 44 44 45 42
44 44 45 45 49 65 99 90 75 55 44 53 53 59 77 71 69 64 51 48 47 46 52 44 42 44 43
44 45 46 46 50 82 105 99 115 67 42 56 56 70 80 71 68 61 55 47 48 48 46 49 44 43 44
46 52 48 49 60 118 165 136 189 76 45 69 70 76 97 85 75 69 62 54 56 51 44 44 43 46 44
48 51 56 51 62 142 159 147 202 90 45 78 77 81 100 88 83 72 71 55 53 57 46 45 44 43 44
48 47 54 58 74 142 173 130 179 100 44 70 76 76 87 83 76 74 72 64 59 47 46 50 47 46 44
54 57 62 54 93 170 224 216 171 142 46 94 99 100 107 105 96 95 97 76 64 56 52 46 44 45 49
49 61 56 54 104 166 200 184 139 133 44 87 93 97 94 92 83 76 78 72 58 52 47 50 42 44 46
48 58 59 58 92 134 164 168 122 115 46 86 80 88 75 79 72 66 67 68 54 51 47 46 45 44 45
47 63 69 60 91 136 159 175 141 113 46 113 99 100 83 94 81 72 74 66 63 60 49 47 44 44 44
54 60 55 72 90 124 187 201 180 160 46 138 113 128 97 113 87 77 79 68 68 59 49 49 45 46 44
54 66 58 62 73 98 169 196 176 174 46 160 122 122 107 97 84 81 72 70 68 56 49 45 46 46 45
53 62 60 59 71 92 181 189 180 205 46 196 141 119 101 106 82 84 78 67 69 61 51 46 44 47 47
54 63 59 56 83 99 179 190 184 191 46 202 146 132 114 106 87 92 74 67 72 67 55 47 44 46 45
51 60 63 57 110 128 191 191 178 189 46 181 127 118 104 89 75 72 72 67 64 60 51 49 45 45 45
50 57 63 64 86 159 159 172 152 180 46 129 106 107 84 87 75 67 66 62 56 53 48 46 44 46 44
51 61 64 64 94 175 168 167 149 179 44 117 96 98 78 80 77 68 67 61 55 51 47 47 46 43 45
49 63 59 64 76 171 146 140 141 151 45 104 88 89 76 71 68 70 64 63 56 48 49 44 45 46 42
49 68 61 63 70 147 195 194 157 148 45 106 89 82 78 70 66 67 65 66 59 50 46 44 44 45 43
47 84 56 64 71 129 140 190 112 119 45 86 78 73 67 67 63 61 63 65 55 51 50 44 46 44 43
49 91 56 56 66 86 118 160 110 117 45 74 76 71 63 63 60 60 61 63 55 46 53 44 43 44 44
53 109 56 54 66 89 125 127 126 105 44 74 75 74 63 61 63 61 70 63 53 47 48 48 44 43 44
114 198 57 54 61 78 101 108 109 117 45 83 76 69 62 65 66 63 64 66 59 47 46 44 45 44 44
225 198 84 59 63 71 84 107 110 128 45 93 83 76 68 72 70 67 72 65 54 52 48 44 46 43 44
289 188 124 69 64 69 97 106 126 140 45 120 96 80 82 84 78 72 77 77 55 53 48 44 57 44 45
186 213 142 72 63 74 93 130 122 143 46 123 104 82 89 84 79 73 79 75 59 48 51 45 43 44 48
94 187 343 92 79 89 102 148 131 139 44 135 127 100 94 93 88 78 79 88 60 49 44 45 48 45 46
93 155 259 106 85 112 110 159 167 169 50 136 149 109 87 102 91 80 82 93 69 50 49 46 45 48 45
63 89 125 121 105 104 116 143 165 151 46 152 162 113 89 104 99 83 85 106 91 54 50 51 45 46 45
57 81 111 165 135 132 137 163 187 161 46 183 162 120 105 109 103 94 97 115 100 54 49 52 45 60 45
56 71 108 199 186 139 186 194 202 187 46 191 162 134 116 109 98 102 98 105 100 65 50 48 46 51 51
58 85 80 153 185 190 225 236 242 211 46 211 175 137 135 110 103 106 96 107 107 79 49 51 53 46 47
58 67 73 153 211 212 238 264 266 222 46 194 156 133 120 118 110 103 93 107 106 91 56 48 47 46 46
59 66 69 113 212 282 215 268 257 231 46 178 156 133 110 115 106 98 93 106 94 90 56 47 48 46 49
55 63 61 76 192 339 246 228 168 138 46 133 116 112 114 126 121 106 101 122 87 91 64 51 46 46 46
51 59 58 72 153 280 254 206 165 117 46 97 85 78 73 79 85 93 104 113 92 85 75 51 45 46 46
46 55 50 58 108 153 144 131 113 106 45 77 66 63 60 59 55 59 53 53 51 46 46 44 46 49 45
49 55 55 65 90 127 156 145 113 97 45 80 65 64 66 62 58 61 53 51 51 46 45 45 44 45 43
69 63 54 64 85 117 136 136 110 93 44 78 65 72 68 73 69 64 58 55 48 47 51 46 43 44 44
62 66 55 61 65 85 98 100 89 82 45 71 67 74 74 87 84 96 60 55 53 46 49 49 42 43 46
55 78 62 62 64 74 83 88 78 74 43 78 72 80 95 146 143 154 99 62 53 48 47 47 44 42 46
66 80 65 60 64 66 72 79 77 71 46 81 75 86 104 165 156 159 99 69 58 49 44 44 44 44 48
73 75 63 56 58 62 71 70 63 67 44 81 75 88 94 132 135 107 69 68 60 53 45 41 44 48 48
