45 42 45 49 44 43 44 42 43 44 44 44 42 44 47 44 44 43 43 42 44 44 44 44 41 43 49
44 43 47 44 44 43 46 44 42 44 43 44 44 43 44 48 42 42 44 43 44 42 44 47 44 42 44
43 44 48 44 43 44 42 43 44 44 44 47 44 44 44 43 43 43 44 43 44 42 43 44 43 44 45
46 42 44 49 45 44 43 44 44 49 44 43 44 44 43 44 43 43 40 44 45 44 47 44 42 43 44
44 43 44 44 44 44 41 44 47 44 42 44 44 44 44 42 44 42 44 40 44 43 44 47 44 42 43
42 44 43 44 44 43 44 44 43 44 44 44 43 44 43 44 42 43 44 44 47 44 42 43 43 44 44
43 44 49 45 43 44 43 43 44 43 44 47 44 43 44 44 43 43 44 42 45 48 44 42 43 43 44
44 39 44 49 44 42 43 42 43 44 44 44 44 44 44 46 43 43 44 45 45 47 45 42 43 44 44
46 43 42 43 44 43 43 43 43 46 44 44 44 42 44 43 42 43 46 43 43 45 44 43 46 44 45
43 47 44 43 44 42 43 44 43 44 45 44 45 44 44 44 43 42 47 43 44 44 43 43 47 44 44
43 46 44 42 43 42 43 44 43 43 46 44 45 43 43 43 42 42 43 47 42 42 44 43 44 45 44
40 43 48 44 42 43 42 43 44 43 44 46 44 44 44 42 42 44 44 43 44 44 42 43 48 44 44
43 43 39 43 50 43 42 44 43 43 45 44 44 44 44 44 41 42 44 44 44 41 44 49 44 43 44
42 42 44 42 44 47 43 44 44 42 44 45 44 44 43 43 42 43 44 44 44 44 44 41 43 49 46
40 44 49 44 43 43 42 43 44 44 46 45 46 46 44 42 44 43 43 44 44 42 42 43 43 44 43
42 41 44 48 44 43 44 43 44 44 51 49 47 45 47 44 42 44 48 44 44 43 44 44 43 43 44
43 41 44 49 44 42 44 45 47 47 67 96 58 47 49 46 42 44 44 44 45 44 43 43 43 43 44
43 44 42 44 48 44 49 58 58 74 433 242 71 62 59 55 49 49 51 55 50 47 47 46 44 44 44
42 44 42 44 49 44 47 55 53 157 351 76 61 57 53 50 51 47 47 48 45 45 46 44 44 42 44
43 46 43 43 44 43 46 46 50 193 121 56 52 48 47 47 44 50 45 45 46 43 44 44 43 44 46
40 43 44 44 42 43 45 55 62 136 69 60 51 46 46 46 45 50 45 45 45 43 44 44 43 44 42
42 43 44 43 44 42 45 86 100 76 63 60 57 48 46 46 44 46 45 45 43 46 49 44 42 44 43
43 43 45 44 44 44 47 81 98 72 175 134 78 62 57 58 53 50 46 52 46 48 53 46 45 46 44
43 43 44 45 44 44 42 54 61 54 77 74 93 80 82 98 85 69 59 51 53 45 51 54 47 43 44
44 44 45 44 44 47 46 51 49 52 65 74 79 72 98 132 123 108 116 110 90 56 70 56 45 44 44
45 44 50 45 43 44 44 50 51 50 56 68 65 60 65 92 146 134 132 178 174 90 104 52 46 44 45
43 39 44 49 45 44 45 49 49 50 54 56 58 62 57 63 78 103 132 160 210 209 210 58 47 44 44
49 45 44 44 44 44 46 52 52 55 62 64 63 64 64 68 76 93 161 217 258 301 373 196 80 50 49
43 49 46 43 44 43 44 48 48 51 52 54 54 56 59 58 67 73 82 111 126 131 148 128 81 46 43
43 43 44 43 44 44 45 48 46 50 55 55 54 57 66 72 81 92 91 107 112 111 157 93 66 49 45
48 45 44 44 43 44 46 56 56 65 69 75 81 98 122 92 111 121 97 110 119 96 154 78 54 45 44
45 46 41 45 49 46 54 84 81 101 123 137 143 179 185 133 150 121 119 124 118 103 116 71 49 44 46
45 43 46 43 45 50 56 103 101 131 159 187 233 207 190 146 145 114 125 112 101 99 81 50 49 49 46
45 42 46 44 46 50 90 135 132 149 232 240 281 226 192 142 144 120 121 101 93 71 57 54 51 46 47
46 44 46 49 46 46 88 155 151 194 295 304 277 214 173 158 145 110 118 95 69 58 65 54 47 46 52
45 44 46 49 46 54 132 196 190 229 283 291 257 169 199 114 106 90 82 73 61 58 72 174 75 46 51
44 46 44 45 50 58 146 192 185 200 209 204 178 148 133 87 87 82 62 63 57 55 76 102 85 47 51
44 44 46 45 48 75 135 194 191 160 210 163 163 127 105 76 70 59 56 59 59 55 86 93 48 46 52
44 43 46 45 46 48 134 203 194 134 258 144 145 104 78 60 55 55 57 57 56 67 86 54 46 45 46
44 47 46 44 46 44 100 236 223 232 301 142 138 88 70 61 56 56 57 57 56 80 79 51 44 47 52
44 44 47 42 46 48 82 187 179 155 188 110 110 81 68 58 52 51 46 55 66 74 54 48 45 44 58
44 44 45 42 48 50 58 186 178 164 171 145 118 100 82 63 53 55 51 59 78 83 52 49 45 44 49
44 49 45 43 45 44 55 176 170 171 144 139 127 102 83 62 55 55 56 72 94 81 51 48 46 43 46
45 44 45 43 44 45 54 154 152 160 176 164 140 122 89 64 53 56 63 80 94 79 53 49 46 44 46
46 44 46 44 44 44 52 106 104 148 194 180 168 149 112 75 60 57 62 95 87 70 61 49 45 44 46
45 44 46 44 49 45 51 94 92 160 219 210 231 211 171 98 69 64 72 125 94 70 60 49 45 45 47
44 46 45 46 47 45 54 85 86 171 256 242 268 238 199 116 71 75 89 108 71 64 56 52 51 45 47
45 47 46 45 46 46 54 80 79 149 247 296 286 272 203 131 82 81 111 105 71 58 57 51 48 45 46
45 44 45 44 45 46 54 77 76 145 261 314 252 245 159 125 83 87 110 120 66 57 56 51 48 47 46
50 46 45 46 44 45 53 70 69 109 204 257 278 235 162 128 88 92 136 131 89 57 56 53 47 47 46
49 46 44 45 44 45 53 68 68 105 178 230 303 232 185 142 93 110 141 133 73 61 56 56 46 44 46
46 42 45 44 45 49 52 65 66 79 159 219 282 238 210 149 89 131 156 149 65 86 56 53 46 46 46
46 43 46 46 45 48 52 65 65 75 133 202 300 253 236 156 102 165 154 149 70 66 56 51 49 48 46
46 50 46 48 46 44 50 59 59 68 89 153 204 227 209 168 127 169 144 120 68 59 56 50 44 48 57
46 51 45 44 47 44 48 56 55 61 71 104 145 185 182 167 151 156 137 111 67 56 54 48 46 46 49
44 49 48 45 48 45 46 53 53 58 68 76 116 151 175 182 177 154 150 108 67 55 52 48 44 45 46
46 46 46 45 47 47 46 52 52 57 67 71 95 142 182 191 186 176 148 97 68 55 54 48 45 51 47
49 50 46 44 45 46 47 53 52 57 65 72 86 121 166 168 178 181 131 100 65 56 53 49 45 43 45
51 49 45 46 45 42 47 60 55 57 69 83 90 129 170 168 176 181 142 109 74 63 55 50 43 46 50
77 47 46 43 46 50 48 56 55 60 68 83 86 111 141 161 181 164 139 106 80 74 60 53 46 44 44
70 52 49 45 47 51 49 57 58 58 66 79 79 102 119 152 195 203 135 103 87 84 59 57 47 45 45
52 66 56 52 45 50 54 57 56 61 68 76 80 92 111 175 202 237 180 108 92 83 62 57 49 45 44
62 72 58 54 45 51 56 55 54 60 64 73 73 80 95 171 165 198 137 109 90 89 62 49 46 45 46
71 74 57 54 49 54 50 53 54 51 63 73 66 72 82 107 154 126 90 103 88 97 68 47 46 47 51
