44 44 44 44 44 43 44 43 43 44 43 43 49 44 43 44 42 42 44 44 42 43 48 44 43 43 42
44 44 40 43 48 43 45 44 42 43 44 43 44 42 44 47 41 43 43 43 44 43 44 46 44 44 44
42 43 46 44 44 44 43 43 44 43 44 44 45 45 45 44 43 43 43 44 43 42 44 43 44 44 44
41 43 50 44 43 44 43 43 44 43 44 45 44 47 44 42 43 43 43 44 44 42 43 44 43 44 44
43 41 44 48 44 43 44 44 44 44 44 44 45 43 44 48 42 43 44 45 44 42 43 44 44 43 42
43 42 45 47 46 44 44 42 44 44 44 44 42 46 48 45 43 44 45 42 43 43 43 44 41 44 49
43 42 48 43 44 44 42 43 49 44 44 44 44 46 44 44 42 42 44 43 43 44 43 43 45 44 46
43 42 45 44 44 44 42 43 46 44 42 43 44 44 44 41 47 44 43 43 42 43 44 43 44 43 44
42 43 44 44 42 43 48 43 43 44 43 43 44 44 44 44 42 43 45 44 46 43 42 44 43 44 44
42 43 44 43 43 44 47 43 42 44 44 43 44 42 44 49 42 42 44 40 44 47 44 42 43 43 44
42 42 44 44 45 42 44 47 44 43 44 42 44 44 42 44 42 43 43 43 44 39 43 48 43 43 44
42 43 44 44 44 43 44 47 44 43 44 43 44 44 41 44 42 43 44 46 44 42 43 42 43 44 44
43 48 44 42 44 43 44 44 43 45 46 43 44 44 43 43 43 43 44 43 44 46 44 42 43 44 47
43 44 44 42 44 44 43 43 41 44 49 44 43 44 43 43 40 43 48 44 45 43 42 43 43 43 44
43 42 44 43 44 44 42 44 49 45 45 44 43 45 45 44 46 44 44 41 44 43 44 44 45 44 43
42 42 44 43 44 44 41 44 51 46 50 45 45 50 46 45 45 44 44 40 44 41 44 49 43 43 44
43 44 44 43 45 44 46 46 72 99 72 50 51 80 78 60 48 45 49 43 44 45 46 44 43 44 45
43 46 46 46 46 47 50 68 173 163 118 67 67 111 147 137 51 49 52 45 46 47 46 45 49 44 44
44 48 49 46 46 48 52 108 247 144 115 73 69 95 165 212 55 51 48 47 45 48 56 45 44 44 44
44 46 48 43 47 53 52 90 250 150 99 62 64 94 185 198 53 50 48 47 45 48 55 45 44 44 43
43 48 44 47 52 48 52 64 235 196 110 62 63 95 221 193 53 51 48 46 49 46 51 49 44 44 44
45 50 50 53 47 48 55 65 194 303 181 74 72 148 268 151 58 54 48 47 48 49 54 44 45 48 44
46 54 59 52 49 54 62 82 244 491 374 110 94 282 426 147 70 61 55 50 52 54 61 47 45 46 48
48 58 60 55 53 58 69 95 255 742 550 115 108 352 516 126 78 68 59 53 56 58 67 48 44 46 50
44 46 49 50 46 46 52 61 94 202 200 68 67 152 165 64 54 48 47 45 48 48 50 45 46 44 45
44 43 45 43 45 44 46 48 61 73 72 49 53 73 72 53 46 43 44 43 45 45 44 44 46 44 44
43 44 43 44 44 44 46 45 54 54 53 48 48 55 57 46 48 44 42 43 44 43 45 43 44 46 44
43 44 44 43 45 45 50 45 49 55 53 49 49 58 59 49 46 45 50 44 44 43 45 44 44 43 44
43 44 42 44 49 45 46 46 49 54 51 49 49 57 55 51 46 44 44 49 45 43 46 42 43 44 44
42 43 44 41 44 47 45 46 46 50 48 47 47 49 50 45 46 44 44 49 45 42 44 42 42 44 43
42 43 44 41 44 48 45 46 47 49 49 47 48 49 53 48 46 50 45 44 44 42 44 43 43 43 42
43 44 45 43 44 44 45 51 50 54 61 52 56 62 69 55 49 44 46 52 45 44 46 42 43 44 44
44 46 48 45 46 47 50 66 90 100 99 97 111 129 134 87 65 54 55 48 47 47 48 44 44 44 45
44 50 51 48 46 50 57 102 122 138 133 134 172 190 174 116 90 69 52 49 54 50 55 45 43 44 45
45 52 54 51 49 54 75 139 175 210 186 170 233 272 224 157 112 81 62 47 54 53 59 51 46 44 45
46 54 54 53 50 56 94 160 243 287 190 204 248 262 213 148 124 85 68 52 55 58 62 45 46 49 45
45 51 52 51 50 54 103 165 214 187 169 141 194 223 176 138 126 89 76 52 55 54 56 46 49 45 44
45 50 52 49 48 58 108 181 216 167 125 123 142 170 162 128 130 98 73 53 52 52 60 46 45 44 45
45 52 51 50 48 54 98 161 142 143 118 104 207 145 126 109 114 97 70 51 53 51 57 46 43 44 44
46 53 54 52 53 62 117 246 195 201 161 136 237 197 169 127 117 102 71 52 55 56 59 46 46 45 45
44 50 51 48 51 56 84 158 189 146 121 119 164 124 116 101 107 85 59 55 50 51 55 43 45 49 45
46 52 50 47 46 54 56 129 157 133 109 90 90 102 99 88 95 69 53 51 49 50 52 47 46 44 45
44 50 53 48 51 51 62 111 140 147 114 92 81 115 99 85 91 69 54 50 50 49 51 49 43 44 49
44 53 52 49 50 50 58 99 133 133 118 101 78 103 93 77 75 58 51 50 51 50 50 53 49 44 44
46 70 59 48 48 49 52 75 100 124 113 93 65 91 90 74 72 53 55 49 51 59 56 48 52 45 44
73 152 106 51 47 49 57 68 103 135 122 116 71 97 117 101 86 62 56 50 54 72 106 53 46 49 44
58 327 316 62 51 51 59 80 116 140 136 116 74 120 144 108 100 72 63 52 61 101 585 93 53 46 46
64 180 257 91 55 52 60 94 124 125 133 122 79 147 145 119 104 86 62 56 78 173 360 77 62 46 44
48 174 189 151 52 54 66 102 126 136 140 121 103 135 121 114 103 81 66 57 90 246 238 83 61 47 43
48 144 154 122 66 59 72 106 113 115 123 119 130 143 122 105 106 91 68 49 119 192 226 71 50 54 46
47 72 112 132 66 70 114 133 131 130 124 133 149 135 120 112 117 110 91 55 114 165 136 60 46 51 49
48 58 85 159 82 113 162 201 209 159 139 158 151 142 141 125 131 125 114 75 114 152 89 51 47 48 50
47 57 67 124 81 138 213 274 302 217 160 193 173 156 168 143 174 157 128 103 115 102 72 49 48 44 49
48 55 57 81 108 149 186 218 255 207 159 170 139 153 154 137 157 143 110 109 132 64 63 54 46 44 45
46 52 53 65 111 214 187 175 197 187 158 160 119 133 131 122 128 109 95 120 117 58 59 47 46 47 46
48 51 51 52 95 147 171 153 154 146 139 133 100 115 128 119 123 101 97 119 67 55 56 46 47 45 43
46 49 50 50 51 66 93 112 113 116 110 108 96 103 116 103 99 84 80 64 52 54 52 46 44 43 44
49 54 50 48 48 62 76 110 118 130 100 115 92 103 105 96 90 81 60 56 54 50 52 45 43 44 44
52 49 53 49 48 58 69 100 113 117 100 116 99 115 117 97 96 80 66 56 50 50 52 45 46 45 43
89 49 49 49 50 54 68 82 95 104 96 109 93 103 100 95 94 76 63 59 49 50 51 42 45 49 44
68 50 53 56 54 55 69 87 96 102 92 113 101 102 97 102 102 91 64 55 51 51 52 45 44 42 44
53 55 58 62 56 67 73 94 101 101 94 118 95 99 100 112 119 125 78 56 53 51 53 45 43 44 48
45 62 62 64 57 66 73 93 98 99 99 115 95 94 99 97 104 107 71 60 56 51 50 45 45 44 46
45 57 63 59 56 75 74 86 89 102 104 117 87 91 91 77 83 72 57 60 58 52 49 44 49 44 50
