42 43 41 44 49 44 43 43 42 43 44 43 45 45 45 46 48 43 43 43 44 43 43 43 43 42 43
42 48 44 42 44 42 43 44 44 44 45 44 46 45 46 44 43 43 41 43 49 43 43 43 42 42 44
43 42 44 43 44 44 43 44 42 44 49 45 43 46 48 44 46 44 43 45 44 42 44 43 43 43 43
43 42 43 43 45 44 44 44 44 45 50 46 43 55 56 46 46 44 43 46 44 43 44 42 43 46 44
48 44 42 44 44 44 44 44 47 47 53 49 47 96 74 46 44 43 46 41 43 44 44 43 41 43 43
42 44 50 48 49 48 49 52 55 90 231 67 84 458 148 57 51 50 48 46 47 48 47 47 44 42 44
45 42 46 47 54 56 55 60 62 111 554 167 127 384 172 63 58 52 50 48 50 54 47 45 48 44 43
43 44 45 45 49 46 49 62 56 85 251 92 68 103 101 62 47 46 45 45 46 47 45 43 47 44 42
43 42 44 48 45 43 45 47 56 85 80 53 55 62 99 68 45 45 50 44 43 44 43 43 44 43 44
43 44 44 44 45 47 47 47 63 113 66 49 45 56 106 105 48 46 46 44 43 44 44 43 44 41 44
42 44 47 44 46 46 48 50 81 115 57 44 47 53 96 103 48 47 44 46 45 43 44 44 43 44 41
43 43 44 45 46 48 49 61 119 83 47 46 47 44 93 111 58 47 44 44 45 45 45 40 43 49 44
43 47 43 44 46 46 50 93 115 77 47 45 47 48 86 101 77 48 46 43 44 44 44 44 41 44 48
43 42 47 44 46 48 56 132 137 76 48 47 49 46 71 103 91 54 47 44 45 45 45 44 41 43 48
43 43 45 42 46 52 68 124 127 63 49 48 49 48 84 110 124 74 42 47 51 46 45 44 42 43 44
43 44 45 46 47 50 109 157 136 78 50 50 53 51 102 143 181 103 47 46 49 47 45 44 43 43 44
44 45 45 46 48 59 135 159 146 95 53 52 55 53 111 163 204 164 50 43 47 52 47 43 43 43 44
43 45 46 46 51 71 158 164 147 116 55 53 57 63 135 176 217 178 53 47 48 47 47 48 44 44 44
43 44 45 46 50 60 166 172 149 96 53 52 55 58 113 148 186 122 52 52 47 49 47 43 43 44 44
45 49 45 46 48 58 162 176 130 79 50 51 57 55 79 117 125 106 51 43 46 52 46 43 43 43 44
43 48 45 42 46 51 97 107 98 63 52 47 49 49 55 82 88 76 46 45 49 45 44 43 43 43 45
43 42 44 43 46 49 83 108 95 56 50 47 47 48 58 81 81 62 46 46 45 46 44 44 45 43 45
43 42 44 43 45 46 54 81 67 50 47 46 45 46 54 58 70 51 44 44 45 43 44 44 43 45 44
46 43 43 44 44 44 57 97 64 50 49 47 47 47 51 65 65 50 46 42 44 44 44 43 44 40 43
46 44 43 44 47 47 81 96 82 55 54 47 50 47 57 70 83 61 48 44 45 47 44 45 44 42 43
42 40 44 46 47 53 72 115 102 59 53 49 49 51 71 105 82 63 48 46 45 46 44 43 43 44 44
43 40 44 47 46 52 83 82 81 59 51 49 48 51 76 109 86 69 53 47 44 46 47 44 45 44 42
44 46 45 48 50 80 127 119 105 78 54 54 68 63 106 148 128 104 70 48 45 48 46 44 44 42 44
44 44 46 50 50 85 134 124 116 80 56 53 64 68 101 133 108 96 69 48 46 48 47 44 44 42 44
40 44 51 46 49 83 97 105 87 77 52 48 62 67 78 93 86 79 65 52 46 46 45 44 43 43 42
44 44 47 50 60 76 98 110 86 81 54 50 73 66 84 96 93 93 78 49 48 48 47 42 43 47 44
44 47 47 47 54 65 91 124 103 94 58 52 92 93 104 120 106 106 79 60 47 50 53 45 41 44 48
46 46 52 48 56 60 89 112 116 96 64 56 111 114 104 118 96 104 92 62 49 52 56 46 42 44 47
45 49 50 47 57 61 100 123 131 111 71 64 148 152 114 125 103 105 90 65 47 53 50 52 44 42 44
44 55 55 51 60 72 122 151 135 139 96 78 221 184 135 136 109 106 101 84 52 57 52 52 44 44 45
45 50 60 59 82 105 134 172 136 150 132 101 261 170 139 126 113 93 82 63 52 60 67 50 44 44 44
45 60 64 53 74 102 117 146 122 127 123 85 232 155 112 105 97 84 78 59 51 58 89 44 44 44 44
46 63 83 61 90 117 127 142 135 122 110 106 209 139 110 106 106 89 79 60 51 58 78 44 44 44 42
46 55 60 54 80 109 134 138 133 138 127 117 170 130 110 104 101 92 76 56 51 61 54 44 44 44 42
45 52 54 58 73 93 136 149 147 170 115 117 160 122 110 103 95 87 77 56 53 62 52 44 44 43 44
46 47 70 64 65 101 127 176 172 141 110 119 123 131 100 92 90 82 63 52 49 74 56 44 47 44 45
46 46 55 78 67 66 101 159 152 134 121 94 108 145 91 85 93 76 55 49 51 89 67 48 44 44 45
51 45 56 88 69 67 84 143 129 126 110 89 107 155 75 77 75 63 53 49 57 102 105 42 44 49 44
47 47 55 99 86 65 67 78 102 115 92 72 66 77 68 70 74 61 52 46 67 120 113 45 44 43 44
44 42 60 127 121 68 61 81 101 118 124 85 70 95 77 82 86 66 51 48 80 134 136 49 44 44 44
45 41 52 152 143 71 62 70 104 113 107 111 88 117 92 96 84 62 51 50 93 177 142 46 43 45 44
45 49 48 142 154 87 61 66 96 123 123 110 88 136 107 108 93 64 52 50 108 241 163 47 44 45 42
46 51 48 98 182 93 63 73 95 124 140 113 106 152 129 134 108 76 55 55 138 421 146 46 45 46 45
44 50 55 70 327 106 65 76 111 145 159 131 120 135 121 125 110 82 56 51 135 206 145 51 45 44 45
44 46 53 69 119 94 63 81 111 121 157 141 131 122 138 119 114 95 61 50 115 139 92 51 45 45 47
45 44 48 70 124 96 68 95 122 129 144 173 153 124 142 133 120 107 70 55 107 125 99 48 44 47 49
45 46 49 60 102 91 71 121 138 143 142 191 149 140 128 131 116 117 86 58 93 144 74 46 46 45 46
46 47 50 55 104 94 83 159 169 161 134 207 157 135 128 137 118 131 101 69 97 117 76 46 43 45 45
46 46 49 53 107 91 105 176 179 166 146 185 138 129 118 128 127 133 113 91 96 102 61 46 44 44 45
48 47 46 54 104 93 162 193 209 179 160 167 132 104 108 127 165 154 111 114 73 86 58 46 44 45 45
46 51 49 56 108 110 197 205 237 185 160 153 129 102 117 135 159 128 109 139 76 71 57 47 44 45 45
46 50 48 56 70 124 192 169 175 156 148 141 109 93 117 130 119 122 106 119 70 62 53 46 44 44 42
48 48 48 51 79 124 165 143 138 127 120 130 93 86 110 118 110 114 88 92 60 57 52 45 44 44 42
56 49 53 59 76 128 156 165 149 131 121 131 110 105 128 121 104 102 114 93 66 61 53 45 44 44 45
100 51 53 62 71 106 147 161 158 131 119 132 110 110 121 132 127 112 106 102 73 72 57 47 45 44 44
76 58 55 63 64 82 115 132 130 122 100 116 117 113 124 148 153 151 111 81 69 64 59 49 46 43 44
51 74 63 66 68 77 113 116 119 113 102 113 120 108 126 180 175 194 151 83 64 68 59 47 46 43 44
51 76 63 65 71 74 85 104 104 106 108 118 100 104 116 164 147 154 100 74 66 68 53 44 44 44 45
59 72 63 63 64 69 72 83 76 91 93 121 94 104 101 108 117 90 70 67 68 65 50 50 45 44 50
