47 43 46 44 42 43 43 43 44 42 44 48 44 42 48 45 42 42 44 43 44 41 44 48 44 42 43
43 41 46 42 44 47 44 44 44 44 44 42 44 44 51 47 46 44 44 46 44 42 44 43 43 44 42
42 43 46 44 46 46 48 54 66 60 49 46 48 60 174 127 55 47 46 45 44 44 48 44 45 44 42
45 46 48 47 54 57 62 66 91 280 91 65 65 144 705 236 66 64 54 50 45 50 57 46 44 44 44
45 45 47 49 55 56 58 70 100 791 254 79 74 125 424 108 72 61 56 48 47 49 55 51 45 45 46
44 44 43 44 46 47 50 68 64 187 142 54 53 53 60 59 53 50 50 51 49 45 45 44 42 43 45
42 43 50 44 44 45 49 57 70 61 59 53 47 48 48 60 70 49 49 42 44 49 45 43 43 42 43
43 39 46 49 46 47 53 85 63 55 50 50 46 49 52 66 92 54 46 44 45 42 45 48 44 44 44
48 43 43 44 44 48 51 86 72 50 46 50 46 47 50 76 78 49 52 42 43 45 44 44 42 44 47
43 49 45 46 46 46 64 119 74 50 46 47 51 49 48 74 93 53 48 46 44 46 45 43 40 45 44
43 49 45 49 48 50 131 162 89 52 49 48 52 51 51 77 110 76 48 50 43 46 47 44 46 42 45
41 46 54 46 48 57 153 180 85 53 51 47 51 56 54 73 125 94 51 46 46 46 47 45 42 44 46
45 49 43 46 54 70 134 143 74 53 51 49 51 51 56 79 126 124 63 47 46 46 47 47 45 45 45
44 55 46 45 51 95 173 158 93 54 52 51 53 55 59 88 131 141 73 51 45 46 54 45 44 44 45
42 48 50 47 63 134 193 148 110 60 55 51 57 63 69 109 169 177 92 52 47 46 49 46 45 45 42
44 45 48 52 60 157 201 161 129 64 55 55 54 61 77 108 172 166 89 52 49 51 48 48 44 44 46
43 45 46 46 55 160 206 140 106 58 56 53 56 59 63 99 157 181 76 51 49 47 48 45 43 45 45
44 49 45 45 47 113 154 103 69 52 49 48 51 51 57 76 95 104 57 49 45 51 46 44 44 43 44
42 50 46 44 51 60 84 67 54 46 44 44 46 46 47 48 68 62 50 46 43 44 44 43 44 41 44
43 46 48 48 48 60 77 74 56 52 47 45 47 46 51 54 83 69 58 47 46 43 45 44 43 44 42
44 44 46 49 59 87 124 105 71 50 49 49 50 51 56 56 87 80 51 50 45 44 46 44 43 44 46
42 47 46 44 56 74 114 77 59 53 52 47 49 51 56 74 110 95 64 46 45 46 46 44 47 46 43
44 44 54 47 61 110 142 99 82 62 61 50 54 59 89 95 114 104 74 48 43 53 54 45 44 44 43
46 45 47 47 89 166 158 133 123 85 61 58 59 74 122 137 138 125 103 51 47 48 52 50 45 44 45
48 48 48 50 88 194 256 196 174 100 68 68 70 95 177 170 181 160 145 63 52 52 59 48 45 46 46
47 51 55 52 119 252 212 220 193 128 74 79 83 134 259 213 233 183 162 81 49 60 62 48 46 45 46
46 45 51 57 127 276 221 207 199 139 75 75 85 154 215 204 246 172 158 114 49 59 63 49 45 45 46
57 64 53 62 153 272 315 271 239 184 96 90 108 202 252 263 296 259 214 169 53 75 91 86 48 47 50
57 63 56 68 186 219 249 223 205 160 95 78 109 190 214 200 190 191 161 123 56 68 83 92 50 46 48
88 58 63 63 139 161 190 172 146 147 86 74 125 151 148 182 170 171 149 102 67 59 64 52 50 47 47
48 53 97 90 124 152 191 206 178 181 105 112 192 182 202 206 187 209 171 116 68 64 64 55 54 46 49
48 59 54 74 99 131 178 275 241 208 125 127 220 236 232 228 222 200 166 123 72 89 72 88 51 47 47
56 57 97 62 88 113 167 248 243 236 133 189 293 321 271 203 212 197 175 110 66 98 115 87 48 51 48
82 75 94 60 97 106 177 249 240 246 174 231 397 351 254 223 198 179 151 88 54 126 241 75 52 52 49
75 89 110 70 91 103 205 255 267 258 188 245 438 400 258 202 184 180 152 73 53 107 204 69 49 47 49
57 111 128 72 103 128 213 228 223 251 211 242 333 343 212 169 153 142 123 81 55 89 159 59 66 64 51
48 57 81 55 101 133 170 186 170 174 180 147 236 258 150 131 126 103 90 76 50 63 85 56 53 48 50
53 65 72 55 88 131 140 169 179 156 128 124 200 191 133 116 123 97 85 62 48 57 78 54 46 45 47
51 57 70 75 93 132 125 182 142 138 119 105 148 150 109 96 99 87 95 66 53 60 99 50 47 46 47
43 65 82 109 90 103 126 127 139 134 90 99 117 124 97 87 104 91 72 61 51 53 71 50 45 46 46
57 57 71 79 76 91 143 194 184 136 97 95 117 133 104 98 102 86 66 68 48 73 108 91 50 51 58
48 105 66 52 65 68 109 165 170 143 100 89 102 142 90 80 95 82 62 55 47 54 73 72 51 50 57
50 54 51 59 65 86 139 210 174 143 126 95 111 183 114 110 127 98 74 62 51 56 85 74 51 46 60
66 51 55 77 66 72 142 211 183 169 134 120 98 119 97 88 91 83 68 57 50 55 68 48 50 46 51
47 47 53 69 63 66 108 174 152 131 116 120 116 105 96 95 102 81 63 57 51 61 59 46 45 44 46
47 45 51 95 76 68 108 158 165 148 126 102 115 139 128 123 130 98 71 62 59 77 72 50 44 46 57
48 49 52 91 91 66 83 157 163 165 162 142 134 151 118 127 104 79 72 58 56 68 89 50 49 46 47
48 54 54 122 108 63 72 90 101 132 178 124 119 152 140 127 106 81 68 67 59 167 468 64 56 47 46
49 49 55 133 529 103 88 99 124 163 191 141 124 139 135 131 125 92 70 64 94 251 410 66 55 51 48
51 48 50 110 182 95 82 97 139 146 163 159 112 125 146 122 133 102 67 57 63 216 200 64 47 54 47
52 50 51 119 201 104 90 120 152 174 164 187 123 128 168 136 158 122 80 58 63 179 136 55 46 60 50
46 46 51 59 145 98 85 124 146 168 173 205 132 142 154 154 140 122 90 57 56 172 79 46 47 53 53
47 46 51 54 101 101 86 145 158 163 179 212 150 150 161 156 128 125 101 59 52 103 65 49 51 46 47
46 46 51 57 83 72 89 146 147 157 177 201 148 150 137 130 113 117 91 70 51 64 64 46 45 46 47
46 46 50 56 72 70 89 132 150 162 180 189 133 113 114 114 111 119 96 86 50 59 60 47 46 45 54
46 48 47 53 70 79 129 144 187 192 174 184 129 116 121 121 156 139 104 109 56 60 63 49 49 46 53
46 47 50 54 63 74 107 136 202 207 179 171 112 104 122 123 144 137 106 97 60 59 64 48 44 46 51
47 48 48 52 58 67 94 110 126 137 135 126 93 83 92 100 114 110 90 65 49 53 56 46 45 47 48
49 51 48 54 63 75 113 139 138 158 150 136 113 100 108 111 116 121 107 87 55 57 59 48 43 49 56
72 51 51 54 68 79 121 144 150 148 137 144 113 107 123 139 150 144 117 95 73 62 63 48 46 46 47
74 54 54 56 68 84 95 130 140 136 121 136 117 120 143 176 209 219 143 114 74 68 67 50 44 45 49
58 65 60 65 70 76 102 113 127 121 112 122 114 122 152 213 243 273 191 105 62 73 68 56 46 44 58
56 73 61 60 66 70 78 90 90 102 102 102 91 106 130 180 196 179 107 87 69 69 66 49 47 45 55
55 69 63 56 56 63 67 72 68 75 78 91 70 90 95 105 133 97 73 70 68 72 59 50 47 45 53
