42 43 45 42 44 49 44 43 43 43 43 43 44 43 46 47 50 49 44 42 44 42 43 43 43 43 43
43 42 47 42 43 44 44 44 40 44 48 44 42 43 44 54 55 44 45 43 44 43 42 43 43 43 44
42 43 44 44 43 44 49 44 43 44 43 44 44 42 53 119 80 50 46 39 44 48 44 43 43 42 43
41 43 48 44 44 41 45 49 44 43 44 43 44 44 52 92 115 79 45 44 44 41 44 49 43 42 44
42 43 45 46 44 42 44 49 44 42 44 43 44 44 55 74 74 89 45 44 42 43 49 44 42 43 42
42 42 44 44 44 44 42 44 49 44 43 44 44 43 50 82 53 59 47 45 44 44 44 43 43 42 43
43 45 45 42 44 44 44 44 42 44 49 44 44 44 46 95 57 48 49 49 47 44 43 42 43 43 44
43 43 47 44 43 43 44 44 44 43 44 49 45 44 51 88 101 47 47 53 47 46 44 43 43 45 44
43 42 43 45 45 46 43 46 50 47 44 46 45 60 108 75 162 68 45 44 47 42 45 49 44 44 44
45 44 43 44 45 45 47 45 47 52 48 47 50 133 169 72 108 64 56 53 56 49 45 44 46 44 44
40 44 47 45 44 45 45 45 48 45 54 55 66 110 87 48 52 47 59 44 45 48 41 43 48 44 43
43 46 45 43 45 45 46 46 47 49 89 75 88 88 63 45 45 49 51 49 44 44 47 43 45 44 42
44 45 45 45 46 47 47 52 51 52 106 178 102 75 58 51 47 46 46 45 42 44 51 44 46 44 43
44 46 43 46 51 48 50 53 54 77 109 186 84 79 97 68 66 55 53 47 47 45 45 46 44 44 44
44 47 47 48 50 51 54 58 73 108 128 107 67 94 99 95 136 135 141 103 76 69 59 52 46 52 45
44 48 52 50 51 55 59 77 130 143 139 89 55 108 95 87 135 125 127 120 90 80 59 66 65 63 47
46 46 51 56 55 63 69 120 158 145 134 65 56 88 85 93 120 128 127 106 69 53 46 48 54 56 66
47 49 49 57 57 65 92 135 168 157 115 54 62 77 90 99 111 115 110 92 71 59 45 44 46 52 57
46 49 45 52 61 64 89 137 147 115 100 52 56 70 92 84 99 88 90 88 75 83 58 52 56 65 59
45 47 47 49 53 62 94 96 101 78 65 49 51 63 79 81 95 86 80 74 63 73 56 51 53 50 53
43 50 45 48 55 78 108 79 65 71 52 49 51 54 64 74 86 79 66 62 52 51 49 47 47 48 46
44 47 46 49 62 90 104 63 52 61 48 47 50 49 62 72 66 74 63 55 49 50 46 45 44 45 46
43 46 52 51 75 102 93 69 58 64 48 47 51 51 60 60 64 66 61 56 50 49 45 49 45 45 48
44 48 49 52 71 159 107 85 69 54 50 50 51 54 57 60 59 57 55 55 49 48 49 47 44 47 47
46 56 50 58 117 137 181 108 107 60 54 56 55 60 67 59 61 59 63 57 49 47 46 43 44 49 51
48 59 53 69 126 159 156 153 140 65 63 63 61 69 74 75 67 61 67 56 49 48 44 45 46 50 46
51 61 59 93 103 153 174 124 176 73 61 68 70 63 70 71 66 61 64 63 52 48 51 45 43 46 57
52 68 69 140 138 192 244 227 178 120 72 78 85 79 88 87 83 78 83 69 56 54 48 50 46 47 46
52 76 75 150 159 197 229 197 168 132 76 77 78 79 71 76 73 68 72 60 52 52 47 45 45 50 50
50 87 65 123 119 168 177 178 136 123 87 72 72 72 64 65 64 62 65 57 50 51 44 44 49 46 45
52 63 82 118 107 141 166 195 147 131 109 81 87 85 66 69 63 62 64 62 50 57 51 45 45 45 46
74 58 78 115 98 122 182 256 197 183 148 94 108 103 76 85 64 63 63 62 50 52 51 45 44 46 45
61 71 57 87 98 111 217 271 233 211 161 117 120 98 79 76 65 64 65 62 52 47 46 50 46 46 48
56 68 60 79 92 111 236 311 208 223 143 134 122 95 78 74 63 62 64 61 53 47 47 50 46 45 46
54 65 66 81 109 127 256 278 199 220 151 190 134 107 84 72 67 65 63 60 52 49 46 45 44 46 46
59 70 76 95 151 199 316 290 226 218 162 180 126 123 96 83 73 68 72 63 59 64 48 46 44 46 53
54 64 66 88 136 208 220 200 193 155 123 122 116 118 78 77 66 67 70 62 58 63 50 44 46 48 51
53 78 70 92 173 208 172 178 183 136 115 112 99 107 79 78 66 64 65 59 60 59 48 46 49 46 46
52 67 60 73 128 133 165 156 156 122 99 108 93 88 74 65 64 63 63 60 61 55 50 44 45 48 45
51 72 61 70 99 134 168 191 145 125 95 114 87 85 74 65 63 61 62 61 61 58 49 44 45 49 47
54 85 59 72 96 134 187 247 180 129 99 104 89 79 69 68 61 60 65 66 62 55 47 44 44 45 46
50 79 58 68 81 109 128 209 137 99 101 84 88 77 63 64 58 57 63 66 55 49 47 43 44 45 46
52 79 55 63 82 135 152 176 128 86 98 81 85 73 63 62 57 56 66 60 54 47 46 44 43 44 46
55 77 54 62 73 106 137 167 108 87 94 83 77 65 60 60 57 61 66 54 48 46 48 48 46 45 46
65 91 56 55 65 84 97 100 77 85 82 74 73 63 58 62 60 60 69 52 46 45 44 44 44 46 45
138 92 59 56 66 90 93 103 75 93 78 95 74 67 64 67 63 62 75 63 54 47 45 49 42 45 45
229 148 66 58 68 81 101 120 79 97 82 90 75 69 66 64 63 64 64 57 50 54 47 49 44 49 44
202 197 85 63 72 82 105 134 88 101 107 89 87 73 67 67 70 66 60 51 49 56 46 42 44 52 45
212 311 116 73 85 100 120 156 109 126 128 95 103 76 67 70 67 64 66 51 49 49 53 51 49 46 44
136 210 179 108 91 108 125 139 116 112 123 106 113 80 67 70 75 71 69 56 47 57 50 46 48 45 49
97 201 211 175 112 137 147 157 153 124 123 136 112 88 78 78 76 74 78 57 49 51 59 46 45 48 46
150 208 300 346 241 172 192 187 193 148 135 163 123 103 91 82 78 82 86 63 51 51 61 55 46 46 56
94 162 225 301 290 255 228 211 228 163 141 174 141 111 97 82 82 84 87 69 55 65 50 52 47 46 48
91 135 183 308 325 322 287 271 256 172 157 170 133 111 95 89 89 89 84 74 62 68 51 47 47 49 49
78 107 106 257 384 467 398 352 323 206 185 168 134 114 95 96 92 83 89 92 63 66 56 48 44 50 54
74 99 102 242 424 596 461 371 255 192 165 150 126 112 104 110 96 94 97 102 65 66 60 50 47 46 49
71 93 98 226 460 521 427 337 279 166 128 117 96 94 94 100 97 97 106 101 66 68 47 50 51 48 48
63 76 78 145 285 344 316 250 199 138 99 96 78 71 66 67 64 63 68 60 55 56 49 45 46 51 46
63 86 88 142 222 252 255 221 170 128 94 91 73 66 62 62 60 58 59 60 55 53 49 46 44 45 46
111 81 76 126 178 205 206 191 148 112 94 87 66 65 61 64 60 61 61 59 52 49 47 47 45 47 46
83 76 63 89 113 126 127 120 114 98 75 77 62 63 59 63 60 64 56 59 49 46 46 46 43 45 46
63 89 66 72 92 104 107 105 101 88 85 87 63 66 63 81 78 78 68 60 57 47 46 45 42 44 47
62 90 67 72 84 82 88 97 98 92 96 95 69 68 66 84 82 88 66 56 54 47 45 45 43 44 52
65 79 65 61 71 71 76 86 78 99 101 101 73 71 65 65 67 63 60 56 53 49 43 44 44 43 48
