43 43 44 48 45 44 45 47 45 48 47 46 54 49 43 45 44 45 44 46 44 42 44 42 43 44 41
44 44 44 44 48 44 45 48 49 51 49 50 57 59 47 44 44 46 44 45 44 42 43 42 43 44 41
41 43 44 44 46 44 46 57 66 63 60 57 84 116 59 45 45 44 43 44 44 43 47 44 44 43 42
43 44 46 44 45 46 51 56 68 200 123 73 231 370 66 46 49 48 43 45 44 45 51 45 43 44 43
43 46 46 46 46 47 53 59 68 403 297 95 217 325 70 45 54 50 46 42 46 44 48 50 44 44 44
43 45 44 44 45 45 50 59 82 183 175 73 82 150 73 47 48 48 44 44 49 45 45 44 42 43 44
43 43 50 45 43 44 46 52 64 70 75 52 63 74 81 45 44 44 44 42 45 50 45 43 43 42 43
43 39 44 49 44 45 46 53 62 58 61 47 54 60 90 46 44 44 43 43 44 41 44 49 44 43 44
46 46 43 44 44 45 49 54 104 56 54 48 48 52 111 54 49 45 48 42 44 44 44 44 43 44 46
43 50 45 43 44 45 50 76 93 54 50 47 51 51 117 61 51 48 46 44 46 46 45 44 40 44 44
44 49 46 44 45 46 55 126 112 55 53 49 51 52 112 67 61 54 46 47 43 44 46 45 44 44 44
40 46 50 45 44 50 63 170 107 54 53 50 51 54 105 65 85 56 51 46 45 45 46 45 44 44 44
43 46 41 45 51 48 78 148 94 54 52 49 51 52 112 68 107 66 50 45 46 43 46 48 44 44 46
44 45 46 45 46 52 118 150 124 58 53 51 52 55 120 68 132 84 49 45 45 46 47 45 44 44 44
41 46 51 46 47 56 166 144 124 69 56 51 54 66 138 71 152 127 53 50 46 44 47 45 44 44 42
44 46 47 50 48 60 176 175 153 90 58 55 54 68 146 73 182 145 63 49 47 47 46 45 44 44 44
43 46 47 46 50 71 186 162 150 82 57 54 56 67 112 72 194 133 73 50 47 47 46 45 44 44 45
44 46 44 46 49 62 138 126 107 62 54 52 53 55 84 68 165 110 50 49 46 46 47 44 43 43 44
43 45 45 45 44 60 92 115 93 52 48 48 49 51 59 53 102 67 47 46 43 44 45 44 44 41 44
42 45 43 44 44 49 59 78 64 53 46 46 46 47 49 51 60 59 45 45 45 42 44 43 44 44 41
43 43 44 43 44 46 54 88 62 46 46 51 46 45 49 46 55 52 44 43 44 42 43 44 43 44 41
42 43 44 44 45 43 54 85 72 48 46 46 46 47 49 50 64 47 43 44 42 43 49 44 43 44 42
43 44 44 44 45 47 58 87 99 62 49 47 50 50 59 59 72 51 44 45 45 44 48 44 42 43 43
43 45 45 45 45 49 59 98 120 71 51 51 51 56 84 59 91 62 46 41 45 44 46 48 44 42 43
43 46 48 46 46 50 87 124 142 92 58 57 55 64 105 67 116 86 51 46 49 46 46 45 43 43 44
44 48 51 47 45 56 111 130 149 105 65 63 60 84 130 71 144 102 54 45 47 50 49 45 44 43 44
44 44 47 51 47 63 124 130 134 117 72 57 60 89 115 74 126 98 61 48 48 49 49 45 44 43 44
47 50 47 48 48 79 154 181 141 141 95 63 66 113 138 83 155 148 105 50 52 51 52 48 47 44 46
44 53 48 46 50 96 150 159 125 119 88 61 63 112 136 76 119 122 95 49 47 48 51 47 49 44 44
43 49 47 45 48 89 109 122 98 94 76 64 58 95 102 66 103 93 79 59 45 46 50 45 44 46 44
43 49 51 47 51 87 135 131 122 114 85 67 72 120 140 68 129 116 92 57 48 48 48 46 49 44 44
44 50 46 50 63 81 138 176 198 151 128 89 114 168 183 78 144 123 96 70 51 48 55 53 45 44 45
46 50 50 47 52 72 112 182 176 154 140 115 153 169 180 77 130 118 94 66 49 51 55 46 46 49 45
44 49 51 47 52 65 101 191 147 164 158 125 180 184 166 75 122 112 93 56 49 51 54 49 50 44 44
45 50 52 55 50 68 116 193 159 185 171 134 206 224 178 76 126 110 102 55 49 53 56 49 46 44 44
45 50 52 54 50 76 136 182 184 186 162 144 190 196 163 70 118 98 81 56 53 52 54 49 46 44 45
44 50 47 49 52 83 137 155 159 157 136 103 133 147 136 66 110 85 78 56 49 50 52 49 46 44 45
45 51 46 49 53 82 124 150 162 141 107 89 112 131 125 66 126 88 72 50 46 48 59 48 45 43 45
43 51 46 46 48 59 88 125 116 118 97 72 121 95 95 59 88 79 57 49 47 46 50 46 44 44 44
42 48 47 52 45 58 77 149 125 120 99 95 118 97 95 57 84 76 54 49 47 46 51 46 44 44 44
42 46 46 46 46 50 61 96 100 92 83 74 94 80 73 53 70 57 47 48 44 46 55 46 43 44 43
44 48 50 50 48 49 61 85 120 126 102 72 67 87 80 53 73 58 46 47 51 46 50 46 43 43 44
49 54 49 47 47 49 61 78 119 123 129 88 65 99 85 52 72 56 50 43 46 50 51 49 45 42 44
49 61 56 46 46 48 55 69 100 121 132 94 62 93 85 52 68 55 53 48 46 50 52 50 46 44 44
51 89 79 51 45 49 57 69 102 124 148 113 69 92 95 55 83 58 50 52 46 56 71 72 59 47 44
62 383 197 65 50 53 63 75 114 152 156 127 84 105 116 64 104 67 53 56 47 67 138 133 69 48 49
72 486 358 95 49 58 70 87 127 166 166 143 103 125 147 69 110 78 61 55 49 107 512 365 103 51 48
52 156 136 82 49 54 69 106 136 133 161 142 127 149 133 71 115 87 58 52 52 108 166 126 70 46 44
46 109 118 87 48 61 72 118 137 137 171 154 146 155 116 66 112 85 58 57 53 170 143 93 63 51 46
49 67 113 104 48 61 90 118 126 117 137 139 154 150 114 64 115 93 63 54 59 131 193 63 57 49 46
49 57 88 120 62 79 118 149 150 127 121 135 156 136 124 69 124 110 76 60 66 127 159 58 49 44 46
47 55 63 169 81 119 183 247 282 171 139 157 163 145 149 83 190 149 101 70 84 154 78 50 48 49 50
46 55 57 92 79 140 208 244 284 196 153 170 164 149 171 85 200 177 119 84 87 82 72 52 51 46 46
46 53 53 73 88 119 181 164 191 172 153 140 127 138 138 76 142 134 104 95 93 55 65 48 46 45 44
46 54 50 54 74 148 185 136 129 138 136 126 104 114 109 64 112 110 86 97 93 50 53 48 45 44 45
45 50 46 49 66 100 141 135 113 105 105 102 82 96 104 63 116 105 86 71 54 49 52 47 43 44 44
44 48 46 47 51 63 85 103 103 91 92 84 76 87 92 59 95 72 62 54 46 46 49 46 44 46 44
46 52 46 47 47 54 73 103 100 108 94 100 76 85 91 60 78 70 57 49 46 47 49 47 44 43 45
52 53 47 48 46 49 64 87 89 90 89 102 86 91 96 58 76 62 55 49 46 46 48 46 42 44 49
82 49 49 48 49 57 70 76 81 88 91 101 83 88 80 56 75 66 51 50 51 46 49 46 44 44 44
59 49 53 59 54 61 72 84 89 92 89 96 85 88 78 57 83 82 56 53 49 46 51 46 43 43 45
46 54 59 66 60 69 80 101 104 96 100 105 88 90 90 59 108 118 76 54 49 48 51 50 44 43 44
44 59 61 67 57 70 79 96 103 95 110 112 83 85 87 59 97 102 76 60 51 48 48 46 44 44 45
44 58 63 61 60 71 81 93 86 98 113 120 83 79 77 59 80 70 57 58 55 50 50 45 44 47 47
