46 43 44 44 44 43 43 43 44 43 44 44 43 43 44 44 40 43 48 44 44 44 44 42 43 43 44
44 43 46 44 42 43 43 43 44 41 44 49 44 42 44 43 42 43 44 46 44 45 45 42 43 43 44
46 43 43 44 44 43 44 43 41 43 47 44 43 43 43 43 44 43 43 40 43 43 44 47 43 42 43
43 44 44 43 44 43 44 41 44 47 44 43 44 44 44 44 43 42 45 43 43 43 42 43 48 43 42
44 43 46 43 44 43 44 43 43 44 44 50 45 42 43 44 43 42 46 43 44 43 43 43 47 44 42
44 42 45 43 44 43 43 44 41 44 47 44 42 43 44 44 42 43 44 44 42 43 49 43 42 43 43
43 43 40 45 49 43 43 44 42 43 45 44 44 44 44 44 42 43 44 44 43 43 47 44 42 43 43
44 44 40 44 48 44 43 43 42 43 44 43 44 48 44 43 41 42 44 43 44 41 44 47 44 42 43
42 44 49 45 43 43 44 43 44 44 44 45 45 43 44 43 43 44 43 43 44 43 44 42 44 47 44
42 43 47 44 42 43 43 44 43 43 44 46 44 43 44 42 43 43 44 42 44 42 43 44 43 43 46
43 41 44 48 44 42 44 43 43 44 43 43 46 44 44 43 43 40 44 44 45 43 44 42 43 44 42
43 42 44 48 44 42 43 44 42 44 43 43 48 43 44 43 43 42 44 43 44 44 44 43 45 44 45
43 43 44 43 44 43 43 44 46 44 42 43 44 43 44 41 42 44 44 44 44 42 43 43 44 44 45
43 43 43 44 44 42 45 44 45 44 42 43 44 43 44 41 47 44 43 44 44 42 44 43 43 45 43
42 44 44 44 44 43 47 44 42 43 43 43 44 41 45 49 44 44 46 45 45 43 44 43 42 43 43
42 44 43 43 46 43 46 44 42 43 44 43 44 40 44 49 49 49 49 44 44 45 44 42 43 43 43
41 43 44 43 44 43 44 47 43 42 44 43 44 44 43 46 67 55 50 44 44 43 44 44 43 44 43
43 43 44 41 45 49 45 44 44 43 45 46 46 46 48 47 206 105 52 44 52 44 43 43 42 43 44
42 44 44 44 43 44 48 46 44 45 44 46 48 48 48 52 103 418 96 44 45 44 42 43 44 44 44
43 43 48 42 44 45 45 46 43 46 49 46 46 48 48 48 53 278 504 54 46 44 42 43 44 43 44
42 44 45 44 43 44 44 44 44 42 45 49 46 45 46 45 59 123 300 56 46 45 44 42 43 43 45
43 44 44 42 44 44 44 45 42 45 50 46 45 46 48 52 69 155 188 49 45 42 43 48 44 43 44
42 43 44 43 45 45 45 42 46 50 46 46 48 50 57 60 92 122 134 48 45 44 40 43 49 44 43
43 43 44 44 47 46 46 47 49 51 52 54 54 61 88 79 84 95 91 48 44 43 45 44 46 44 42
44 44 47 50 61 62 64 92 95 105 122 131 123 132 107 208 107 82 86 52 45 44 47 46 43 44 44
44 49 50 60 86 108 177 170 173 180 171 171 130 129 74 77 65 56 58 46 43 44 49 44 44 44 44
45 49 47 67 138 208 183 138 180 126 106 91 70 72 59 63 48 47 49 45 45 41 44 48 44 44 44
43 54 135 173 166 216 252 197 181 104 85 78 75 72 62 69 55 53 46 44 45 44 46 42 44 49 45
57 129 182 260 182 197 181 137 103 69 68 75 67 63 60 61 53 49 48 43 44 44 44 44 42 44 49
46 59 190 135 103 99 77 63 59 57 54 68 55 52 50 52 47 46 48 42 43 44 43 44 42 44 47
55 81 158 198 232 262 263 239 225 224 234 4095 286 261 206 162 121 93 74 53 49 49 47 49 51 48 48
46 51 103 96 85 96 118 137 130 119 113 125 97 94 84 69 54 51 50 45 44 44 42 44 47 44 43
49 51 51 73 78 80 110 142 138 148 121 149 127 137 128 96 84 71 50 45 45 44 44 41 44 48 44
45 52 51 57 72 77 106 151 123 159 139 156 164 168 151 113 97 91 64 45 43 44 44 44 44 42 44
44 49 49 58 76 82 104 155 133 166 153 162 196 249 220 131 104 101 81 52 46 43 44 43 44 44 44
45 49 53 55 73 85 95 113 130 159 179 186 216 263 313 183 122 92 80 50 47 48 46 44 44 43 44
45 46 50 52 66 74 70 80 101 104 140 170 179 282 260 189 133 93 83 53 50 45 44 44 43 44 44
45 47 49 53 60 67 70 64 78 94 111 146 189 267 197 183 152 104 90 52 46 44 45 44 44 44 42
45 44 46 50 58 61 59 61 67 88 105 115 183 183 153 151 151 111 88 55 45 44 44 44 44 42 44
43 46 45 48 54 56 56 53 55 63 77 103 141 172 141 122 138 109 71 54 46 42 45 44 43 44 44
43 45 46 49 51 54 59 53 54 58 63 102 122 149 148 116 145 120 81 42 45 49 45 46 44 43 44
42 44 45 46 51 49 51 54 52 54 65 66 97 129 132 106 118 100 58 47 44 43 47 44 44 44 44
50 48 44 46 50 52 52 51 52 58 69 71 106 118 102 101 95 74 51 45 44 43 48 44 43 44 43
44 48 46 47 53 56 54 56 58 63 68 90 119 122 101 101 106 70 48 44 49 44 46 44 42 43 44
45 46 48 46 57 59 58 56 55 62 74 103 128 123 118 104 106 62 46 44 51 44 49 49 43 43 44
46 46 53 59 72 73 69 63 68 66 83 152 181 153 138 106 101 57 48 44 44 43 45 44 46 43 44
45 58 58 86 142 204 158 89 88 89 129 202 218 195 178 118 75 58 49 45 46 44 46 45 44 47 45
51 52 58 115 203 177 123 92 94 116 196 239 268 238 196 134 70 56 54 44 45 46 45 45 44 45 47
46 57 59 92 206 208 144 99 114 160 227 220 290 224 150 110 63 55 55 44 45 45 45 44 42 44 48
46 60 58 80 172 192 143 96 128 159 202 215 328 222 140 85 60 56 51 47 44 44 45 44 45 42 45
46 59 65 79 163 201 176 111 155 170 183 242 289 218 130 74 62 54 51 46 45 46 46 44 46 45 44
48 60 60 102 235 249 264 184 219 219 210 257 279 197 117 78 62 56 50 46 46 45 47 44 45 47 49
50 65 71 158 292 334 424 364 382 299 209 276 261 175 101 75 64 58 52 47 46 45 48 46 46 47 46
52 70 76 186 353 386 426 440 377 298 213 224 195 135 88 72 62 58 52 50 47 45 47 45 46 46 44
54 71 79 188 445 591 521 469 422 328 231 216 179 120 92 76 64 58 51 50 47 45 47 46 46 46 43
56 77 86 134 494 827 650 495 414 301 216 217 159 124 98 77 64 60 54 48 51 47 46 47 46 46 46
51 68 77 113 269 502 444 366 327 214 145 135 114 91 76 69 56 53 50 49 46 44 45 46 45 46 43
48 59 67 74 105 141 184 190 172 149 96 86 70 63 57 51 53 49 46 45 43 43 44 44 44 41 44
49 66 58 81 96 111 144 148 140 130 88 79 68 60 55 53 48 46 46 44 46 44 43 44 43 43 44
63 71 59 86 88 100 112 118 120 108 83 75 64 60 54 53 50 46 48 42 45 48 44 45 44 42 44
65 87 76 99 97 106 109 121 108 97 77 70 63 59 54 55 52 51 50 46 46 43 45 44 44 45 44
64 120 104 125 130 131 130 137 119 96 91 81 68 63 59 62 62 64 54 48 46 44 47 44 47 44 43
87 136 119 142 136 136 133 139 114 92 89 79 65 63 59 60 60 64 52 51 52 46 46 44 46 44 44
94 148 116 127 135 146 153 131 100 86 88 78 67 63 56 56 56 53 47 51 58 51 44 44 43 44 46
