43 43 43 45 44 43 44 43 43 49 44 43 44 44 45 46 42 43 45 44 44 43 44 43 43 44 41
43 42 47 45 44 44 41 47 49 44 43 44 44 46 50 44 48 44 48 43 42 43 44 43 43 41 44
42 44 44 44 42 44 49 46 46 45 46 47 48 51 85 62 44 52 65 40 44 49 44 43 44 43 44
42 44 44 44 42 44 50 46 50 49 53 58 62 72 77 57 54 80 61 40 44 49 44 43 44 42 43
42 43 44 44 45 42 44 51 55 53 95 139 89 64 56 66 72 77 46 46 43 44 50 44 44 44 44
47 46 44 45 46 46 48 50 56 93 619 580 156 103 79 108 85 61 56 60 52 50 49 47 47 45 44
45 51 46 45 46 46 48 54 55 91 867 590 83 65 96 120 94 82 59 62 58 53 50 49 47 45 45
44 44 44 42 45 44 47 43 50 66 99 83 62 50 59 99 107 107 75 49 52 46 45 46 44 43 44
43 43 44 43 44 44 44 45 52 66 70 58 51 46 48 61 111 134 97 52 46 46 46 43 45 47 44
48 44 44 44 44 44 45 47 45 54 59 50 49 47 45 47 64 142 84 51 46 44 45 48 45 44 44
45 44 43 44 47 46 49 45 49 53 48 47 49 47 47 49 63 172 139 73 48 47 46 45 48 44 44
44 47 45 43 45 45 46 46 49 46 48 52 48 48 48 48 69 146 188 124 52 53 47 46 46 42 44
45 40 44 49 45 45 46 44 46 46 47 47 46 49 51 50 66 132 178 146 55 49 51 46 46 44 43
43 44 41 44 47 45 48 46 46 46 49 48 48 49 46 48 51 124 139 141 74 52 53 46 45 44 42
44 48 44 44 45 43 46 46 46 47 46 49 55 49 47 48 48 113 143 141 91 62 47 46 45 41 44
44 44 47 45 46 46 45 46 47 50 55 55 53 57 51 51 51 122 165 170 114 77 50 46 46 46 44
42 45 51 45 45 46 48 48 50 70 81 88 76 81 52 61 56 127 184 185 129 99 52 48 47 44 45
44 42 45 49 47 45 47 47 58 72 71 79 71 84 53 57 55 87 161 167 123 89 50 47 46 44 42
44 42 45 49 45 45 47 51 61 65 67 70 62 69 53 52 51 56 115 123 108 75 47 46 42 44 49
44 43 46 43 44 45 47 50 62 64 67 68 59 59 47 49 49 48 67 85 84 59 47 44 44 44 41
44 42 47 43 44 44 44 49 59 65 66 65 53 50 46 47 50 46 51 60 64 64 46 44 44 41 45
42 43 44 44 43 44 53 54 55 73 66 61 51 47 46 51 46 46 46 48 63 62 54 45 44 44 43
42 43 44 45 42 46 54 52 58 64 66 58 53 46 46 53 48 46 49 48 59 65 48 49 44 42 43
43 44 44 43 45 44 49 56 59 65 65 59 52 47 47 51 50 46 48 59 70 68 46 46 44 43 44
43 44 45 44 46 45 57 59 68 69 74 73 56 51 49 55 53 50 63 98 103 88 48 44 44 44 44
44 50 46 44 46 49 59 58 70 65 70 80 69 57 51 58 57 56 80 113 121 102 50 46 46 44 44
44 50 46 44 46 49 59 59 63 68 67 66 65 65 55 65 56 71 103 126 174 148 64 47 46 44 44
48 45 47 46 47 57 64 68 74 78 79 83 76 72 67 77 80 120 154 161 199 194 101 55 49 46 45
46 50 48 44 49 51 63 69 68 73 69 71 66 74 62 76 70 104 124 119 121 124 74 59 47 45 45
48 47 49 45 46 50 59 68 60 66 61 65 60 63 58 79 73 95 107 110 95 99 66 48 47 44 45
45 46 47 59 48 50 65 65 62 71 68 75 67 79 74 100 100 121 108 134 107 115 64 52 48 43 44
46 43 48 53 51 53 63 73 75 73 75 86 70 103 106 142 112 140 127 160 122 130 71 52 52 45 43
48 48 48 51 50 49 60 76 78 74 81 82 88 118 122 178 109 141 134 141 117 117 72 53 52 45 43
48 48 54 56 53 50 63 78 66 85 80 91 100 127 147 188 108 123 141 127 147 103 65 55 52 47 46
48 50 50 51 53 54 65 74 72 91 92 97 120 181 172 148 123 132 160 140 132 97 74 56 53 50 48
47 54 60 50 48 54 64 66 88 82 92 110 108 215 131 125 126 117 126 127 99 79 65 55 51 46 59
46 46 57 68 66 73 84 89 79 77 80 93 102 145 126 116 117 104 112 113 89 69 64 52 50 45 55
49 60 64 68 74 65 78 74 68 71 67 77 92 120 127 128 130 112 112 109 86 62 58 53 53 46 46
46 47 47 72 60 69 66 76 70 73 70 74 87 104 101 135 109 104 116 120 81 61 57 52 54 49 46
46 45 47 72 67 74 72 80 75 75 67 75 88 90 92 121 88 97 96 116 68 60 55 53 50 49 46
45 45 49 61 67 76 77 89 77 81 70 70 86 84 79 98 81 85 90 105 61 57 58 61 51 53 52
44 45 45 52 67 85 74 84 81 68 81 67 77 83 72 81 73 80 81 95 56 56 58 58 51 54 50
44 46 46 50 73 88 79 89 86 69 76 70 70 82 68 78 79 75 95 84 56 53 60 62 56 72 47
44 45 46 48 57 90 86 99 81 75 76 74 69 76 69 81 77 76 93 80 58 54 64 64 93 89 43
45 49 46 45 51 84 94 96 77 73 80 78 74 74 80 97 88 83 85 77 57 61 62 120 132 77 45
47 46 46 47 58 89 86 97 95 79 78 93 90 84 104 128 117 112 106 98 62 67 64 178 225 70 45
47 46 47 47 68 82 87 97 92 79 81 102 102 106 130 136 127 125 119 103 66 68 99 181 325 57 45
48 48 47 49 56 73 84 96 85 79 91 105 123 127 139 148 141 155 156 133 67 67 123 233 245 48 45
47 48 46 47 51 70 84 90 86 89 105 99 125 132 113 148 140 152 170 132 65 66 119 251 224 51 45
47 49 46 47 49 71 79 84 85 87 104 108 133 126 108 141 148 158 173 157 73 74 150 168 151 49 44
50 48 47 47 49 77 86 87 89 95 101 125 139 120 120 150 147 162 178 197 90 103 222 163 89 51 44
50 50 48 49 49 82 105 92 95 104 100 135 141 118 125 138 130 159 180 210 108 195 233 160 63 46 45
50 50 44 50 56 81 113 96 105 103 101 141 147 125 121 140 121 160 176 212 127 204 232 139 60 46 45
51 51 49 53 50 78 107 103 97 100 102 126 122 113 110 132 131 155 158 195 160 195 201 83 57 51 45
53 50 49 49 47 57 90 99 94 97 108 118 105 101 93 126 125 143 163 187 147 168 160 63 53 46 50
51 52 49 49 50 55 76 100 88 92 105 105 98 98 100 141 121 131 156 198 156 157 130 58 52 47 50
56 60 56 57 58 63 87 105 98 94 93 99 93 96 109 132 103 123 143 178 149 125 76 56 58 46 45
92 106 85 84 85 100 95 100 88 87 81 83 78 93 109 127 104 119 128 169 118 103 65 56 57 46 44
169 153 93 91 76 88 96 93 81 77 75 73 73 96 109 116 108 130 137 153 119 114 88 56 53 50 45
220 113 71 74 64 64 71 70 66 67 67 68 68 84 101 111 118 130 149 132 110 133 80 61 53 46 45
160 87 64 66 58 59 63 63 62 61 60 63 68 89 104 128 151 172 139 125 104 118 74 65 57 46 44
82 100 71 68 57 66 67 64 62 60 62 68 69 86 115 178 191 220 171 125 105 96 74 60 56 46 45
77 100 72 69 57 62 59 64 60 58 63 68 66 86 112 192 177 186 132 106 92 98 73 56 53 46 48
77 89 67 60 56 56 56 58 54 58 64 66 63 84 96 146 155 118 91 99 87 110 74 52 50 45 47
