42 43 46 46 46 43 42 43 43 44 44 41 44 49 45 43 51 57 44 44 47 47 47 42 43 48 44
42 47 42 44 45 42 44 46 43 44 44 42 44 44 44 49 63 74 46 47 58 47 46 45 43 41 44
42 44 42 44 49 44 44 44 43 44 44 44 45 44 48 52 105 124 49 58 62 53 48 42 43 44 44
42 45 46 42 46 47 46 47 46 45 46 46 47 49 47 53 217 319 51 116 153 60 48 44 44 44 44
44 44 45 42 45 48 45 45 46 45 46 47 47 50 54 61 199 169 55 264 298 60 46 44 43 44 45
43 44 44 44 42 44 49 44 43 44 44 45 46 46 48 71 97 63 69 147 120 56 43 44 44 44 44
43 43 44 42 46 42 44 44 44 44 44 44 47 46 54 87 59 50 63 95 88 71 44 44 43 43 44
44 44 44 43 44 43 44 43 44 44 45 47 46 46 80 103 56 47 58 95 107 62 47 44 43 44 43
42 44 44 43 44 43 43 44 47 44 44 44 44 56 93 59 46 43 52 55 91 61 44 44 43 42 43
42 43 43 43 44 42 44 47 44 44 45 44 48 89 93 47 43 44 46 58 103 67 50 44 44 43 42
43 45 44 44 45 44 46 45 45 49 46 55 77 125 81 46 44 44 44 64 112 86 56 45 45 44 42
43 43 44 44 45 44 44 45 49 45 47 61 83 129 59 46 44 45 44 74 129 99 46 44 42 43 44
43 44 46 44 46 44 46 46 46 46 48 78 92 119 62 46 44 45 45 88 130 111 46 43 42 43 46
43 45 49 44 46 45 44 46 46 47 53 92 102 127 65 45 44 46 52 127 131 136 53 45 44 42 44
48 46 46 45 45 45 46 47 48 48 54 92 95 133 62 46 46 54 91 185 141 156 56 46 44 46 44
48 46 45 44 45 45 47 47 49 50 65 97 93 118 51 47 48 49 137 202 145 161 55 45 44 44 46
44 50 45 44 46 44 45 46 46 49 65 77 78 62 47 46 47 49 128 198 144 164 52 46 46 44 46
43 49 46 44 45 43 45 46 49 47 63 72 71 49 46 46 45 57 92 153 134 153 53 44 45 44 44
40 44 49 44 43 44 43 45 46 45 53 62 57 47 47 44 45 54 59 84 85 86 51 44 43 44 46
43 43 41 44 45 44 47 45 44 46 54 58 55 42 47 49 44 50 53 68 60 54 46 42 43 46 44
43 46 44 44 45 42 44 49 45 45 69 63 56 45 43 45 46 50 52 59 47 45 45 43 44 45 46
42 45 46 44 46 44 43 45 45 53 86 66 61 52 46 44 48 45 54 71 48 44 43 42 43 46 43
44 46 46 44 46 49 47 47 51 86 120 81 69 49 52 49 45 48 57 67 49 48 44 43 43 43 44
45 47 47 47 47 50 49 50 78 129 144 96 79 54 54 56 48 57 81 70 59 52 43 43 42 44 44
46 51 49 48 48 49 56 61 121 148 162 113 98 52 52 68 59 81 106 95 64 50 45 44 44 44 41
48 51 50 51 50 50 50 78 141 134 151 106 95 57 53 70 95 101 124 108 76 48 45 44 44 42 44
47 54 49 50 50 50 57 91 113 138 112 92 85 55 53 77 102 110 117 114 91 49 44 44 44 44 44
50 59 62 52 53 55 87 140 130 170 142 117 110 67 63 109 148 160 172 141 110 55 45 44 44 43 44
49 64 66 51 54 52 98 143 131 137 127 89 85 67 65 94 120 122 121 101 76 47 49 44 44 44 43
50 103 52 51 53 57 107 124 105 136 111 84 80 64 69 100 103 105 85 82 59 47 49 44 43 44 43
50 94 56 52 54 67 99 117 137 129 129 95 92 86 127 117 130 133 93 84 68 52 45 44 43 44 44
52 69 59 55 56 62 100 137 170 154 149 129 127 145 192 149 170 114 93 89 68 55 45 44 43 44 45
56 64 62 54 57 59 79 147 158 168 167 159 157 189 176 142 151 105 100 80 61 60 46 45 44 43 45
54 59 62 55 58 59 79 152 132 164 176 171 169 200 170 143 123 99 95 69 55 63 47 45 44 43 45
59 66 58 56 57 64 89 154 143 181 174 178 174 212 179 151 121 95 98 65 54 66 74 57 43 45 47
55 74 61 56 60 70 112 152 161 179 149 153 151 173 168 129 106 83 81 59 52 59 49 50 49 44 45
63 87 70 54 59 70 106 130 159 128 131 128 127 137 168 110 100 76 67 57 49 56 46 44 44 47 45
56 114 99 55 56 62 90 115 121 98 89 110 109 120 138 109 97 70 62 52 47 55 50 45 44 44 43
60 115 90 55 60 57 78 114 95 94 94 105 105 112 104 96 78 67 54 52 50 48 45 48 46 45 44
65 145 107 52 58 58 74 88 83 78 70 92 92 107 101 86 66 54 51 51 50 46 45 61 44 44 44
63 192 126 54 60 63 76 97 112 71 60 69 72 78 74 62 51 50 51 54 52 44 44 46 44 44 41
80 225 124 58 63 63 76 140 122 95 63 76 73 77 73 60 52 51 53 58 54 55 46 44 43 43 44
120 255 144 63 63 78 124 122 140 96 63 83 80 82 68 54 53 53 57 70 57 49 44 45 48 44 43
85 159 76 56 60 87 117 165 145 106 72 101 99 77 60 52 53 53 64 73 50 45 52 44 43 44 43
126 165 91 62 67 103 142 177 157 108 88 111 110 82 62 51 60 61 73 73 48 46 46 44 44 44 44
160 161 111 73 99 122 169 206 174 115 105 132 131 95 67 56 64 82 88 65 51 51 46 46 43 44 45
159 152 77 93 148 156 184 195 154 118 135 136 136 94 69 62 90 114 108 53 51 52 45 48 44 43 44
169 137 110 137 159 182 175 188 150 118 147 131 130 102 66 61 86 157 120 57 50 48 45 45 44 44 44
132 155 121 146 196 200 166 180 166 127 160 120 120 93 64 60 73 77 66 53 50 49 49 46 44 44 44
151 218 167 217 296 198 153 154 146 125 139 119 117 99 67 63 85 72 60 50 51 47 46 49 45 45 45
159 205 184 226 284 213 189 159 153 131 125 139 137 102 66 74 85 66 57 54 53 47 45 45 45 46 46
164 240 241 280 280 219 232 169 153 153 147 211 204 114 75 89 79 62 60 54 52 53 50 45 45 44 46
105 180 188 238 200 201 222 170 166 163 152 203 202 120 80 89 69 59 59 55 52 52 46 45 45 44 45
73 92 150 154 132 164 178 138 141 147 130 143 141 99 78 79 58 53 58 50 49 47 46 45 45 44 46
56 65 67 92 142 135 107 116 129 124 109 117 111 92 77 67 52 51 55 48 48 46 42 45 49 44 43
49 55 52 53 67 82 67 90 95 92 102 89 89 74 68 51 50 49 47 51 44 45 45 42 44 48 44
49 52 53 56 57 86 68 78 78 77 70 68 72 61 52 48 46 46 46 46 42 44 49 44 43 44 42
52 62 62 71 80 114 89 93 78 74 71 61 62 54 51 50 45 47 46 46 46 42 44 48 43 44 43
63 98 67 78 83 97 86 81 73 63 63 56 56 53 52 50 45 46 46 45 45 42 44 48 44 43 44
169 101 92 105 104 99 108 87 75 63 61 56 57 56 51 49 50 49 48 48 46 46 44 43 44 44 42
120 135 133 152 126 135 116 95 76 67 60 59 59 55 52 56 53 53 50 46 46 46 46 44 42 44 48
95 177 164 171 169 150 130 109 82 68 60 63 66 57 55 61 61 69 58 50 47 44 44 44 45 43 45
127 187 169 188 147 141 118 100 78 64 64 62 63 56 55 58 62 65 54 49 49 45 44 44 49 44 45
133 184 148 153 129 148 118 90 73 62 63 61 61 56 53 51 59 55 51 49 49 46 45 44 44 46 48
