43 44 44 45 44 43 44 41 44 49 47 47 46 43 44 44 42 42 44 41 44 48 44 42 43 42 44
44 38 44 50 44 42 44 43 44 52 58 54 46 44 45 44 42 46 46 45 44 41 43 43 42 44 41
42 43 44 45 45 43 46 49 49 74 102 120 53 47 45 45 44 42 44 44 45 43 46 43 44 43 42
43 43 45 44 44 46 46 48 57 56 95 200 83 52 48 47 48 47 46 44 44 44 43 43 46 44 44
43 44 44 44 45 45 45 46 63 65 60 91 121 91 64 60 55 46 46 44 46 43 43 46 43 44 44
46 46 46 46 45 46 49 49 54 85 95 103 105 208 145 184 151 54 49 46 44 44 49 44 43 43 43
44 47 53 51 47 49 51 54 57 90 154 295 71 98 145 324 491 74 53 50 46 49 45 44 44 43 45
43 40 46 51 47 47 49 49 56 105 95 198 60 136 91 88 162 65 53 56 45 44 44 46 44 43 45
49 44 44 44 44 46 47 49 67 94 65 58 55 66 71 61 62 54 53 44 44 44 43 44 44 44 46
44 50 46 45 46 46 50 54 99 99 57 49 53 56 53 53 48 49 46 47 42 43 44 44 43 43 41
43 50 46 44 46 46 55 66 93 83 50 46 48 50 48 47 47 47 46 48 42 43 45 43 43 43 44
41 46 52 47 47 51 66 122 116 89 49 47 47 51 49 45 46 45 44 46 45 44 45 42 44 44 44
44 47 45 49 50 58 92 151 128 72 50 47 48 45 47 51 44 45 44 44 45 44 46 43 45 46 44
44 52 50 50 52 56 121 170 133 65 51 48 47 48 45 46 45 44 45 44 44 44 43 44 41 44 49
44 47 49 51 55 67 153 142 109 58 50 48 48 44 46 51 45 45 45 46 45 42 43 43 44 44 41
44 46 52 57 56 109 172 159 125 57 53 50 46 49 52 47 44 45 47 45 46 44 42 45 43 44 44
45 50 53 55 64 148 191 159 118 58 53 50 50 51 46 48 45 48 50 45 45 44 43 43 43 43 44
44 50 51 55 70 155 163 135 98 57 52 50 49 46 50 52 44 45 45 46 45 46 45 42 43 43 44
43 47 51 52 66 116 139 116 77 54 48 48 47 47 48 44 49 46 45 44 43 43 44 43 44 41 44
43 47 49 49 55 109 117 83 56 56 48 46 46 45 46 46 44 48 44 45 44 43 44 43 43 46 42
44 44 47 45 49 80 76 58 48 47 46 49 45 43 45 44 43 48 44 44 44 42 44 44 43 44 41
42 43 45 45 50 59 59 52 45 46 45 44 44 45 45 45 44 43 41 43 43 43 50 43 43 44 42
43 42 44 45 50 64 54 50 50 48 45 46 45 46 45 47 43 43 40 44 45 43 47 44 42 43 43
43 43 44 46 48 74 60 52 54 51 46 47 45 45 48 43 45 43 44 40 44 42 43 47 44 42 43
42 46 46 49 52 89 85 66 63 59 53 51 46 48 53 50 46 45 46 44 47 44 42 43 43 43 44
45 49 55 54 57 106 119 99 85 65 65 61 49 63 57 83 47 46 46 43 45 48 44 42 43 43 44
45 46 54 60 71 107 143 110 99 77 64 58 54 66 83 71 60 57 48 45 45 42 45 48 44 43 44
50 56 61 78 96 123 184 169 153 143 117 67 62 67 82 92 82 80 79 55 46 46 48 44 46 44 45
47 61 61 87 117 133 165 167 138 136 123 69 56 76 70 79 70 69 64 60 52 47 44 45 40 44 47
46 59 65 86 92 126 122 132 109 132 90 64 55 72 65 68 61 59 59 62 49 46 45 43 44 46 44
45 57 74 75 90 110 127 149 141 154 127 106 68 92 75 78 66 68 60 63 54 49 45 44 46 44 43
48 60 61 76 92 100 130 184 191 209 161 136 100 130 101 105 72 72 63 62 59 54 46 49 45 44 44
50 64 66 69 76 91 128 192 207 219 183 187 151 125 114 104 78 73 63 64 56 60 48 44 45 45 45
49 60 76 69 75 89 146 194 191 211 168 206 158 138 139 115 76 77 68 59 60 62 46 45 49 44 44
50 60 66 73 74 94 144 210 180 206 176 211 173 165 145 125 84 83 81 65 59 64 50 44 44 46 45
49 66 69 70 80 124 190 223 202 200 186 213 165 168 130 102 84 69 70 59 56 60 50 44 45 45 45
49 66 66 73 80 133 205 198 180 159 153 160 117 164 97 94 80 63 61 62 54 56 47 43 44 45 45
48 62 65 70 70 123 171 177 167 161 143 164 120 137 93 92 76 62 61 56 51 52 47 45 44 43 45
48 65 64 68 70 92 144 197 157 194 170 148 129 136 93 72 71 72 63 59 52 50 46 44 44 44 44
50 61 64 64 64 81 129 185 116 198 127 140 123 112 88 73 63 59 57 51 58 63 52 46 44 43 45
50 62 62 62 61 73 88 149 149 211 166 150 97 102 74 62 61 56 55 54 53 50 46 44 42 44 49
48 63 60 64 63 74 89 129 169 192 140 99 84 88 65 60 55 56 50 54 50 48 52 44 43 44 43
64 63 63 62 62 78 103 137 179 141 142 79 74 78 63 60 57 54 54 54 53 44 47 49 44 43 44
72 99 63 59 60 72 99 138 139 135 107 72 69 66 58 59 55 54 60 55 53 49 44 44 43 44 44
115 164 69 62 58 70 94 133 131 103 102 69 69 67 62 60 60 56 55 54 49 49 45 43 44 43 44
113 200 94 71 66 81 117 156 164 158 99 78 74 78 76 70 65 58 60 63 53 47 46 43 44 44 44
65 189 100 71 69 86 141 171 182 181 106 77 76 80 77 74 68 62 66 59 63 50 43 44 49 44 44
55 133 168 85 76 110 163 212 183 169 131 79 82 95 85 74 70 64 67 59 59 52 42 44 51 44 44
58 140 156 102 84 134 169 249 203 183 141 82 98 99 74 79 69 64 63 62 60 53 46 42 45 49 45
61 179 157 133 84 136 161 210 210 173 130 91 108 100 74 76 70 69 66 63 60 52 44 44 46 42 45
63 142 177 141 96 167 187 232 255 184 123 102 92 94 80 78 74 69 64 65 56 46 46 48 46 45 45
62 180 329 266 125 218 273 247 259 220 132 103 85 92 80 77 70 71 67 60 51 50 47 42 46 49 45
62 137 256 289 142 244 317 271 257 208 134 96 77 85 82 75 70 67 58 52 50 49 44 45 49 45 44
58 150 259 312 171 269 316 250 231 201 132 88 74 74 69 63 58 55 58 52 49 48 46 45 46 46 44
68 124 240 325 315 396 341 269 242 219 155 89 74 74 66 64 55 58 54 52 50 49 46 45 46 46 46
62 115 226 328 427 541 389 287 228 205 145 89 72 77 67 66 61 58 54 58 51 51 46 46 47 46 45
64 115 187 317 443 493 408 274 211 174 123 86 71 77 66 64 62 57 54 52 49 50 46 45 46 47 46
66 118 156 268 345 370 352 268 198 177 112 89 67 69 63 63 57 59 53 52 49 47 46 45 46 45 45
70 116 159 223 252 273 279 244 197 162 115 92 66 66 63 62 57 57 52 49 50 46 45 45 45 45 47
137 108 135 194 222 219 243 219 180 141 105 88 65 67 61 63 57 53 53 50 48 49 48 45 44 45 44
93 102 103 147 148 157 159 158 138 117 91 85 61 64 58 60 57 57 50 52 52 47 46 45 43 44 44
72 99 94 119 125 129 149 139 122 110 103 91 63 63 61 72 66 63 56 47 48 50 44 45 47 43 45
65 104 92 103 114 120 141 143 140 118 119 108 64 65 63 70 67 67 59 53 50 46 43 43 45 44 46
59 103 91 92 105 127 148 154 128 126 130 119 66 66 61 62 63 55 51 58 53 50 44 42 44 44 46
