44 43 44 45 42 43 48 43 43 44 42 43 44 43 44 44 40 43 48 43 44 43 42 42 43 44 45
43 43 44 40 44 48 43 44 43 42 43 44 43 43 43 44 42 42 43 44 41 43 48 43 43 44 44
44 48 44 43 44 42 43 43 43 44 42 44 47 44 42 43 39 43 43 45 42 42 44 43 44 42 46
44 43 44 48 44 42 43 42 43 44 44 44 46 43 44 44 43 43 43 48 42 42 44 43 44 48 48
42 43 48 44 42 43 42 43 44 43 44 46 44 44 44 42 42 42 44 43 44 42 43 45 43 47 54
43 44 44 46 44 43 44 44 42 43 44 43 44 47 44 44 41 43 43 44 45 43 45 46 46 57 84
43 43 44 44 44 44 44 46 44 42 44 43 44 44 41 44 43 44 46 46 47 48 48 49 59 132 204
44 43 44 43 44 44 44 43 43 49 44 42 44 43 44 44 44 43 46 46 47 47 48 52 127 141 69
43 43 44 45 44 45 45 42 43 43 44 43 42 43 49 44 43 45 46 48 51 49 51 88 192 104 58
42 44 44 44 44 43 47 44 43 44 44 44 44 44 44 44 44 46 53 48 48 48 73 94 144 85 50
42 43 41 43 49 43 43 44 42 43 44 43 44 44 44 45 44 45 47 52 48 47 66 81 117 78 48
42 43 44 43 44 47 44 44 44 42 43 44 44 43 44 42 50 48 49 52 53 52 69 96 349 121 67
42 46 42 43 45 43 44 41 44 48 44 42 44 43 44 44 45 52 49 50 52 49 53 62 221 199 72
43 43 47 42 43 43 43 44 41 44 49 44 42 43 44 43 44 42 47 54 49 48 50 64 93 151 111
42 43 44 43 45 42 44 48 43 42 44 43 44 44 42 44 44 45 45 51 50 51 59 55 81 164 238
43 42 44 44 45 44 42 44 48 44 43 43 44 43 44 42 44 46 48 49 52 51 49 54 78 185 268
44 42 44 44 45 44 42 44 48 44 43 43 44 43 44 42 47 47 50 47 52 50 55 58 59 155 302
43 43 43 43 44 44 44 41 43 49 44 42 44 43 44 45 45 46 51 50 51 51 54 50 56 142 266
42 44 43 43 44 43 44 41 44 48 44 42 44 43 44 44 45 45 48 46 50 54 51 50 54 122 218
43 39 44 49 44 42 44 42 43 44 44 44 45 44 44 44 43 45 47 48 49 48 51 50 53 98 200
43 45 44 44 44 42 43 43 44 44 41 44 48 44 42 43 43 45 46 47 50 48 52 49 50 83 204
43 45 45 42 44 43 43 44 41 44 48 43 43 43 43 43 45 45 45 50 46 47 50 50 50 67 215
43 44 46 42 43 43 44 44 42 44 49 44 43 43 43 43 45 44 45 50 44 44 47 44 49 59 114
46 43 46 43 42 43 43 43 44 42 44 48 44 42 44 42 44 42 44 43 44 43 45 46 47 46 59
44 43 45 43 47 43 42 43 43 44 44 42 44 48 44 42 41 42 44 43 46 42 47 51 46 45 57
43 41 44 42 44 47 44 44 43 42 43 43 44 43 42 44 44 42 44 43 45 45 47 46 50 46 64
43 43 45 43 43 43 44 45 44 44 44 42 44 44 43 44 44 43 45 46 47 47 53 52 59 63 101
44 42 44 47 44 44 44 42 43 44 43 44 42 44 47 44 46 49 54 53 55 55 68 69 96 125 168
42 44 44 43 44 44 44 44 44 42 44 44 43 44 47 45 46 49 56 55 54 57 75 99 100 113 127
42 44 42 44 49 44 43 44 43 43 44 43 44 46 44 44 46 50 54 62 59 63 99 97 99 114 138
43 44 44 41 44 43 44 44 44 44 43 43 44 44 44 44 55 57 63 68 80 108 131 131 131 150 180
43 46 43 44 45 44 44 42 44 49 44 43 44 43 45 47 56 71 83 104 130 147 176 170 165 174 216
44 44 47 43 44 44 44 44 45 44 44 44 44 43 45 47 58 80 107 123 138 175 197 183 179 184 220
44 44 46 43 45 44 44 44 42 44 49 44 44 44 45 49 64 93 119 140 169 220 232 230 176 179 235
44 44 45 45 45 45 43 45 49 45 45 45 45 45 46 52 70 105 140 180 217 285 360 237 196 170 242
44 44 45 45 45 45 44 45 46 45 44 44 45 45 46 49 76 106 130 161 203 255 299 227 169 166 204
43 44 44 44 45 44 45 42 44 47 45 43 45 44 46 55 80 93 113 153 168 162 218 197 147 131 169
44 45 44 44 45 44 45 43 44 46 44 43 44 44 46 50 72 99 116 135 146 145 207 307 128 120 114
44 42 45 47 45 43 44 44 44 44 44 45 48 45 46 51 74 96 129 155 146 167 234 427 135 110 113
44 44 45 46 44 43 44 43 44 44 42 44 49 44 45 49 69 89 110 123 141 154 208 276 115 90 90
43 47 45 43 44 43 44 44 43 44 47 44 44 44 44 47 67 84 98 131 117 118 136 137 79 78 83
43 44 44 41 45 49 44 43 43 43 44 44 44 44 47 47 56 67 74 101 99 99 108 119 70 71 64
43 44 44 44 42 44 49 44 43 44 43 44 44 44 45 49 68 82 91 112 100 124 166 137 75 75 66
45 44 46 44 43 43 44 46 44 42 44 48 45 44 45 48 63 96 100 137 130 146 203 135 95 79 67
43 44 45 44 44 45 45 46 44 43 44 44 44 44 43 50 68 118 123 152 160 164 176 153 91 80 71
43 42 45 42 45 49 44 44 44 43 44 44 44 45 50 53 78 138 161 210 241 225 185 142 100 99 82
45 43 46 49 45 44 45 43 44 45 44 44 45 45 48 55 92 140 190 238 278 244 196 116 104 153 133
44 46 46 44 45 48 45 44 44 44 45 45 43 46 52 56 108 162 215 281 291 248 207 121 129 252 219
45 46 46 46 48 45 44 45 44 45 46 44 45 50 48 56 110 153 213 286 281 241 202 140 185 703 216
45 46 46 46 43 45 49 45 44 45 45 45 45 44 48 61 117 158 200 290 312 221 188 174 259 729 148
45 46 46 45 46 48 45 44 44 44 45 45 43 46 52 57 111 160 193 281 292 196 255 231 279 310 116
45 46 50 45 45 45 46 45 45 48 46 45 45 45 47 58 107 160 197 264 249 228 384 267 258 163 106
46 46 50 44 45 46 45 46 48 45 45 45 44 46 48 59 114 171 194 239 265 276 407 320 263 167 102
47 47 46 45 45 46 45 45 44 44 45 44 45 46 47 58 111 159 167 190 291 284 311 234 147 131 89
46 46 46 46 43 45 50 45 44 44 44 44 45 45 47 60 115 154 161 210 264 261 242 192 97 106 79
44 52 45 45 46 45 45 49 45 44 45 44 45 45 48 57 138 170 192 274 250 260 246 146 96 102 79
44 46 45 45 45 43 44 50 44 43 44 43 45 46 47 58 128 182 191 276 238 204 201 113 84 95 74
46 50 46 44 45 44 44 44 44 45 43 45 44 46 51 71 132 204 217 266 202 170 158 106 78 90 69
46 46 46 46 46 44 44 46 45 45 45 45 46 52 61 95 158 239 302 323 259 239 194 142 90 104 80
54 47 47 46 46 45 46 46 44 45 49 46 44 51 75 106 180 289 394 337 284 296 208 165 105 116 88
50 48 47 46 46 46 46 48 46 46 47 46 44 51 65 118 212 357 364 290 250 294 211 176 110 115 85
51 54 51 50 46 47 47 50 46 44 46 49 45 51 66 151 237 365 384 241 224 222 189 166 102 103 79
55 64 55 53 46 48 47 50 46 46 47 51 45 51 61 145 181 262 225 174 171 179 157 148 88 85 69
59 62 56 48 48 54 47 47 46 45 46 50 45 54 62 90 130 143 125 140 148 173 141 127 78 76 66
