43 42 47 47 44 44 43 44 47 44 43 43 43 44 44 45 43 44 42 44 48 44 46 43 42 42 44
43 45 51 48 46 44 43 43 43 44 44 40 44 44 44 44 42 42 44 43 44 45 44 45 44 42 44
45 46 67 55 47 46 46 44 44 42 44 48 44 43 44 43 43 42 44 42 44 42 43 44 41 43 48
46 49 92 101 59 52 53 47 45 45 43 44 49 46 43 43 43 39 44 43 45 42 43 42 43 44 42
45 49 56 82 83 78 66 52 46 46 42 44 49 44 43 43 39 43 43 44 42 43 43 43 43 41 44
53 57 63 76 116 218 371 86 57 52 49 45 46 49 44 43 42 44 44 44 44 42 44 44 41 44 48
57 62 63 71 132 199 544 132 61 56 50 47 46 43 44 47 42 44 43 44 45 44 44 41 44 48 44
50 54 54 67 223 88 113 72 51 46 46 44 44 43 43 44 42 44 44 44 44 43 43 43 44 41 44
48 52 51 95 142 108 61 59 49 46 46 44 44 46 44 43 42 42 43 48 45 42 43 42 44 44 43
46 49 53 80 117 71 57 50 47 44 45 44 44 43 45 43 42 43 38 43 49 43 43 43 44 43 44
50 53 65 132 153 77 57 52 49 46 46 45 43 43 47 44 42 43 43 43 50 44 43 43 42 43 44
52 56 94 138 169 72 60 54 49 48 45 45 45 43 44 46 40 43 49 43 43 43 42 43 44 44 44
55 59 150 153 145 62 56 55 51 48 48 45 43 44 44 43 41 43 48 44 43 43 42 43 44 44 44
55 63 166 127 107 55 54 52 50 46 46 47 45 42 44 43 42 41 44 48 44 43 44 42 44 44 43
54 84 147 116 98 54 52 52 52 47 46 45 43 43 45 43 44 43 44 42 44 48 44 45 43 42 43
55 96 176 123 98 54 55 56 50 48 46 44 44 44 44 43 43 42 43 46 44 43 46 43 44 43 42
60 121 199 127 104 59 57 55 52 53 47 45 45 42 44 44 43 43 43 47 42 43 48 43 44 44 42
61 111 147 105 81 57 54 53 53 48 46 45 44 43 44 43 46 43 44 43 44 42 44 46 43 44 44
57 94 124 95 69 57 52 51 48 47 50 44 44 43 43 44 42 44 41 44 48 43 44 43 42 43 44
48 66 96 70 51 53 46 47 46 45 45 41 44 48 46 42 42 43 45 40 44 46 44 44 44 42 43
44 45 56 51 46 51 45 45 44 44 44 44 44 41 43 47 42 44 44 41 44 47 44 44 43 42 45
49 57 62 48 46 47 46 45 46 42 44 48 44 42 43 42 44 44 45 41 43 43 43 44 40 43 50
46 53 76 56 50 52 48 46 46 46 46 44 44 43 44 42 43 43 44 41 43 43 43 44 42 43 48
45 54 63 55 55 49 51 48 47 46 44 44 48 44 42 43 39 43 44 46 42 42 43 43 44 41 44
55 86 148 95 73 72 63 60 55 49 48 44 45 43 44 44 43 42 43 44 44 43 44 44 46 44 42
66 91 180 131 126 104 81 70 62 56 50 47 46 42 44 49 42 43 42 43 45 44 44 42 43 47 44
74 111 165 193 127 141 108 79 68 58 54 55 46 43 45 43 44 44 45 44 43 44 44 43 44 43 44
98 135 211 217 163 170 151 131 79 67 60 54 49 49 45 43 45 44 44 49 45 44 45 45 44 44 43
130 154 241 242 200 200 182 158 87 77 65 56 46 45 49 44 43 45 42 45 45 49 46 42 44 49 45
92 173 221 192 172 163 158 147 102 84 66 51 48 45 44 44 44 43 48 43 45 45 42 44 49 45 44
105 211 248 245 192 181 172 193 144 167 84 57 49 45 44 45 43 45 45 45 45 44 45 44 44 45 42
108 175 287 237 184 192 195 243 247 195 147 77 54 47 46 45 48 45 45 45 44 45 45 44 45 42 45
108 174 207 189 180 153 209 243 228 199 165 124 69 47 45 45 45 48 45 46 45 44 45 45 45 45 45
117 150 281 213 170 140 213 275 214 218 149 169 69 46 45 45 44 48 45 46 45 43 45 44 45 45 42
108 135 161 234 172 164 271 290 229 229 173 148 87 51 45 46 45 45 43 44 43 45 50 44 45 45 46
127 155 184 295 273 295 375 339 275 242 188 151 116 55 46 46 44 45 43 45 44 46 50 46 45 45 44
130 150 222 274 357 345 326 356 263 196 170 107 82 47 46 45 47 46 46 43 46 44 46 49 45 45 45
157 176 251 345 479 374 349 380 293 200 151 105 64 48 47 46 45 46 43 46 50 46 46 45 45 45 46
122 142 158 246 302 259 358 314 260 201 140 82 59 50 46 44 45 45 46 42 46 50 46 45 45 44 45
104 121 129 170 204 258 368 271 279 237 133 73 54 47 46 46 44 45 45 42 45 49 46 44 44 44 45
105 127 123 131 154 243 310 291 251 179 99 63 51 46 45 44 44 44 47 42 44 45 45 45 42 45 49
90 116 111 128 150 218 200 252 230 175 87 61 50 46 46 43 44 44 46 42 44 44 44 46 48 44 46
88 104 102 121 155 210 211 254 223 148 90 56 51 46 44 44 45 44 44 47 43 44 45 44 45 46 44
89 100 104 120 151 239 225 267 189 135 75 55 51 46 44 44 43 44 44 44 43 44 48 44 44 44 43
94 101 100 136 180 233 215 202 157 110 64 54 50 43 45 48 43 44 44 44 46 44 45 45 44 46 44
116 121 120 172 239 231 238 232 202 109 67 57 50 45 45 42 43 44 44 44 45 42 45 47 45 45 44
149 140 131 176 248 272 273 252 207 112 68 55 51 50 45 43 46 45 44 47 45 44 45 44 44 45 42
169 175 139 189 229 289 286 288 176 97 71 59 48 45 45 45 43 45 45 46 45 44 45 44 46 45 43
236 197 159 215 282 329 287 327 186 101 72 60 49 46 49 45 44 46 45 45 48 46 44 45 47 46 46
282 277 197 273 303 307 258 252 164 95 71 59 51 43 46 49 45 45 45 46 46 46 49 45 45 45 45
352 375 266 329 325 310 287 236 154 98 73 61 52 44 46 49 49 46 46 46 46 46 46 45 46 44 46
521 631 511 516 424 374 345 248 165 122 86 68 55 46 47 46 46 47 47 47 48 49 47 46 46 46 50
486 514 453 455 367 319 280 199 138 109 77 63 53 46 46 46 46 51 46 46 46 47 47 46 46 46 49
480 493 418 406 347 253 202 163 121 94 72 60 52 47 44 46 44 47 44 46 47 49 47 45 46 46 46
494 533 425 378 363 276 182 162 122 93 72 60 51 46 44 46 45 46 44 46 46 49 54 45 45 46 46
466 533 420 361 351 264 170 155 121 92 71 60 51 46 46 44 47 46 47 44 47 45 49 45 46 46 46
432 424 335 315 274 189 143 131 104 80 64 56 49 46 46 43 45 46 44 46 49 47 46 45 44 45 46
423 379 278 251 207 166 130 116 90 73 61 57 48 46 46 44 44 45 45 43 46 50 46 45 44 44 45
284 285 216 193 161 126 103 95 75 64 56 50 47 47 45 45 44 44 45 43 46 50 45 43 44 43 44
332 233 189 165 140 115 104 92 74 64 55 51 46 43 44 44 44 45 48 42 44 52 45 44 44 44 47
223 211 165 145 119 100 87 82 70 59 53 54 46 43 44 43 44 44 47 44 45 47 46 44 49 44 45
191 205 166 134 113 102 89 82 66 60 58 50 46 45 45 45 49 51 43 49 44 46 49 42 45 48 44
212 212 169 137 119 96 87 80 69 60 52 50 51 46 46 46 48 54 48 48 45 54 51 44 47 45 43
206 189 145 118 108 90 81 74 63 57 56 50 46 45 46 47 46 47 46 49 54 61 48 48 44 46 46
