44 48 44 43 44 42 43 44 43 44 44 43 46 44 43 43 43 42 43 44 44 43 42 43 47 44 42
43 44 40 44 42 43 43 44 43 45 46 43 43 45 45 43 47 43 44 43 42 43 43 43 44 40 43
42 43 44 44 42 43 48 44 43 46 44 43 44 46 46 45 43 42 44 38 43 48 43 43 43 42 43
42 43 43 43 45 42 44 47 45 51 50 44 44 52 52 43 43 42 43 42 44 46 44 42 42 42 43
42 43 45 44 46 43 46 51 49 81 82 47 50 168 105 48 45 45 41 44 43 44 49 44 42 43 43
44 44 46 50 52 52 53 61 71 305 392 75 96 615 221 61 58 56 51 50 48 51 49 43 44 45 43
42 48 45 44 49 47 50 55 58 168 310 78 76 255 135 57 54 50 46 45 50 48 46 44 42 43 44
43 43 49 44 44 46 47 56 65 92 71 50 53 68 83 71 51 45 44 44 42 44 49 43 42 43 43
43 42 43 43 45 54 46 52 84 93 59 47 48 58 83 96 52 46 46 44 44 44 44 44 43 45 44
47 44 43 44 45 47 48 56 82 107 56 47 49 51 80 120 50 46 46 44 44 45 44 40 43 46 44
46 44 43 44 45 49 49 69 97 77 49 46 48 46 76 120 59 46 51 42 44 46 44 44 45 44 45
43 48 45 43 46 46 52 110 105 64 48 46 50 48 75 108 88 47 46 44 45 45 45 44 43 43 44
43 39 44 49 46 48 64 121 99 61 47 47 49 48 76 95 104 51 46 45 42 45 50 43 43 43 42
43 43 40 45 51 50 84 132 110 61 48 47 49 47 70 96 109 71 47 45 45 46 45 44 43 43 46
43 49 45 44 48 51 114 128 112 58 49 49 53 51 90 116 137 104 51 47 44 46 46 43 44 42 44
41 44 50 46 51 55 166 154 143 70 54 49 56 58 119 148 186 149 56 49 47 48 46 44 44 44 44
42 45 51 46 50 73 196 165 148 87 56 53 57 59 122 164 205 193 58 49 47 48 46 44 43 44 43
44 43 46 51 52 86 187 167 154 92 57 56 57 60 134 174 223 200 58 51 49 50 46 44 44 44 45
44 45 46 44 50 83 174 164 134 79 54 53 55 56 96 140 184 136 54 46 47 49 47 44 41 44 47
44 44 47 46 48 72 149 138 102 60 49 49 51 52 63 96 112 96 49 46 44 46 46 44 44 41 44
42 44 44 44 46 54 84 89 63 52 52 46 46 46 51 67 80 68 45 44 44 44 44 43 43 42 45
42 44 44 44 43 48 86 86 63 52 46 46 48 47 54 80 80 62 46 39 45 50 44 42 43 42 43
42 43 44 44 45 46 62 81 62 50 45 45 47 48 51 63 80 53 45 45 44 45 44 42 42 43 43
42 43 44 44 46 47 71 100 63 48 49 46 49 50 47 74 82 51 42 44 46 44 47 44 42 43 43
43 43 44 45 47 50 130 119 85 53 54 47 52 51 63 86 100 72 48 48 46 45 45 43 43 44 41
43 47 46 44 47 54 97 118 92 59 60 50 53 54 77 105 95 86 51 46 48 47 44 43 43 43 44
43 44 49 46 46 71 105 96 83 62 52 50 54 55 80 112 97 83 64 48 47 47 44 43 43 44 44
44 43 46 46 53 109 153 135 121 84 62 56 66 72 120 164 151 119 88 48 47 47 48 47 44 44 44
46 45 44 46 55 115 163 135 127 91 59 56 70 80 105 148 121 113 83 49 48 49 48 48 44 43 44
42 44 46 47 61 97 106 109 90 85 56 50 63 69 84 99 91 90 84 55 46 49 43 44 48 44 43
44 46 49 54 70 93 108 119 87 88 63 53 75 77 95 102 104 108 86 63 48 46 47 49 44 43 44
44 42 47 55 63 78 103 131 116 107 65 58 108 113 131 138 126 120 85 75 46 51 53 44 43 44 44
44 47 44 52 67 68 103 138 138 111 76 63 135 146 134 137 113 119 96 73 53 56 47 44 48 44 43
45 48 48 52 65 66 112 149 145 136 84 77 182 184 138 142 114 112 100 67 56 69 63 52 45 44 44
43 52 78 54 65 78 140 174 154 161 115 102 264 213 159 150 122 120 106 77 52 70 100 69 44 44 45
46 59 64 65 87 124 153 202 159 174 160 130 298 200 160 138 129 106 93 66 52 64 83 50 45 45 47
46 55 69 61 73 110 123 163 140 145 147 99 256 177 129 120 106 94 85 60 51 61 73 45 44 45 45
48 46 61 67 86 131 138 159 155 143 133 122 229 158 127 118 118 95 84 60 51 63 72 46 44 45 46
48 51 53 60 75 128 142 165 161 160 144 128 172 145 123 110 115 92 75 57 51 62 55 44 45 44 44
46 59 63 72 72 97 149 164 172 185 117 116 160 130 122 109 110 98 78 56 51 66 63 44 45 46 45
45 52 107 65 81 92 142 181 192 148 111 102 125 126 102 104 95 87 68 49 51 73 60 44 44 44 45
48 48 67 96 62 64 99 166 157 119 110 88 116 144 88 84 86 74 58 55 51 90 62 43 43 45 45
59 46 59 94 68 81 92 142 126 111 105 82 100 159 80 80 82 72 56 53 65 119 96 45 43 44 44
49 46 54 97 91 68 68 97 98 110 101 78 75 87 71 75 77 69 57 50 69 120 86 45 44 44 43
45 46 51 119 118 75 64 102 100 112 134 91 74 98 77 86 89 73 59 52 80 150 111 45 44 44 45
45 45 50 148 149 81 61 81 117 114 107 95 92 104 92 102 94 72 63 52 97 198 124 44 44 44 45
44 45 47 131 179 101 61 71 105 119 117 103 84 131 109 104 96 70 59 56 128 224 170 53 45 44 45
46 54 51 84 254 116 68 76 97 121 138 103 99 137 127 129 102 78 65 58 148 315 196 49 45 44 45
44 47 49 80 301 121 69 80 114 142 156 108 108 126 120 127 111 87 65 55 115 213 162 48 47 46 44
45 45 51 76 144 120 68 82 110 124 163 121 106 116 138 122 127 102 68 53 105 145 88 50 46 52 44
45 46 48 71 139 117 71 98 123 124 146 152 125 116 145 133 132 121 81 54 98 113 87 46 44 56 45
45 46 45 58 140 114 74 124 136 138 147 178 134 140 132 132 122 129 103 58 82 142 61 45 43 46 45
46 47 48 55 125 114 90 160 171 161 137 184 148 145 135 144 130 141 125 77 69 124 60 48 44 45 45
45 47 53 54 121 96 113 183 182 164 150 170 141 136 127 135 142 152 124 111 63 104 57 45 45 44 45
47 48 52 57 109 103 170 204 234 206 169 169 131 115 118 136 191 189 127 134 67 84 63 46 44 46 49
47 51 51 63 115 111 198 215 257 216 171 155 133 113 129 149 183 160 125 137 84 74 60 45 44 45 44
46 51 49 61 72 112 191 175 187 170 152 142 117 107 131 145 137 130 113 116 70 63 52 46 47 46 46
48 47 49 53 76 118 163 149 150 133 129 140 101 101 128 128 133 121 93 86 60 58 52 44 43 45 48
54 49 50 60 73 119 155 166 154 134 129 138 113 120 144 130 121 115 112 88 62 60 53 44 44 48 45
89 52 50 63 74 101 148 165 157 140 134 144 121 122 135 146 139 125 114 104 69 72 54 45 44 46 45
73 56 51 63 72 82 116 140 138 127 116 127 131 134 135 166 172 170 126 94 69 62 57 43 44 46 46
50 71 65 67 72 87 120 128 129 117 117 127 132 126 143 198 198 217 160 93 68 64 61 45 43 45 47
51 81 67 70 76 76 93 119 116 113 122 132 112 116 131 174 167 171 109 76 66 64 54 45 44 45 46
65 86 66 63 70 77 80 93 85 101 110 132 94 113 108 113 128 99 78 70 68 70 50 45 44 44 49
