45 46 55 66 105 100 59 83 76 48 45 45 43 48 48 43 42 42 43 43 44 43 41 43 48 43 43
49 56 66 63 154 281 82 396 177 56 54 50 46 46 46 45 45 43 43 44 43 44 44 42 45 48 44
50 56 58 66 157 202 75 387 162 51 50 47 44 46 48 44 43 44 48 43 43 43 43 43 44 42 44
44 47 51 52 92 84 59 90 73 53 45 42 44 47 44 43 42 43 44 48 44 42 43 42 43 44 42
44 47 50 50 108 64 56 58 85 53 44 44 44 42 44 47 42 43 43 47 44 42 43 42 43 44 42
44 46 49 64 128 57 51 50 64 68 45 45 43 44 48 43 43 46 44 42 44 42 43 43 43 44 45
46 49 56 109 84 47 47 48 67 58 46 44 44 43 44 43 42 46 43 42 44 42 43 44 42 43 47
45 48 61 120 59 46 46 49 74 76 50 44 43 44 44 44 42 43 47 43 43 43 42 43 43 43 44
46 50 78 119 51 46 46 50 78 105 49 45 45 44 44 43 42 44 38 46 49 43 43 43 42 43 44
46 56 104 105 48 47 53 51 71 108 56 45 45 44 45 45 43 43 43 39 45 47 44 44 43 42 44
49 81 140 128 62 47 53 63 81 123 74 46 45 44 45 44 46 44 45 44 44 44 44 42 43 46 44
53 138 149 132 63 54 54 70 99 142 106 47 46 45 44 44 43 42 44 45 44 46 44 42 43 43 44
58 173 180 152 77 58 56 81 110 122 122 53 51 46 45 44 43 44 44 43 45 47 44 45 44 42 44
63 169 199 136 80 55 59 94 135 129 109 56 50 46 44 44 43 44 41 44 48 43 44 44 42 43 44
61 136 181 120 70 64 56 78 120 114 120 51 46 45 44 44 45 43 43 47 44 43 44 44 43 43 43
53 95 150 96 54 57 54 67 99 109 96 51 43 45 49 44 43 43 43 43 46 43 43 43 42 43 44
51 70 136 72 50 51 59 53 70 84 68 48 46 42 45 49 42 42 44 40 44 43 44 43 43 41 44
54 55 81 52 46 47 55 49 59 76 58 50 44 42 44 44 45 44 45 41 44 44 43 44 40 43 47
47 59 82 52 48 48 48 55 66 97 51 46 49 44 43 44 43 42 43 43 44 44 40 43 43 44 44
46 50 72 50 49 52 50 52 66 84 50 45 44 44 47 44 42 42 43 43 44 44 41 43 48 43 43
52 75 127 76 50 53 55 56 71 93 59 48 46 44 46 46 43 44 42 43 44 43 44 40 43 48 43
54 95 123 66 54 58 51 59 88 108 68 48 43 45 49 44 43 43 47 43 43 43 43 43 44 41 44
98 142 202 105 65 65 59 78 117 147 119 57 49 51 46 44 44 43 45 48 44 42 44 42 44 44 41
87 141 169 118 69 62 68 93 152 175 149 74 49 44 46 50 45 44 43 46 44 43 43 43 43 44 41
146 266 292 159 102 78 87 127 193 180 174 107 50 50 53 46 44 46 45 43 44 43 44 44 44 45 48
120 175 244 153 96 72 92 126 156 147 152 111 58 47 47 45 44 45 44 42 44 43 44 44 41 44 48
117 171 202 139 89 67 78 110 122 132 116 100 62 49 46 45 43 44 42 44 48 43 45 44 42 44 44
151 212 209 194 90 99 96 147 149 152 150 148 83 52 47 46 44 43 42 45 43 45 43 44 43 45 45
186 257 257 257 128 128 113 157 147 167 138 133 87 54 49 50 46 44 45 41 45 42 45 47 44 45 44
148 238 263 208 115 118 132 150 135 139 120 101 79 62 49 45 44 44 44 41 45 47 44 43 44 43 44
150 228 300 253 145 159 162 172 153 148 140 111 78 54 48 50 44 42 45 48 45 44 45 43 44 44 44
148 246 313 210 128 136 164 182 178 161 130 121 75 53 56 88 45 44 45 47 44 43 44 43 44 45 42
135 230 197 143 104 99 147 166 148 148 119 112 68 51 49 76 51 45 42 44 49 44 44 44 42 44 44
170 289 292 195 114 95 155 170 143 147 119 108 64 55 49 60 45 44 44 44 42 44 48 44 44 44 43
96 134 144 147 113 88 145 179 132 132 108 107 65 51 48 47 46 44 44 44 44 44 45 43 44 46 44
107 133 152 132 152 127 156 165 148 141 120 108 56 48 48 45 44 44 44 44 45 43 44 40 44 44 44
90 111 141 121 129 148 98 108 104 91 88 65 50 46 47 45 44 42 46 41 44 44 44 44 43 44 46
92 163 168 191 188 142 129 139 124 108 100 64 53 50 48 46 44 43 44 44 45 44 46 43 44 44 44
62 82 93 124 105 97 91 88 78 74 63 51 46 48 54 46 43 43 44 44 42 43 48 44 44 43 42
64 98 120 126 91 70 92 106 92 88 66 51 48 51 54 52 42 43 43 44 44 44 44 44 43 44 46
66 113 177 121 119 74 100 124 106 93 64 54 52 60 58 48 43 43 46 43 43 43 44 44 44 41 44
61 117 114 115 113 71 94 131 104 77 60 49 48 69 61 47 43 43 44 46 44 42 43 43 44 44 44
61 99 106 122 129 81 104 141 116 81 63 50 50 74 64 45 43 44 43 46 44 42 44 43 43 44 42
70 103 121 147 146 99 120 174 135 97 68 56 56 84 77 46 44 45 44 42 44 43 44 44 42 44 48
83 121 146 153 160 104 126 168 137 108 72 56 57 78 75 50 44 44 44 42 44 43 44 44 42 44 48
127 160 167 192 198 123 142 180 164 116 81 61 63 78 81 49 48 44 46 44 43 44 44 44 44 41 45
135 176 163 194 212 149 163 179 145 126 94 61 62 81 64 49 44 44 43 44 47 44 44 44 43 44 44
170 192 173 188 193 173 159 180 144 124 104 66 64 77 69 51 44 45 44 41 45 47 45 43 44 43 44
201 190 165 172 194 174 150 177 159 135 120 67 65 79 63 45 43 44 44 43 45 46 45 43 44 44 44
295 465 238 201 200 168 166 183 175 170 151 96 75 91 64 48 45 44 46 43 42 45 49 44 44 44 44
400 685 326 242 222 190 193 209 220 229 189 146 89 93 67 51 47 48 46 47 46 44 46 44 46 46 43
362 460 343 286 230 172 203 202 208 213 180 157 121 95 60 50 46 46 45 45 48 45 45 45 44 46 46
204 255 223 215 169 156 213 200 177 159 135 149 119 84 56 47 43 46 46 44 47 44 44 44 43 45 45
103 145 130 157 144 129 164 160 129 124 112 108 95 60 48 46 48 44 44 43 44 44 45 46 44 45 44
78 106 87 117 110 114 145 127 114 106 106 83 59 52 46 45 45 44 45 41 45 41 46 48 44 43 44
62 70 63 68 71 103 120 100 82 76 62 57 49 45 45 44 43 44 48 42 44 44 42 44 48 43 43
55 62 58 57 68 87 91 74 64 58 56 49 45 45 44 44 43 43 42 43 45 40 44 47 44 43 43
54 62 63 72 78 97 86 73 63 54 51 49 47 46 46 44 42 43 44 44 41 43 48 44 43 43 42
61 79 63 76 85 93 85 74 62 56 51 49 47 46 45 46 43 44 44 43 44 44 41 44 48 43 43
120 98 83 95 98 103 116 100 78 66 59 52 50 47 45 45 43 44 45 43 43 44 44 43 44 42 44
97 112 115 122 120 133 118 115 88 76 64 57 49 53 48 47 46 44 43 44 44 44 44 43 43 43 44
86 138 132 140 147 149 148 136 98 82 72 64 51 55 52 56 56 57 46 45 45 43 44 43 46 44 44
102 133 122 144 132 137 138 120 100 77 76 65 52 54 54 54 54 60 48 43 44 43 44 43 45 44 44
101 121 113 113 114 137 128 110 87 71 71 63 51 53 49 50 49 46 46 44 45 44 43 44 47 44 45
