43 43 47 46 44 43 44 43 44 44 50 46 43 44 43 44 43 43 42 43 48 44 44 43 42 43 44
42 43 50 46 43 43 43 43 44 44 46 50 46 44 44 42 44 43 44 40 43 48 44 42 43 42 43
47 43 43 44 44 43 44 43 44 45 49 57 48 45 43 44 46 43 43 40 44 41 44 48 43 42 43
43 44 43 44 45 44 45 42 45 52 57 161 74 53 49 49 45 42 47 43 44 43 42 43 48 44 43
42 45 44 43 45 44 44 45 44 46 54 95 134 111 55 52 46 44 46 43 44 44 41 43 49 44 42
43 44 44 42 44 44 44 44 42 45 52 54 74 113 109 100 55 44 45 44 42 43 47 43 44 43 42
43 44 40 44 50 44 45 44 43 45 47 51 54 72 104 209 93 44 45 44 44 44 42 43 48 44 43
42 42 39 44 50 45 44 44 42 44 47 50 55 110 85 106 56 44 44 43 44 41 43 47 44 43 44
41 43 48 44 45 44 44 44 44 46 48 53 75 148 96 54 46 45 45 44 47 44 42 48 42 43 43
40 43 49 44 44 44 43 44 44 45 47 50 75 143 62 46 46 44 45 45 44 42 43 43 43 44 41
43 42 44 47 46 46 45 43 44 47 50 56 100 168 92 49 45 44 46 44 45 44 45 39 43 47 44
41 43 43 44 46 45 46 44 45 50 54 68 129 126 91 49 46 45 46 44 44 46 44 42 43 43 44
44 40 44 47 47 46 46 44 45 49 57 115 153 134 63 50 46 47 46 44 42 44 43 43 44 44 41
43 44 45 44 47 47 48 46 48 50 64 134 140 142 57 49 50 46 44 44 43 43 44 43 43 45 44
42 44 44 44 46 46 50 45 44 49 83 111 116 123 54 55 46 48 45 42 44 46 45 42 43 44 43
42 44 44 44 45 47 52 46 45 58 111 130 104 124 56 55 46 45 45 39 45 49 44 42 44 43 43
42 43 44 44 48 45 48 52 49 72 136 126 116 115 57 51 47 47 43 45 42 43 48 44 43 44 43
43 44 43 44 49 49 49 46 50 97 142 124 106 114 58 52 47 46 42 44 46 47 46 44 42 43 43
43 43 44 45 48 48 47 47 51 87 136 117 96 85 54 49 46 46 46 44 47 44 42 43 42 44 44
43 43 45 45 47 47 47 46 47 77 122 108 96 67 50 50 45 46 47 44 46 43 42 43 43 44 44
42 43 48 45 44 46 46 45 46 66 106 94 70 56 49 48 44 44 44 43 44 46 44 43 43 43 44
46 43 42 44 46 46 47 46 47 82 123 71 58 52 47 49 46 43 45 40 44 42 43 48 44 42 43
42 44 43 44 47 48 48 44 49 110 117 91 60 54 50 50 45 44 46 43 44 43 41 43 49 43 43
43 44 44 43 47 48 49 47 50 108 125 93 73 53 54 50 45 43 47 44 44 43 41 44 48 44 43
43 44 44 43 47 49 49 48 45 87 137 110 97 63 57 55 46 46 45 44 42 43 49 44 42 43 42
43 44 40 45 55 51 50 49 52 87 149 148 122 101 66 64 51 47 47 45 43 44 48 44 43 43 44
43 44 40 45 56 52 50 49 62 94 121 147 142 134 83 70 51 49 47 46 45 42 44 49 44 43 44
41 45 50 48 56 58 56 54 83 138 146 213 206 204 145 117 60 58 51 48 46 44 45 44 44 46 44
42 46 50 47 53 56 54 52 82 125 142 169 168 186 159 136 66 56 51 48 46 43 44 45 44 44 44
43 42 45 51 52 52 52 48 66 97 114 140 130 154 125 131 66 50 50 48 46 42 44 46 44 45 44
51 59 60 76 149 168 159 132 155 264 360 4095 450 465 317 282 174 124 95 76 56 52 50 50 49 48 50
42 45 46 48 55 56 55 52 61 118 126 185 168 232 216 223 146 113 67 50 46 43 44 44 44 44 49
44 46 44 47 54 57 59 52 56 102 134 164 188 255 270 243 173 140 98 60 46 45 45 44 44 49 45
44 48 44 47 58 57 57 56 56 109 138 174 207 270 307 249 184 168 133 75 50 45 45 44 44 43 45
44 46 44 48 63 61 58 54 56 99 133 206 248 314 343 229 168 166 141 114 57 47 45 44 44 44 44
44 46 46 47 60 63 59 55 59 88 143 230 241 353 255 174 170 133 111 103 58 47 47 45 44 44 44
44 45 46 45 57 62 57 52 56 72 117 184 199 332 241 177 137 113 112 95 58 46 46 45 43 44 44
44 44 46 48 54 56 56 50 55 65 104 154 199 290 202 165 150 120 113 80 53 45 43 45 44 44 44
43 44 47 45 55 57 55 52 52 64 99 167 237 235 182 165 136 110 109 71 52 45 44 44 44 44 44
44 44 47 46 53 55 53 50 53 59 74 140 258 176 159 157 140 99 78 66 49 46 46 44 43 44 44
43 44 45 44 50 52 50 49 49 57 72 110 162 148 146 108 100 78 60 47 46 47 44 51 44 42 44
42 44 44 46 50 50 50 47 50 58 70 94 131 162 121 132 114 83 53 52 45 44 42 46 47 44 42
44 44 45 46 50 50 49 48 50 55 72 98 130 139 106 114 82 55 51 46 46 44 43 44 46 44 43
44 43 45 45 51 53 52 52 50 59 85 124 135 129 101 97 71 52 49 47 45 46 48 45 42 43 43
44 43 42 47 55 56 56 54 52 67 93 144 141 119 108 89 61 51 48 47 46 46 48 51 43 43 43
45 46 46 54 72 66 60 55 56 73 109 161 161 126 100 78 56 50 50 46 46 43 46 49 48 44 44
43 50 59 81 169 179 120 71 73 91 132 170 179 146 112 72 55 55 48 47 46 46 45 42 44 50 45
51 49 51 110 264 170 103 76 83 110 176 202 222 171 122 75 60 54 53 46 45 45 45 45 42 44 49
46 55 62 77 205 218 134 86 108 149 202 191 242 166 100 72 59 55 54 46 46 45 45 45 42 45 48
46 53 52 68 138 169 134 80 121 149 179 180 252 166 92 68 55 54 51 48 44 44 45 45 44 42 45
45 55 55 63 127 176 165 103 156 160 178 193 207 140 85 65 56 51 50 47 45 46 46 44 49 45 45
47 52 51 72 168 216 240 170 200 195 190 208 181 129 77 68 56 52 49 47 46 45 46 42 44 49 50
49 62 55 82 206 281 364 317 310 255 185 202 158 108 71 64 56 52 53 48 45 45 46 45 46 42 46
49 61 59 90 255 320 360 373 325 268 182 168 119 90 67 62 54 52 49 52 46 45 46 44 45 45 45
51 63 64 93 309 471 451 433 386 280 202 153 119 88 69 62 54 53 48 48 47 48 46 46 45 44 45
53 68 62 84 316 657 606 453 369 258 180 142 110 88 71 62 54 52 50 48 52 46 46 46 44 45 46
49 60 66 80 171 454 434 361 310 200 119 100 87 72 60 56 48 50 53 48 46 45 46 46 45 44 42
48 62 59 68 87 134 174 173 162 135 85 74 61 55 51 48 46 46 49 45 44 43 44 44 44 41 44
50 66 57 72 82 98 125 143 127 106 76 69 58 53 51 49 46 44 46 49 48 43 45 44 43 43 44
71 69 56 74 76 97 106 113 100 95 74 65 58 54 50 50 48 47 48 42 45 48 44 45 44 42 43
63 87 67 88 95 120 129 133 110 95 72 64 58 56 51 53 52 50 49 46 45 44 45 44 46 44 44
67 112 87 102 127 141 149 152 117 95 81 72 63 57 55 57 58 65 58 49 46 45 47 45 46 44 43
77 123 99 124 128 141 144 150 122 94 82 71 60 59 56 56 58 62 54 52 54 48 47 45 43 44 44
80 122 101 106 134 153 163 142 104 83 84 72 59 59 59 53 54 52 47 52 60 52 46 44 42 44 47
