42 43 45 45 44 44 44 43 44 44 44 47 47 52 52 44 43 53 44 43 45 43 44 44 42 43 44
41 43 48 44 42 43 43 43 44 43 44 53 49 57 54 46 43 46 43 43 45 42 44 46 43 44 44
47 43 44 44 42 43 44 43 46 42 46 50 56 85 144 52 49 44 48 42 44 44 44 44 41 44 48
44 47 45 45 45 43 44 45 45 46 45 51 68 163 366 71 48 47 48 47 48 49 47 44 43 45 42
42 47 44 44 45 42 44 47 48 50 54 62 83 95 69 47 40 44 44 44 43 44 44 43 44 42 43
42 43 46 44 46 45 52 46 53 102 169 133 81 62 55 46 45 45 44 45 47 45 45 44 41 44 46
43 45 41 43 46 44 49 46 64 251 187 140 71 49 57 55 53 47 45 46 47 46 46 44 44 46 44
42 45 44 44 46 43 44 54 52 74 60 53 49 63 67 63 98 46 46 44 45 45 45 44 44 44 44
42 44 45 43 47 44 43 46 47 50 49 45 52 61 134 64 92 56 50 51 47 44 45 45 45 44 42
43 43 44 42 44 49 44 45 44 45 46 45 44 47 71 65 74 71 64 47 50 46 43 44 44 44 44
42 43 44 43 44 42 48 49 44 44 45 44 45 47 48 49 71 104 69 49 49 46 44 44 43 44 44
43 45 44 45 44 44 55 45 43 45 45 45 47 45 49 53 76 131 141 76 50 49 46 45 46 43 44
45 45 45 47 45 48 48 47 46 46 52 46 47 48 50 48 73 118 171 129 56 52 48 46 47 44 45
44 44 43 44 44 44 45 46 46 48 46 46 46 46 48 48 58 102 122 123 65 52 48 46 45 45 43
43 44 46 44 46 44 45 47 51 45 45 47 46 47 50 52 59 104 127 127 84 64 50 46 45 44 44
43 45 45 44 45 42 45 51 47 46 48 52 52 58 53 54 51 95 138 157 116 82 57 48 46 46 43
46 46 45 45 45 44 46 46 47 51 55 62 62 67 63 53 54 80 144 183 138 107 60 49 47 46 43
47 45 48 45 45 46 46 48 53 58 70 69 63 72 74 56 65 77 179 222 157 122 60 51 48 49 45
51 46 44 46 45 46 48 50 57 66 66 67 66 68 73 52 54 63 111 157 164 126 56 49 46 46 45
43 46 45 47 47 45 46 51 55 68 70 66 66 71 71 48 50 53 69 86 96 105 51 49 46 44 44
44 43 44 45 45 47 46 49 52 70 68 74 64 64 63 52 46 49 54 56 61 78 53 46 44 43 44
47 45 47 44 44 44 46 53 53 69 69 76 65 62 55 47 47 49 50 49 66 78 65 48 42 45 50
45 46 50 47 45 45 47 51 55 66 69 74 72 62 53 49 47 49 54 52 63 108 81 50 45 45 46
46 56 49 43 46 45 46 52 63 69 68 69 62 59 49 48 45 51 50 60 68 104 70 48 46 43 44
46 46 54 46 46 48 49 52 69 68 68 73 60 62 52 48 49 53 54 76 94 114 68 50 44 46 48
46 47 44 46 45 48 55 54 65 68 63 72 63 62 58 59 52 57 65 101 112 108 78 59 48 51 47
46 50 46 47 46 43 51 56 61 62 60 62 60 64 58 59 57 64 90 135 165 146 110 88 50 46 45
50 51 48 48 50 48 52 61 66 70 69 76 71 80 73 74 66 89 142 179 202 208 160 122 56 54 46
49 48 48 45 47 51 51 62 64 63 64 63 63 73 72 80 66 91 115 132 124 138 109 93 52 49 45
46 50 50 44 46 50 49 58 57 60 55 61 58 68 72 76 72 97 100 108 108 104 86 68 49 47 46
47 48 46 47 44 47 60 58 58 66 60 68 66 84 85 91 90 129 114 126 108 111 101 68 52 49 46
51 49 48 48 46 47 49 67 67 68 63 78 71 98 105 85 122 150 137 149 111 124 106 73 54 49 46
53 54 46 46 46 47 54 57 67 70 69 77 83 101 110 84 109 154 133 138 120 119 109 68 55 51 46
46 54 49 49 46 46 54 64 62 67 73 81 85 110 114 90 107 127 148 122 118 116 113 63 56 51 43
50 51 48 47 48 48 60 62 70 75 73 74 92 129 137 98 113 113 159 143 118 133 192 88 57 54 45
52 53 52 50 48 53 56 56 71 75 71 82 84 117 111 86 110 103 124 144 100 121 158 65 57 54 46
50 49 61 59 60 66 65 66 73 68 67 69 73 99 93 83 104 94 105 116 96 100 79 62 52 51 50
54 66 59 66 80 63 66 65 63 62 64 64 68 81 89 92 97 93 89 98 109 86 68 55 51 56 98
56 55 61 71 62 66 61 68 64 63 62 62 69 84 90 117 86 96 91 92 87 71 64 56 54 50 85
57 56 56 81 65 71 61 71 64 66 62 64 76 82 86 107 77 93 82 97 77 75 61 58 52 49 51
59 61 55 73 68 73 63 85 68 64 64 67 81 78 80 88 73 83 80 84 72 64 58 59 49 50 50
50 55 50 62 70 71 64 78 71 63 71 64 76 87 80 78 67 77 92 83 66 63 59 59 52 48 46
48 52 48 51 61 74 74 75 74 67 75 71 70 90 78 78 70 82 87 87 64 61 63 55 50 50 47
44 48 51 49 52 73 74 78 67 66 67 73 69 79 70 75 65 76 82 89 69 63 65 57 56 55 48
46 52 42 45 51 60 75 75 66 61 66 69 72 66 72 87 64 71 78 82 72 64 65 63 73 95 58
52 48 46 47 48 57 68 80 69 63 63 71 74 73 87 92 83 94 82 89 76 74 72 90 228 189 61
51 52 52 47 51 53 56 70 70 64 66 70 80 94 98 104 83 107 93 97 79 82 95 151 384 293 48
50 49 48 47 47 51 52 65 66 62 65 72 79 99 103 117 96 102 103 86 82 82 113 149 336 225 46
57 51 48 52 48 49 53 64 67 67 72 74 86 96 92 117 98 110 114 95 93 126 212 427 351 149 45
52 51 48 49 48 50 54 60 64 67 74 77 93 101 95 116 115 124 119 102 110 178 252 284 242 270 47
53 53 46 49 53 50 51 57 65 70 72 87 98 100 107 121 121 143 116 111 170 267 317 190 153 114 47
56 55 46 49 52 50 51 57 72 72 76 94 105 112 114 126 110 152 112 146 261 362 360 164 87 68 48
57 59 49 50 51 51 54 60 76 77 76 99 116 114 124 129 136 154 134 217 291 322 341 114 71 64 51
58 57 51 51 50 51 55 61 71 77 75 96 105 115 113 125 136 142 179 254 291 281 245 78 67 60 47
59 56 51 53 50 58 54 62 63 74 75 95 99 113 102 117 158 178 190 264 268 214 110 68 61 56 46
60 57 51 52 51 52 54 61 65 69 77 89 97 103 114 130 207 201 196 292 241 174 92 70 63 56 47
64 62 55 53 57 56 56 76 91 86 84 92 95 108 132 140 188 220 216 298 220 122 88 67 63 57 47
107 119 79 80 74 83 82 88 81 80 77 93 88 104 134 130 179 223 210 282 159 113 86 64 63 56 48
180 150 92 80 73 78 81 89 81 80 78 84 88 121 142 143 169 238 253 277 162 136 109 71 64 59 47
222 106 71 67 59 59 61 65 67 67 68 74 78 100 120 141 160 206 239 219 156 146 99 79 66 58 47
164 91 63 63 54 58 59 62 62 59 61 72 72 89 112 152 177 234 194 167 130 137 104 86 65 57 46
92 104 73 64 57 58 62 63 58 62 64 65 65 79 107 169 196 254 191 154 129 134 102 73 66 61 47
93 108 73 65 54 56 56 59 57 57 54 62 64 72 90 163 160 186 130 125 114 135 104 66 57 53 46
86 96 60 59 58 53 52 54 51 53 56 58 57 68 72 110 126 123 95 106 111 132 101 67 54 50 47
