42 43 47 45 45 43 42 43 43 44 44 41 44 49 46 44 41 42 44 42 44 43 44 46 43 42 43
43 43 44 46 44 42 44 43 43 44 42 44 49 44 46 44 42 43 43 43 45 43 46 43 42 42 43
43 46 44 43 44 44 46 47 49 48 50 45 47 56 77 49 48 45 45 47 45 43 43 44 43 43 48
45 47 46 45 51 52 57 60 67 118 66 56 59 102 449 74 62 58 52 51 45 49 49 44 44 48 45
46 46 48 48 51 53 59 63 81 502 190 69 66 102 437 62 65 58 55 49 47 52 49 44 45 43 45
46 44 46 46 46 48 51 58 72 346 238 61 56 60 89 50 57 51 49 48 46 46 48 48 44 44 44
42 42 44 43 45 50 47 56 69 68 61 46 46 48 56 49 62 46 47 44 44 44 45 43 43 48 44
42 41 44 42 46 52 52 59 69 54 51 48 46 50 57 54 84 48 46 44 44 46 42 43 48 44 43
43 41 44 49 46 46 51 77 83 53 47 46 49 48 51 56 76 50 55 46 43 45 44 43 44 44 44
43 42 45 49 46 47 55 114 84 50 47 47 52 49 50 56 92 50 48 45 44 45 44 43 44 43 44
43 44 42 46 53 51 91 163 90 51 49 48 50 53 53 56 126 71 49 52 46 45 46 43 44 44 44
43 43 46 46 46 56 145 180 96 53 49 49 52 51 55 58 134 100 51 46 44 46 47 44 44 45 44
44 48 44 46 49 58 137 160 82 56 51 48 51 54 56 54 138 140 67 46 46 46 46 47 44 44 44
44 47 46 46 52 75 166 146 90 56 52 51 54 52 63 64 146 161 84 48 46 56 49 46 44 42 44
49 47 47 47 56 110 189 152 112 58 56 60 57 59 82 67 186 202 118 48 46 50 49 46 42 44 50
45 48 47 50 60 155 215 177 147 71 59 57 61 63 101 77 206 204 113 52 53 57 52 47 43 44 45
44 46 47 49 61 213 242 179 153 68 59 59 62 64 86 73 232 251 127 48 48 57 52 46 45 43 44
45 50 46 46 54 157 205 152 101 62 58 55 56 58 65 63 183 200 88 54 47 56 50 45 44 43 44
42 49 46 45 51 103 132 102 62 51 48 46 49 50 51 50 97 92 60 51 47 46 47 42 43 44 44
43 46 48 50 47 92 118 86 58 48 48 47 48 53 50 46 99 76 52 50 46 45 46 42 43 44 44
43 44 44 50 52 66 86 100 55 49 45 47 52 49 51 47 107 86 51 45 49 46 46 45 42 43 46
44 47 48 44 55 73 111 95 59 52 55 50 51 51 62 56 107 116 63 47 45 48 49 44 45 46 42
44 43 49 49 51 97 142 106 78 58 54 52 52 55 76 60 137 96 74 48 46 50 48 44 46 46 44
49 45 46 47 68 146 144 127 93 65 56 57 57 59 101 67 128 113 93 52 46 49 52 46 44 42 44
50 47 48 50 73 149 252 211 143 82 64 67 66 73 150 74 175 153 121 55 50 52 56 51 45 45 45
47 46 49 49 91 201 198 206 191 106 71 68 72 107 214 89 209 173 136 69 50 58 58 45 46 48 46
46 44 48 52 95 204 198 185 165 110 68 67 70 121 174 84 188 147 126 78 51 58 56 46 47 46 44
51 54 51 58 124 209 270 242 212 153 82 76 97 160 201 100 238 221 177 115 54 63 62 47 45 46 44
48 56 50 56 136 187 235 202 181 135 74 71 96 156 174 84 159 176 139 95 51 62 71 63 45 44 46
65 54 50 53 110 130 162 144 120 114 68 65 100 115 119 72 129 131 114 85 53 57 65 64 45 46 45
53 54 72 70 108 118 148 171 137 139 82 83 144 138 145 79 155 153 113 98 72 62 59 49 52 49 45
47 56 59 65 80 114 145 217 204 163 101 99 171 174 190 91 182 159 127 108 68 63 62 56 48 46 46
51 54 55 57 72 86 134 201 180 167 108 118 207 227 206 82 160 151 129 91 67 65 63 62 45 45 50
95 51 63 62 78 90 141 190 194 184 132 174 305 260 192 87 159 144 122 78 65 78 95 70 46 47 46
62 63 60 62 80 89 177 213 200 196 152 191 332 320 203 83 151 144 119 68 67 150 159 56 45 46 47
52 76 77 68 78 111 187 210 172 190 174 183 256 262 174 76 146 122 104 61 61 158 190 57 51 52 46
51 56 69 56 89 118 124 152 148 145 142 114 198 215 126 64 110 94 85 53 52 72 69 61 52 45 47
51 53 78 55 81 127 132 156 148 135 109 95 186 160 118 62 111 93 89 61 53 62 77 47 45 46 46
50 58 75 71 85 105 123 186 135 124 108 86 131 130 100 58 101 77 75 68 56 72 93 45 44 45 45
48 69 110 98 72 95 121 132 139 131 85 82 111 105 94 57 98 85 69 59 64 72 75 46 43 44 46
59 54 104 89 76 84 136 179 169 127 94 93 94 102 89 59 95 85 63 58 50 92 92 49 49 50 49
48 64 65 90 61 67 93 149 151 125 95 81 92 118 78 52 89 73 58 52 50 63 81 58 52 47 52
63 52 50 78 64 71 106 175 143 117 116 91 102 158 93 58 106 96 63 60 51 77 68 54 46 51 54
60 62 69 103 72 67 97 164 157 154 141 127 99 128 95 56 91 83 67 55 56 108 76 52 49 45 47
47 46 58 84 98 70 84 163 151 156 160 124 102 139 100 63 108 86 66 55 62 112 96 47 46 46 47
46 46 51 115 107 71 90 134 162 155 146 124 124 118 131 75 132 94 68 69 62 153 114 58 50 46 54
46 53 52 187 163 78 81 116 126 145 176 135 113 141 139 65 114 78 74 69 74 198 290 57 51 46 44
49 52 51 145 191 80 90 114 134 129 163 140 114 155 133 68 114 92 76 72 111 279 394 58 56 46 50
48 49 59 150 295 103 86 104 131 153 172 117 126 129 114 66 112 91 70 59 123 257 267 67 50 48 47
48 48 52 100 171 110 75 100 125 135 161 129 118 114 136 65 120 102 68 58 98 216 140 48 46 50 44
47 48 49 91 162 104 82 114 140 147 163 181 115 117 152 71 141 118 87 57 84 164 104 46 46 51 53
47 50 49 63 142 99 84 133 147 159 164 218 137 140 138 74 132 125 97 59 65 140 70 47 44 46 50
47 49 50 56 113 101 87 164 172 167 161 243 154 143 145 73 140 134 109 68 58 125 72 47 46 46 43
46 48 50 54 93 82 99 169 178 169 166 205 138 135 127 72 125 127 103 77 67 90 63 46 44 45 46
46 49 50 55 88 83 135 169 190 189 185 169 139 107 110 70 133 134 104 97 60 84 69 47 45 46 46
47 53 50 57 72 76 149 170 213 252 179 155 135 101 119 74 156 145 116 116 70 71 64 46 45 45 45
46 49 50 57 68 95 142 167 221 243 187 161 125 104 125 71 147 144 122 125 68 66 63 46 45 46 45
48 48 50 55 64 94 123 156 170 178 155 159 106 101 127 66 146 134 103 100 58 62 60 45 45 46 45
54 49 51 60 71 102 134 172 184 173 169 164 123 122 145 71 143 137 130 112 72 67 63 46 44 46 46
83 52 53 61 73 94 141 173 181 176 157 164 130 132 147 81 173 158 136 108 80 78 69 48 45 46 45
71 56 55 63 71 92 118 157 166 159 138 149 141 146 161 90 228 222 153 108 79 76 69 52 46 46 47
55 73 61 68 76 92 127 142 148 135 132 138 136 141 167 103 253 262 202 109 72 79 69 50 46 46 51
60 89 64 66 76 83 97 117 120 120 122 126 111 120 144 90 201 189 127 89 75 80 64 49 45 44 49
66 83 63 62 66 79 78 94 85 96 98 111 91 111 114 69 145 110 84 76 77 89 63 46 44 43 51
